81
2
80
1
relu
line
1
0
0.13499908
0.022903854
-0.1319765
0.0982343
0.015043437
0.13649933
0.07988632
0.07229584
0.1478439
0.026502062
-0.104847215
0.09474623
-0.0017077625
0.14974457
0.20340383
0.042390984
-0.039821435
-0.02120536
-0.034468733
-0.024427032
0.047432337
0.0663306
-0.09293802
0.20909691
0.118354194
0.011770097
-0.30506563
0.09461574
0.10670843
-0.024410704
0.18596844
0.121989146
0.07779993
-0.06904541
-0.07267913
0.17752436
-0.13903697
0.07361367
0.12263594
0.15289667
0.15017025
0.09439965
-0.31377953
-0.0998557
-0.054730702
0.24764226
0.07749426
0.03131205
-0.09161255
-0.08223932
0.043683503
0.21173476
0.050494935
0.06553597
0.0042977836
-0.19582006
0.17290324
0.14247604
0.16582659
-0.026681425
-0.088756286
-0.03402503
0.22482125
0.096704245
0.046179168
-0.13079731
-0.073769405
0.14897944
0.031340208
0.17454238
-0.03049676
0.15302198
-0.013897076
-0.029692464
-0.023398628
0.13449626
0.026964363
0.01264071
-0.0806465
0.04616465
0.1708975
-0.013789071
-0.13151553
0.036446054
0.17395079
-0.033365346
0.2795306
0.004461646
0.011005915
-0.04205821
-0.04358511
0.117206514
-0.05830273
0.06968864
0.013016081
-0.016258089
-0.002749718
0.34680587
0.2288094
-0.11509473
0.103576556
-0.18959415
-0.18958972
0.18975613
0.20919847
0.15705502
-0.011335263
0.055654693
0.17870153
0.06929985
0.1572349
-0.1032976
-0.05210318
0.21330173
-0.026932538
-0.055687577
-0.1701886
-0.081115045
0.07445432
0.19900066
0.08162817
-0.1486972
-0.34631655
-0.07579259
-0.047648143
0.06231799
0.025873374
-0.17965455
-0.031901557
0.055246077
-0.14719844
0.04606112
0.23552625
0.21153596
-0.032961152
0.18048237
-0.05073817
-0.13471583
-0.2657537
-0.08464559
0.14343774
0.16972898
-0.28557935
-0.07226542
0.027991643
0.12893921
0.08053371
0.13879788
0.067888394
-0.2887741
-0.3568238
-0.18278277
0.39315635
-0.14381106
0.01315476
-0.040745623
-0.08754069
-0.18822248
0.19450581
-0.037855495
-0.14295375
-0.04900851
0.017721685
0.0019098918
0.028637368
0.07518198
-0.18543564
-0.18846329
0.043557514
-0.15674332
-0.10540047
0.0036118368
-0.18988355
0.0036145234
0.14750487
-0.14325452
-0.046665605
-0.072585724
0.31905353
-0.2604073
0.21912622
-0.19795741
0.13287629
-0.16163075
0.016128676
0.09704657
0.25608277
0.13612299
-0.07406621
-0.005641405
0.29582494
0.013113992
0.14347954
0.45339912
-0.17137586
0.076773316
0.20046683
-0.19695282
-0.28446716
0.003040303
-0.009231682
-0.13185464
-0.2875683
0.014961434
-0.06803012
0.026554761
-0.12986867
-0.164697
-0.027082192
0.12146518
-0.22945257
0.2315884
0.02145906
-0.28263143
-0.11922229
-0.15232974
-0.0628312
0.09167241
-0.72505957
-0.04698851
0.045790482
0.2627028
-0.1423305
-0.104785934
0.119840585
0.073929265
0.21498807
0.21919313
-0.099921554
-0.32472774
0.09159809
0.058240443
0.32262123
0.052666962
-0.13350126
0.14216861
-0.009839046
-0.15882158
-0.16819175
0.094526
0.18196146
0.06532864
-0.16355868
0.07672937
-0.0088196155
-0.24474224
0.17360568
-0.10799485
0.05227391
-0.17068315
-0.06771608
0.16320808
0.040164232
-0.06307507
0.14069486
0.3347721
-0.11734854
0.12454003
-0.044325184
0.019614596
0.22661202
-0.027480979
-0.24277267
-0.042846244
-0.0031580178
0.03671157
0.20969386
0.23945802
-0.13386133
-0.04302981
0.048037957
-0.01613523
-0.030527959
0.13898079
-0.19187577
-0.20394146
0.25540087
0.27397683
-0.030468116
0.053979818
-0.14228885
0.26053828
-0.118582696
-0.31452352
0.02938123
-0.13371113
-0.015264151
-0.052599207
-0.15936902
0.16820405
-0.22066717
0.059984755
-0.1753579
0.18672277
-0.34611923
0.0376265
-0.050378323
0.18113995
-0.017692849
0.01512138
0.03566507
-0.07403121
0.014596053
0.17310679
-0.2919799
-0.11491742
0.1796527
-0.20624107
-0.29647222
-0.1291828
-0.2604955
-0.25702667
-0.06756432
-0.18352437
-0.034330323
-0.008224891
0.037518363
-0.18689609
0.10384782
-0.2716578
0.020558808
-0.21357152
0.07816655
0.13642046
0.1851947
-0.18059118
-0.12978192
0.084620565
0.064450055
0.08387834
0.00034893485
0.106879875
0.20917416
-0.022569109
-0.18345256
0.12760791
0.1793366
-0.18004596
0.22493188
0.09467838
0.14202271
0.14873996
-0.0430885
0.20213456
0.25725198
-0.20707859
0.16362216
0.110349625
0.018047722
-0.081011645
-0.239321
-0.052035764
-0.29768297
0.024242163
0.10928711
0.11682966
-0.04571324
0.32557622
-0.0817448
0.10545505
0.010702237
-0.23909193
-0.034547154
-0.21373272
0.26077032
0.16736862
0.018248845
-0.13005109
-0.23383564
-0.06321411
0.04711906
-0.17556877
-0.108542725
-0.23650491
0.07745438
0.19620956
-0.19152139
0.08008553
0.22345716
0.1121331
0.20233333
0.050979618
-0.15620984
-0.20719075
-0.1661953
0.0031995985
-0.0007100906
0.024423888
-0.45879748
0.19871107
-0.31251863
-0.012946397
-0.31644616
-0.0173927
0.031851843
0.08543001
-0.14085425
-0.12022387
-0.29697517
-0.23274061
0.2016105
-0.047854602
-0.2899731
0.13345715
-0.047649305
0.15138692
0.0022056764
0.09088716
0.23044479
-0.054173492
0.033950888
0.12969108
0.0057718456
0.15362386
-0.17151201
-0.2022691
0.15958323
-0.097649045
-0.06766779
-0.031606782
-0.009563633
0.03790614
0.09742778
0.06305157
-0.06367822
0.064119615
-0.07351787
-0.108444646
-0.1353575
-0.21648991
-0.2603567
0.20279944
-0.025375549
-0.10046756
0.04227453
0.075001985
-0.0962617
0.20790589
0.045252502
-0.08813425
0.18977614
0.2506035
0.15523294
0.058978617
0.25073135
0.07239319
-0.20260018
-0.020263948
-0.3964518
-0.16738649
0.29255286
0.19051127
0.14251348
-0.2732418
-0.10682367
0.029487435
-0.13704756
0.28467813
0.15230958
0.07262784
-0.121159114
0.17012395
-0.08421602
0.05563858
-0.0260774
0.093512796
0.007091362
-0.21970205
-0.37845868
0.062012777
-0.054486185
-0.12583129
-0.2506552
-0.06493281
0.14610392
0.20118465
0.040334944
-0.33597368
0.030650008
0.099357635
-0.0042056264
-0.11311639
0.29294345
0.07767106
-0.11933036
0.19986005
0.06572378
0.11633769
0.07038525
-0.32762408
0.06399804
0.03312985
0.052008063
0.22822677
0.050731096
0.022392394
0.12145723
-0.2016912
-0.115854375
0.2435396
0.18520485
0.071299724
-0.107998215
-0.08095412
-0.04947745
-0.099965
-0.10948483
0.07918038
-0.021198208
0.05013871
0.08060592
-0.15428433
0.019518565
0.14080682
-0.11307363
0.0027232766
0.10173716
0.17046762
0.056064647
-0.11476034
0.10045318
-0.011379036
0.17675301
0.09442103
-0.06855416
-0.029489705
-0.15955155
0.19526708
-0.36269146
-0.15497239
0.10205174
-0.06293238
0.13221428
-0.045654777
-0.061987318
0.07971693
0.2754942
0.0033549068
0.0062106955
-0.10575954
-0.09230804
-0.24080953
0.2679364
-0.03174509
-0.05931415
0.07863061
0.080632955
0.0026785303
-0.21399677
-0.11892247
-0.2897452
-0.01762514
-0.19686572
-0.11363266
-0.20081134
-0.132422
-0.2036067
-0.16958578
0.103276744
-0.20971309
-0.2249303
-0.050362583
-0.4158982
0.049406786
0.19137695
-0.19678196
0.08274288
0.07908531
0.14000425
-0.15069745
0.0190951
0.060361773
-0.13977276
-0.031234767
-0.29719943
0.11598786
0.21155117
0.050520293
0.17113698
-0.11029401
0.100202955
-0.19102581
0.02366732
-0.07210514
-0.37630638
0.010954211
0.24626338
-0.026617922
0.10177406
0.109798
-0.25805607
-0.14595068
0.36821315
-0.08241187
0.14582208
0.08638832
0.22957613
0.09513675
-0.03285397
-0.26978695
-0.34758276
0.023406046
0.07930778
0.10155511
0.18291265
0.08797163
-0.08861503
-0.01454999
-0.27433446
0.12850077
-0.3089579
0.11803353
0.112534225
0.0355148
-0.30247214
-0.019285876
-0.25304842
0.10991085
0.21063934
0.25974527
0.14353074
-0.047350496
-0.22379607
0.20419851
-0.4349148
0.20703954
-0.06197191
-0.02969082
-0.0958976
-0.0052100997
0.012964447
-0.051285356
-0.34431064
-0.21743852
0.11341338
0.31191006
-0.22068876
0.31145012
0.2335386
0.30464342
0.19580345
0.18916102
-0.28071913
0.30022648
0.21393155
-0.065813415
-0.108070284
0.16855848
-0.047010843
0.08755264
0.06269221
-0.12132584
0.25744843
0.1502986
-0.21139178
0.09023003
-0.23822261
0.05749686
0.039510995
0.14054406
0.1317603
-0.21514837
-0.18186273
0.06174089
0.0006009358
-0.0892556
-0.16891207
0.30631444
-0.01056849
0.06903628
0.06566377
-0.10205614
-0.37885788
0.056976944
0.076328345
-0.18984462
-0.013653444
-0.10612772
0.22119929
-0.2052707
0.06545053
-0.102865875
-0.18508662
-0.21497893
0.22438976
0.02031832
-0.1748637
0.016821167
-0.14824569
-0.20717344
0.19732173
0.1580752
0.09355312
0.18619686
-0.112266965
0.08256203
0.10452688
-0.094765134
0.14023799
0.019546736
0.057968635
-0.1319476
0.22945286
-0.10950975
-0.12402436
0.26302388
-0.19572517
0.016787669
-0.1036362
-0.10063282
-0.14063898
-0.16055141
0.09796435
0.1394847
0.10907322
-0.08224562
-0.0070190043
0.07058623
0.3078027
-0.14017755
0.08240501
-0.22734605
-0.0808962
0.098009735
-0.11496242
0.20945217
-0.15957743
-0.11753525
-0.17534554
-0.1621818
-0.044769708
-0.12229311
-0.09529328
0.108334236
0.17362452
0.16942134
0.094476126
0.2943999
-0.07170316
0.0475963
-0.014454493
0.18760613
-0.08283921
0.01208696
0.036421042
0.11254818
-0.0698468
0.10117019
0.1348728
0.20445448
-0.044825222
-0.13544425
-0.080937974
-0.2240385
0.026962876
-0.10106632
0.019725231
-0.8153579
0.08914366
0.08618389
-0.27233416
-0.022937534
-0.1576602
0.035314824
-0.26848367
-0.30201945
-0.030066263
-0.1121198
0.08612859
0.15472117
-0.08523545
0.026868088
0.23368195
-0.09384549
-0.49442455
-0.08265321
0.2732424
0.17133196
-0.13879497
-0.0024660523
0.18823704
0.045818433
0.03833941
0.08647898
-0.092614606
0.260663
-0.23659399
0.054884806
0.08840121
-0.09113223
-0.13852876
-0.25514925
-0.23622185
-0.23691341
0.09685165
0.25575358
0.12291312
0.23445375
-0.11182893
0.14823003
-0.0010214059
0.20218521
0.10925847
-0.019289088
-0.07692044
-0.060028728
-0.12237397
-0.08684169
0.32971588
0.08549701
-0.34757423
0.30877137
-0.13138206
-0.111878656
0.032640796
-0.06087838
0.2615348
0.049693592
-0.06561918
-0.106980145
-0.053747676
0.19526088
-0.024212781
-0.10586645
-0.11923232
-0.05329795
-0.1407469
-0.1332779
-0.0787582
-0.004101278
0.23758984
0.20391643
0.11300996
-0.26175365
0.106323004
0.07650672
0.031010846
-0.38021934
0.104192816
-0.025975423
0.23805003
0.21715838
0.36820278
-0.07568129
-0.0506307
-0.11934484
0.08618119
-0.0746125
0.11661885
0.06367629
0.07065281
0.01350166
-0.026022939
0.0076979673
-0.40725544
0.1654833
0.26800635
-0.07439303
0.120814554
0.06351939
-0.14380959
0.15946512
-0.060997143
-0.14003031
-0.02513583
-0.16223127
0.28722158
0.010469177
0.10492632
-0.23165227
-0.024084464
-0.17651019
0.014849725
0.24188186
-0.09149475
0.1907852
-0.016265165
0.13391459
-0.06821504
-0.06008862
0.025236858
0.1431619
0.35425538
-0.20945697
-0.0012063489
0.03287297
0.22921714
0.14762463
-0.27613395
0.12255002
0.2162964
-0.16485777
-0.094362825
0.12982006
0.036225207
-0.085460246
0.2716387
0.19425768
-0.2282708
-0.33261615
0.026739817
-0.16791463
0.253324
0.032897998
0.22736603
-0.025105806
0.06426365
-0.3072469
0.13723966
-0.19599132
0.0060408753
0.3280058
0.067864604
-0.58427817
-0.19874014
-0.14221233
-0.0014203781
-0.23620117
-0.037649214
0.09026271
-0.040975265
0.02950679
0.23921292
-0.114816636
-0.10948727
0.32878315
-0.09355164
-0.15874034
0.16913067
-0.13593984
-0.020995164
-0.11677292
0.16275679
0.21772926
0.06310247
-0.23050587
-0.049680404
-0.1274304
0.017338725
-0.026656123
0.31478465
0.15497936
-0.20545365
0.18450499
-0.07250226
0.35101032
-0.085060015
0.32851386
-0.06269919
-0.07075205
0.15268217
-0.21954341
0.18174505
0.25077808
0.08415233
0.010351273
0.15199187
-0.17356367
-0.25612262
0.014499618
-0.10700676
0.10543217
-0.42214352
0.053331137
-0.07481402
-0.2387403
0.05757744
0.20990652
-0.44259238
0.2608467
-0.024512526
-0.21252227
0.034531683
-0.17483713
0.07859851
0.17173512
-0.15890828
-0.2255389
-0.14686836
-0.082477316
-0.064205535
-0.13644898
0.1296961
-0.17906265
0.30276614
-0.004860029
0.13571177
-0.29066527
-0.24997877
0.07864157
-0.2877437
0.10097285
-0.121138126
-0.8118338
-0.11551782
-0.18845561
-0.16187811
-0.13200246
-0.28787702
-0.30329508
0.21910304
-0.11522826
0.0902209
0.07405068
-0.15270546
-0.33533245
-0.08447464
0.24931411
-0.062454432
-0.09843158
-0.22875299
-0.0042552464
-0.13365707
-0.10303223
0.4821096
-0.24153587
-0.26310554
-0.015773809
0.10454951
-0.1909091
-0.006890291
0.026023725
0.016266786
-0.1525906
0.17734568
-0.08315018
-0.38611764
0.38133496
0.077431016
-0.014233573
-0.3408783
0.1697835
-0.4224851
0.06625467
0.20242882
-0.11743214
-0.055013467
0.23821409
-0.52477336
-0.059061445
0.28863794
-0.19648772
0.181919
-0.17114323
0.34818166
-0.062052026
0.17727457
0.30448595
-0.014994162
0.07221117
-0.15707918
0.20073074
-0.0082362
-0.05778555
0.052427452
0.009666412
0.111912705
-0.33587274
-0.19553035
-0.12882441
0.09088908
-0.018481595
0.13740924
-0.11502669
-0.22739427
0.26275072
0.17621706
0.15492931
0.15270428
0.1783339
-0.10313993
-0.103882566
0.006451144
-0.10525082
0.21894902
-0.01388514
-0.46633273
0.007498563
-0.037092805
-0.15878132
0.073068455
-0.06343588
0.0046468438
0.22612208
-0.04255666
0.19335014
0.03307943
-0.09559445
-0.11177073
-0.2273938
0.25195205
0.0040143095
0.0857004
0.097011924
-0.0036075425
-0.19117549
-0.23633823
0.06406476
-0.034621183
0.18101822
0.12515455
0.030352172
0.12896967
-0.21608773
0.34779176
-0.1989645
0.17268327
0.30690402
0.3722559
0.091746405
-0.05351907
0.22473794
-0.11770469
-0.119641624
0.056187823
0.047318798
0.11241265
-0.039899766
-0.3363931
-0.21390726
0.30124632
-0.1530902
-1.0604109
0.050797895
-0.0601474
-0.31111148
-0.106973864
0.27853224
-0.28241542
0.18375699
-0.2522591
-0.12071666
0.10080406
-0.048377562
0.19502476
-0.2764108
0.066130236
-0.011429421
0.1316482
0.08019726
0.21236032
0.16517441
-0.16331784
0.22442056
0.042974696
-0.07786854
0.33437565
-0.1682083
0.2590885
0.0007019745
-0.51531416
0.045566965
-0.19333069
-0.14955166
0.04136959
-0.06303239
-0.22641797
-0.40529037
0.11792218
-0.21043785
-0.18527812
-0.09051297
-0.09870552
0.09596217
0.2538383
0.20275196
0.2744831
0.22501975
0.12245315
-0.051310696
0.14479306
-0.25816122
-0.15314011
0.35210222
0.090773575
-0.3465029
0.26406112
0.0656291
0.11895874
-0.19787511
0.006812843
0.101671584
-0.014486035
0.20791933
-0.16232349
0.07286974
-0.25428775
-0.10276718
0.19591706
0.21499364
0.61429787
-0.2259546
0.014592372
-0.05796649
-0.23209661
-0.31088802
0.031324197
0.22726882
-0.24672186
-0.17436954
0.086941734
-0.16308078
1.0457772
-0.23238918
0.2609652
-0.008100991
0.23376969
0.03396059
-0.29986823
-0.010822639
-0.11107254
0.31057513
0.10108745
-0.04289782
-0.116036594
-0.12583704
-0.26624927
-0.6353242
0.12667574
0.14992179
-0.070912436
0.049438342
-0.22208317
0.006672389
0.07014903
-0.23870331
0.18457146
-0.2332606
0.18410979
0.12102115
-0.8288729
0.13420793
0.070572026
-0.110139534
0.05142598
0.07483679
-0.347971
0.013494119
-0.22249545
-0.391305
-0.018607754
0.09473261
-0.06706743
0.10401213
0.04201845
0.17842694
-0.056810472
0.17175817
-0.13696522
0.16549945
0.22957706
-0.28426936
-0.048397884
0.18580887
0.40262944
-0.31850392
-0.1161117
-0.1296581
0.054696165
0.14736974
0.06741922
-0.21576218
-0.21929836
-0.25126344
0.20479596
0.12061688
-0.12851462
-0.17626803
-0.20051165
-0.035026174
0.21481147
0.12508683
0.29666796
0.057214662
-0.19138859
0.2750644
0.05587808
0.11070183
0.21813662
0.31113684
-0.08443517
0.11021298
-0.33847755
-0.0819901
0.040070757
-0.19194779
0.23208617
0.011407615
-0.25478613
-0.15055984
0.10232154
0.27510795
-0.17318323
-0.20251116
0.12303786
0.027227435
0.13866706
-0.24627945
0.13497719
0.2797948
0.05886123
-0.20080578
0.00912551
0.055082556
-0.29124442
-0.004181251
-0.008373093
0.009389461
0.080258995
0.21223171
0.02210495
0.110032715
-0.6808557
-0.08257078
-0.122610465
0.09014495
0.28172028
-0.023458555
-0.23621602
-0.09264817
-0.4511202
0.026948795
-0.04650144
0.0451971
0.033312403
-0.13909675
-0.1929736
0.13482328
-0.009940046
-0.04000526
-0.06636397
0.09320361
-0.15902466
0.07832439
-0.06054068
-0.15637308
-0.27721173
-0.10064645
-0.04151307
-0.14714195
-0.20582467
-0.033304658
-0.24926393
-0.21796426
-0.05217727
0.021682337
0.16492943
-0.045540776
0.056362517
0.20068525
-0.08870978
0.018346883
-0.12138644
-0.12515827
0.15577121
-0.0104117375
0.100639105
0.04608895
0.07180727
0.274471
-0.008922378
-0.099838376
-0.038288563
-0.036631335
-0.21753238
0.10071808
0.02532689
0.16183367
0.10109885
-0.10747098
0.061553486
0.27515048
-0.13261865
-0.17701451
0.0859523
-0.009443122
0.13404173
0.28349042
-0.109464414
0.20664021
0.12401764
0.29262173
0.02192323
-0.22357407
-0.12627865
-0.084769264
-0.1590771
-0.018664408
-0.16032265
-0.088428795
-0.37680978
-0.37912917
-0.4000529
-0.21238445
-0.047776964
-0.26815552
0.33513892
0.01570314
-0.20128413
0.1981423
0.17936996
0.101058744
-0.15300144
-1.3273332
0.23025258
-0.01765445
0.06653301
-0.22509795
-0.44817862
-0.030473404
-0.0065157497
0.026826456
-0.14033113
-0.13158883
0.36733463
-0.035137177
0.09062638
-0.097545385
-0.106618814
-0.2405702
-0.24181223
0.030439388
-0.20771177
-0.13804685
0.026774665
-0.08848373
0.0689935
0.025191752
0.10665438
0.08188391
-0.024520213
-0.19109406
-0.13014911
0.13063116
-0.24010283
0.34160578
0.25410652
-0.056982294
0.14840874
0.16584164
-0.011974388
-0.32206377
-0.290127
0.052345112
-0.08614208
-0.0069388733
0.00955564
-0.09073108
-0.16906261
-0.22673745
-0.12447469
-0.040796433
0.16385481
0.03775332
-0.18919297
0.3121467
0.27784428
0.27794182
0.18163562
-0.038445387
-0.21640186
-0.21983534
0.027665135
-0.086222656
0.35816392
-0.032958083
0.22857381
0.17367412
-0.065443344
-0.0041856575
0.012389655
-0.0015125212
-0.13322149
0.10430573
-0.040241204
0.2194103
0.07546249
0.062024407
0.06935513
0.28275806
0.19738029
0.01632318
-0.765671
-0.14908428
-0.021151211
-0.27594826
-0.26252365
-0.3568791
-0.19999506
0.044147648
0.067665435
-0.16019394
-0.14472982
0.13894756
0.13177772
0.34809476
0.18662873
-0.0961604
0.1753901
0.1689685
-0.049308043
0.046728663
0.12350697
-0.12521018
0.021508059
0.23029922
-0.2973476
0.13535959
0.03542902
-0.3322962
-0.03033073
-0.088228345
-0.2068763
0.13552664
0.26038027
0.17881751
0.28494233
0.109741345
-0.2262051
-0.092273004
0.27341828
0.15669674
0.14845805
-0.18175764
-0.27309245
0.16614243
0.22242223
-0.23131453
-0.1640337
0.10194658
-0.085561775
0.004113517
0.012011021
-0.27155086
-0.011112068
-0.16847001
0.0037122471
0.042547572
-0.2288199
-0.08842149
0.13020635
-0.16291516
0.21998249
0.30781677
-0.14518285
0.28255537
-0.17613591
-0.18609622
-0.16809513
0.19959714
0.32689282
-0.060683306
0.079214394
-0.12955984
-0.033957817
-0.14915988
-0.15682027
0.2076614
-0.28357887
-0.015792299
-0.25686795
0.012526561
0.5718418
-0.3166582
-0.25559187
0.1689933
0.0033285208
-0.00040181386
0.089413784
-0.0013264306
-0.10130291
0.22386722
-0.050045546
0.17505687
0.1680964
0.25927192
0.22121763
0.2843264
-0.009316516
-0.10082892
0.14910595
0.1215155
0.1344801
-0.060578465
-0.11154343
0.31262478
0.27755734
0.23842362
-0.0046627177
0.057383608
0.06987126
-0.1080219
-0.08142032
0.16267696
0.2636467
-0.12399041
-0.20220011
0.039828673
-0.008657578
-0.088673875
0.22227463
-0.20027086
0.10339213
-0.09809661
-0.18514936
-0.19691335
-0.13110137
-0.020140639
-0.6548045
-0.16371685
-0.102549896
-0.086168386
-0.26563215
-0.124905944
-0.00051725464
-0.10068949
-0.10712388
0.14779426
0.10297686
0.040251665
0.10460539
0.17255342
0.31025496
-0.25123936
0.018474419
0.28786454
-0.03377109
0.047010634
0.23805806
0.020456757
-0.17694832
0.038678423
0.027680036
-0.11609736
0.35008088
0.2623795
0.11680188
-0.40267673
0.033895686
-0.29737234
-0.06394135
0.14556722
0.21969645
-0.21927594
0.13249063
-0.11846934
0.41501233
0.29300407
-0.017233301
0.17476213
0.015135173
0.024833513
-0.1712919
0.1597876
-0.06425406
-0.2228188
0.082600236
-0.07391805
0.020824488
0.07784546
0.27864125
0.1894393
-0.23979789
0.16739672
0.22417265
0.09244061
-0.0066126348
0.021834921
-0.11959782
-0.07036298
0.5168822
0.19575655
-0.31707397
0.37199262
0.1962076
-0.3856494
0.027868442
0.09576828
-0.45065454
0.22351946
0.074502006
-0.25089258
0.50861466
-0.31833288
-0.1083132
0.06367548
0.2514204
0.18973726
0.22215565
-0.038423542
0.0963916
-0.060846284
-0.2703956
-0.01178392
-0.2376772
-0.08956363
-0.06406138
0.05761119
0.10810193
-0.050116908
0.022762815
-0.028949521
0.18326741
-0.1700968
-0.1778408
0.13024437
0.4734859
-0.21882614
0.07959819
-0.11051082
-0.24991357
-0.26016027
0.36207026
-0.12606122
0.03545595
-0.1924295
0.17131819
-0.0023374725
-0.03450653
-0.35352328
-0.048068408
-0.17190777
0.33225596
0.010585666
-0.009033184
-0.25335795
0.34624216
-0.1932497
0.15462857
-0.15291281
0.0805166
-0.11963588
0.0039947685
-0.005858788
-0.07543247
0.093114585
-0.14792569
0.101902924
0.44266602
0.2463275
0.31940803
0.1121565
0.10534391
0.06031072
0.33674377
-0.024355194
-0.0071560843
-0.16715352
-0.17845608
0.1657116
0.006066217
-0.04015319
-1.1298763
0.34555894
-0.039862443
-0.0711915
-0.05594374
0.28416097
-0.21493274
0.27351695
0.16093886
-0.025290927
-0.124066785
-0.20500943
-0.04579528
0.22461331
-0.07175532
-0.13576178
-0.24841802
0.118581325
0.04748822
0.12988956
-0.19341332
0.17366496
0.06683161
-0.4213719
0.035135403
-0.2662975
-0.08215115
-0.30653736
-0.021057295
0.24717094
0.008101803
0.19829085
0.06902495
0.2061264
-0.12956557
-0.0628999
0.12110495
-0.35980344
-0.19068778
0.09749343
0.05273659
-0.47777998
0.062272348
-0.03972654
-0.3005683
-0.2413334
0.020730598
0.12793326
0.3905303
-0.029120887
0.14709374
-1.0601883
-0.20789286
-0.07066182
-0.093415655
0.0954489
0.25486824
0.10664636
0.12678324
-0.23194991
0.05313366
0.218459
-0.26336604
-0.04333163
-0.17586975
0.22023524
-0.20401269
0.12336011
0.0027643421
-0.1350064
-0.111266285
0.10757759
0.10772327
0.072515935
-0.033974845
0.14775069
0.37711787
0.120278
0.21193129
0.11667767
0.7675948
-0.051552832
0.27053455
-0.16902515
-0.26940012
-0.061765615
-0.31220245
0.20827684
0.22691694
0.11363929
-0.113792695
0.041702863
-0.09441532
-0.09263338
-0.022590466
0.26267022
-0.21319164
0.25684333
-0.05470872
0.38716942
0.1568155
0.061683394
-0.18175666
0.11753285
-0.07462575
0.054855417
0.0034053866
0.12353909
-0.23083526
0.24994788
0.037323065
-0.036840346
0.15628913
0.09007119
0.06604879
-0.15928131
0.16815193
-0.1098719
-0.20019838
-0.23128715
0.05338475
-0.292647
0.18958963
-0.032025162
-0.21309268
-0.18552163
0.1642065
-0.086043954
-0.21509029
0.23888977
-0.14522073
0.02746284
-0.17908928
0.016300708
0.052568242
0.1188595
0.3834546
-0.17440505
0.2830207
0.14056201
-0.19039083
0.060333967
0.37023526
-0.03210573
0.10787761
0.030111082
-0.12028635
-0.2784094
-0.16970454
-0.04976446
-0.08092581
-0.2687458
0.21843544
0.16170019
-0.18607642
0.1892974
0.104274504
-0.24347223
0.33955055
-0.118060835
0.08930141
0.014912555
0.12085785
-0.0744447
0.12776884
0.35817698
0.09644509
0.16893299
0.30824405
-0.3415686
0.2098494
-0.17871326
0.08158994
-0.26275307
0.07488882
-0.119560614
-0.37270102
0.2564124
-0.029336665
-0.14741771
-0.13637795
0.23200478
-0.23994213
-0.1391758
0.116400585
-0.2231512
0.070773855
-0.005034372
-0.13316505
0.20122884
0.111539036
-0.12282041
-0.25061318
0.32194763
0.4260757
0.069321506
0.056046754
0.17349516
-0.5919979
0.10319071
0.7913914
-0.2963086
0.26135164
-0.2272831
-0.9436687
0.1872693
-0.14929739
-0.35487005
0.84312665
0.16588563
0.009805592
-0.24837773
-0.085626625
-0.20681171
-0.1989632
0.054587904
0.0009958073
0.27398977
0.12724346
-0.24517289
-0.33206797
0.006426554
0.13338672
0.057015408
0.09994071
0.11191654
0.16433069
-0.006518182
0.12668587
-0.27241686
-0.29107916
0.027549595
-0.14989693
-0.2409811
-0.35845792
-0.094378516
0.28497568
-0.20937763
0.1271361
-0.20679235
0.23365197
-0.11104683
-0.004869241
0.12946308
-0.21023186
0.12317354
-0.04554499
0.044694025
-0.12442197
0.2911846
-0.382375
0.04638841
0.25492564
-0.21343757
0.12303824
0.24739207
-0.04571618
0.13718833
-0.03725381
0.0002118795
-0.010558069
0.086289816
-0.018384619
0.0077318246
0.09265852
0.13764708
-0.07372867
0.15210167
-0.11526027
0.26221606
-0.05683418
0.11561679
-0.14307041
-0.03361548
-0.034702994
-0.13078472
0.032729562
0.23416859
-0.2050127
0.20561492
0.3418142
-0.32669082
0.1869471
0.1164512
-0.014581671
-0.049173396
-0.028592529
0.12302646
-0.7723549
0.22326146
-0.11929614
-0.6531145
-0.24882776
-0.20998272
0.23366533
0.16584548
0.028427174
0.19230714
-0.2352637
-0.10734762
-0.016328067
0.23993315
0.07769842
-0.23329309
0.13287872
-0.20549703
-0.17261633
0.09080324
0.07905075
-0.32221234
0.24237657
-0.0029287934
0.0083373
-0.047391213
0.022961238
0.17759004
0.09473335
0.0041827057
0.031078171
0.080604956
0.21781644
-0.22760004
0.095351435
0.047921814
0.2388393
-0.28176984
0.051171727
0.21728274
-0.048449427
0.27252552
0.031432495
-0.12029625
-0.38542438
0.1164254
0.20022626
-0.17741539
-0.24402319
-0.3767001
0.049670562
0.14677438
-0.23800929
0.113364324
-0.25479433
0.23869371
-0.1353262
0.0757648
0.11107079
-0.07234408
-0.026810642
0.18598287
0.0655681
-0.071496926
-0.077841714
0.111404955
0.18282682
0.24809583
0.29423502
-0.09818423
-0.27949882
0.08156573
-0.70071185
-0.1588381
-0.18694004
0.08993781
0.454683
-0.028112704
-0.19671085
0.25947747
-0.6615836
-0.10955355
-0.16233772
0.10186429
-0.027171012
-0.22742552
-0.0069346502
-0.14229846
-0.38326913
0.052342054
0.14322197
0.10034164
-0.07934313
0.05611548
-0.0965794
0.011079519
0.07346209
0.16045228
0.11347676
-0.14693063
0.09342583
-0.122326784
-0.06807728
-0.19882542
-0.2688435
0.034578737
0.13049707
0.10487879
0.10775378
0.18846364
0.0369858
0.13918506
-0.22721021
0.050872292
-0.0011192166
-0.0784915
0.30438784
-0.2779842
0.05224595
-0.20029397
-0.050842173
-0.1951133
-0.000104090286
0.23278123
-0.08388161
-0.12578483
0.13910635
0.1433132
0.014253981
-0.027235076
0.1411023
0.09585107
-0.2665179
0.19290246
-0.24587508
0.27989712
-0.19919156
0.10488639
0.27763557
0.1477417
-0.13232486
-0.116851546
0.14626326
-0.019837745
0.23924346
0.06757111
0.13544539
0.012167439
0.26900193
0.11678459
-0.027486881
-0.04264574
-0.10908571
-0.15017518
-0.28148106
-0.19628672
0.18520862
0.18626621
0.1383819
0.17766175
-0.3198321
-0.1229893
0.21905267
0.030530516
0.11255844
-0.24394263
-0.22259091
0.08638288
-0.14796977
-0.26883435
-0.06891616
-0.24950875
-0.06095945
-0.050066255
0.3417503
0.2997284
-0.059474546
0.25805032
0.029362205
-0.04298608
-0.04884252
0.1820936
-0.039217077
-0.2580734
-0.30075574
-0.006562647
-0.009318232
0.21841528
0.14117482
-0.24062137
0.14069
0.08024651
-0.25833187
0.06959627
-0.011070121
-0.27417552
0.11951217
0.019893643
0.16227928
0.19814323
-0.059172235
0.3981361
0.15925185
-0.4678762
-0.09664349
-0.16157737
0.046455316
0.23562527
-0.18965635
-0.17391759
-0.3247204
-0.22722276
-0.22978431
0.0062469076
-0.24828418
-0.2007771
-0.2551673
0.26390716
-0.287087
-0.2134779
-0.14598039
0.11508971
0.03161231
-0.037553433
0.11351406
-0.13940893
0.15902135
0.27210957
0.044363007
0.056407705
0.2025768
0.05469645
0.078242436
-0.29370925
0.0978213
0.193926
-0.032672163
-0.29308292
-0.27862558
-0.091873184
-0.0306662
0.31350657
-0.6219956
-0.3339267
-0.13173354
-0.112031095
-0.1522674
0.15837355
0.058687266
0.101367146
-0.12047482
-0.08309421
-0.053053994
0.18686529
-0.21340609
0.2737541
-0.25187546
0.19809154
0.082857065
0.106850296
-0.047160234
-0.22668107
0.2379583
-0.12141383
0.10729961
0.16761272
0.08115729
0.087317936
0.18065852
-0.031836756
-0.09954876
0.052605286
0.1185305
-0.07017548
0.22162253
-0.2455778
-0.27686486
-0.19561997
-0.3604824
0.29001933
0.12201477
-0.4526258
-0.04315717
-0.3106939
-0.19498469
0.07368234
0.0070142075
-0.094544105
-0.010207749
0.18417862
-0.13223545
-0.17915015
0.09681663
-0.04530465
-0.12942901
0.008222177
-0.15829803
0.25901127
-0.101414606
-0.012501087
0.3559739
-0.045768376
-0.079017214
-0.13071845
-0.012674553
0.26555115
0.1314954
-0.24517621
0.062146008
0.15492319
-0.031696044
-0.04594136
0.14901407
-0.39078188
-0.15164033
-0.26912472
-0.11543881
-0.13949479
0.15194376
0.1517739
-0.12611668
0.13734744
-1.3010389
-0.3065751
0.022526296
0.1250267
-0.024934
0.24942726
0.016001614
-0.21054606
0.05295235
-0.18386523
0.026885638
0.26074225
-0.13039775
-0.14558692
0.023214975
0.24265218
0.19756348
-0.0069090724
0.022422208
0.1737386
0.2390595
0.10492155
-0.005613756
-0.31261307
-0.12026084
-0.027099904
0.08456548
-0.091017984
0.25830677
0.16332884
-0.23293352
0.12846154
0.21779028
-0.13090706
-0.16537727
0.06413871
-0.02035617
0.27837026
-0.21019997
-0.3038055
-0.5113694
-0.3324114
0.10072824
0.022142982
-0.21150428
-0.07715406
0.026040452
0.025228722
0.08733403
0.028085833
-0.0018402636
-0.039183337
0.12549916
-0.16355672
0.08554408
0.030653358
0.30543986
-0.1281825
0.05248724
0.13961112
0.16979893
0.07031129
-0.16705689
0.09955179
0.23016119
0.24566452
0.23827367
-0.019731008
0.40727666
0.023961151
-0.15666878
0.5719531
0.13790637
0.027500141
-0.039087597
-0.04251763
0.035683386
0.02816168
0.28823796
-0.02902241
-0.08182074
0.015818179
0.26931208
0.2426295
-0.05343776
0.014210499
-0.1449184
-0.020418895
0.10835743
-0.16761334
0.21201265
-0.28182662
-0.90928435
0.056675788
-0.1261382
-0.10017364
-0.80631393
0.049452066
-0.26084158
0.24485235
-0.19509505
-0.095566064
-0.017821409
-0.13560583
0.11953728
-0.021365711
0.02614108
0.4559742
-0.0551076
-0.17712167
-0.5959595
-0.16471453
0.19462769
0.06370508
0.35273787
-0.13995945
0.10972883
-0.24919851
-0.18918249
-0.03590865
-0.0021123665
0.03143874
0.21061407
0.42807764
0.003996367
0.10119994
0.22410862
-0.20344028
0.13260257
-0.12132755
-0.09691921
0.10813406
0.09884416
0.13441955
0.09047166
0.30614305
0.28992394
0.06585295
-0.08429137
0.016146034
0.11419621
-0.16446555
0.06899443
-0.24725641
-0.30404645
0.23820747
0.31455675
-0.20003913
0.26256803
-0.33831853
0.060144927
0.19370362
0.19064409
-0.113734424
0.00023685914
0.27277592
-0.21191289
0.0075948695
-0.22683935
-0.07731289
-0.2374218
-0.6969616
0.26738542
-0.041743245
0.16777615
0.27873534
0.01520973
0.12989211
-0.26278037
-0.1710399
0.100805834
-0.2671622
-0.24748473
-0.21009912
0.20692818
0.034037206
-0.4935793
0.15431328
0.091907345
-0.11039631
-0.17233546
0.14390615
-0.33228046
0.19022524
0.17311932
0.119869694
0.33755422
-0.20309594
-0.20382404
0.17631549
0.43393978
-0.05708334
-0.08651256
-0.0307658
0.113067046
0.070208475
0.2012584
-0.043786667
0.019234344
0.43698767
-0.094929524
0.09532609
0.16850673
-0.4114379
0.10616927
0.08413731
0.009377546
-0.12030974
-0.03934109
-0.10641157
0.16387188
0.21941134
0.23694558
0.022974778
-0.12124088
-0.30568314
-0.15545186
0.2410163
0.32190216
0.1608903
0.12476914
0.11353161
0.3303597
-0.24952792
-0.13169943
0.25968683
-0.21155109
0.017673519
0.2658061
0.04624537
-0.7193878
-0.23952365
-0.22352289
-0.064664684
0.6128182
-0.25618798
-0.16981262
0.14342678
-0.41189688
-0.21686922
0.08484215
-0.3418009
0.11630382
-0.44618863
0.07933914
0.09714499
0.8486572
0.05927335
-0.22465055
-0.25956982
0.16073036
-0.20148364
-0.44170463
0.16314583
0.27719116
-0.058925204
-0.2674704
0.11942529
-0.13930504
-0.2957361
-0.1399312
-0.19508871
0.009443209
0.18767036
-0.19821195
0.16001089
-0.024817433
0.005264765
-0.23000345
-0.046002235
-0.4359847
-0.085531816
0.1703384
0.0010010309
0.06999178
-0.12113912
0.09983227
-0.03799255
0.10000756
0.21969287
0.26828453
-0.12898941
0.27185547
-0.1781585
-0.2870169
-0.13739112
-0.1762487
0.041947436
-0.27148473
0.11594357
-0.015187085
0.01648387
-0.18286537
0.14846891
-0.26023033
-0.92483866
0.17095602
-0.2796135
0.210994
-0.20518914
-0.06042715
0.27093345
-0.27806357
0.23467909
-0.12136852
-0.17857361
0.022738922
0.081385456
0.0004072147
0.14967214
0.11740823
-0.078466944
0.077782094
-0.27348614
-0.7804131
0.05395027
0.17214662
-0.105626546
-0.77502495
-0.04198232
0.40702975
-0.09399363
-0.13066566
0.077770144
-0.23714268
0.33993393
0.33823818
0.37572697
0.1110868
0.13906159
-0.14390983
0.24274446
0.076621406
0.1508442
-0.056862753
-0.28984287
-0.12088684
-0.19057786
0.051587783
-0.3096985
0.07887722
0.17659634
0.18651763
-0.0553063
-0.20159012
0.2807502
0.06112854
0.04094276
0.24908414
0.013055485
-0.20426863
0.17505276
-0.10651812
0.054634146
-0.031259254
0.41338158
0.34931317
0.06833779
0.20083
0.07344631
-0.032543097
-0.063750595
-0.17877626
-0.40046433
0.20541106
0.32614508
0.1698878
0.39956218
0.12335246
0.15383692
-0.13378245
0.26455784
0.15084544
0.0161171
0.148201
-0.27738887
-0.12084091
0.013368112
-0.29159436
-0.18649851
0.14179525
-0.16409494
-0.0059533743
-0.08348553
-0.1655349
-0.1496231
-0.29928556
-0.23440902
-0.2948438
0.40243056
0.13017757
0.0990045
0.12111655
0.23893489
-0.15483752
-0.080872335
0.07401062
-0.1830661
0.40071636
-0.07066668
0.19140546
0.1497557
-0.0811333
-0.047272105
0.16896175
-0.013276525
-0.010100747
-0.044672903
0.32314894
-0.061085768
-0.26270357
0.16304438
-0.021064317
-0.28279516
0.07801
-0.08617192
-0.035493292
-0.38307965
0.1950754
0.13998516
0.22446656
-0.010022551
0.20750548
-0.17771572
0.1099187
-0.14597584
0.056915198
0.22693661
-0.19566269
0.011177454
-0.25852883
0.40936658
0.19038838
0.26209944
-0.071018934
0.02241622
0.14660616
-0.12070877
-0.0084896
-0.16795345
-0.0933406
0.34803048
-0.16343349
-0.20948856
0.140242
0.14941041
-0.017853422
-0.11893463
0.14422014
-0.013452269
-0.016441971
-0.05961603
-0.21809432
-0.1697015
-0.09069067
0.6491319
0.14022043
0.20352821
0.050310884
0.105515204
-0.23066537
-0.0013559947
0.15304446
0.24341238
0.09833075
0.08146634
0.12103723
0.11759379
-0.05272068
-0.051400304
-0.20659266
-0.24856949
-0.035695866
-0.11920511
0.08254202
0.06287244
-0.02999304
0.36471334
-0.18191735
-0.17895254
-0.13025607
0.053390354
0.053163376
0.08464384
0.14849171
-0.059491552
-0.37056547
-0.084136166
0.08466701
0.03341545
0.13783938
-0.026295098
0.0565392
0.11564773
0.23678803
-0.09518124
-0.119435854
0.002094262
-0.2334299
-0.22510472
0.05113937
-0.19546649
-0.32477054
0.24790093
0.010720953
0.18511623
-0.13481027
-0.43142277
-0.040862747
-0.09208374
0.10992635
-0.028620308
-0.17145094
0.13710792
0.30946538
0.16180795
0.096964516
0.038830914
-0.16445948
0.09190439
0.1390578
-0.3371985
0.16565345
-0.3165103
0.2005332
0.121891014
0.1294601
0.12253477
0.2349218
-0.17769483
-0.06489925
-0.18178016
-0.0842831
0.2332339
-0.2356888
0.12891853
0.2097761
-0.055137277
-0.23209137
0.12571867
-0.2401168
-0.1397488
0.17515421
-0.12917441
0.16991995
-0.23305711
-0.00053913885
-0.30431524
0.28309283
-0.08877545
-0.022784837
-0.15447597
0.20648159
-0.11918892
0.116541244
0.057690494
0.22646596
0.31791022
-0.079065666
-0.10949314
-0.09481386
0.098563366
-0.05106732
-0.25629467
-0.028788747
-0.30869555
-0.13842012
-0.22400607
-0.2253757
0.16730933
-0.0106272325
0.17657375
-0.24000135
0.18941791
-0.04557622
0.35750288
-0.2916838
-0.11304388
-0.12731491
0.14267272
0.009305473
0.11658198
-0.28416586
0.113668144
0.21336798
-0.027865393
0.021812987
-0.4543274
0.06476035
0.1815468
0.016950326
0.0025208872
0.16030274
-0.051566232
0.16961947
0.07457158
0.049327094
-0.22487104
0.09262394
0.07708478
-0.29697332
0.009936125
-0.06787594
-0.087044775
-0.27053967
0.24187388
-0.29859164
0.062140428
-0.168004
-0.31489035
-0.17254661
-0.029020097
-0.038638517
0.021914613
0.007199574
-0.3872833
-0.3605352
0.2054063
-0.22672734
-0.13915205
-0.07340186
-0.12768976
-0.31303355
0.1429231
-0.0033181245
0.11950224
0.06611417
-0.1503983
-0.09304203
-0.12383897
-0.13210543
-0.045732263
0.3110635
-0.07068329
-0.032345645
-0.13139077
-0.046782393
-0.10314203
-0.10625547
0.24633567
-0.08495183
-0.1583989
-0.16522485
-0.15472685
0.035735536
-0.07826935
0.1587728
0.33049256
0.24467972
-0.17078578
0.037657954
0.20086145
0.028600117
-0.01997713
-0.2795572
-0.04056003
-0.10851664
-0.075102165
-0.025161834
0.14899358
0.05266704
0.0950225
0.23453411
-0.064380966
-0.03708532
0.09056865
-0.22648562
0.12524368
0.22862417
-0.15081348
-0.28313962
-0.0921013
0.12712511
-0.23324533
0.14593193
-0.014708758
-0.07679056
-0.112239994
-0.04992089
0.071682274
0.057132423
0.15893835
-0.21727256
0.16874243
-0.33414796
0.16579953
-0.2862813
0.23060706
-0.40642095
-0.28071827
0.13200188
-0.28207207
-0.04397646
0.058792874
-0.31018126
-0.09179652
-0.21378118
0.14942318
-0.107127674
-0.07212143
-0.015780276
-0.20331019
0.035531793
0.036515582
-0.033293314
0.11261696
0.070611455
0.0065134154
0.10524493
0.023770295
0.029795159
-0.36755005
0.3527346
0.027291318
-0.027712904
-0.07594325
-0.024094747
-0.011518544
0.06529444
-0.032565854
-1.5517093
0.12435855
0.032220233
-0.15179737
0.07333349
0.12277352
0.1275342
0.0044046985
0.25127047
0.13521166
-0.041733358
-0.037827764
-0.01107267
-0.18175064
-0.24117418
0.048490535
-0.16350666
0.13189287
-0.06644161
-0.3027701
0.050757773
-0.20095631
0.27664217
0.08759823
0.0004849252
-0.14280836
-0.3333696
0.37937376
-0.3732288
-0.25560537
-0.0002937409
0.19981761
-0.061272874
-0.2853135
-0.25959143
0.30050975
-0.109310664
0.2137771
0.14147045
0.021251027
-0.019300582
0.21423857
-0.19589654
0.23604858
-0.2764994
0.05477857
-0.17848371
-0.10437196
0.3817597
-0.075993285
-0.10570943
-0.16976841
-0.24969892
0.30025795
0.11067133
-0.02006025
0.15965618
0.30775753
0.13101196
0.09035108
0.127265
0.26185632
0.3147871
-0.07474327
-0.23550008
-0.058122955
-0.075576626
-0.13141534
-0.12844276
0.30530548
-0.19715674
-0.22823253
-0.32648435
0.14659773
0.035033498
0.32074806
-0.0047048633
0.17940149
-0.026048046
-0.05056003
0.6814291
0.009593675
-0.0868081
-0.090547755
-0.3109258
-0.21590926
0.09740465
0.3209105
-0.014454359
-0.08994405
0.13895376
0.0965161
0.0373901
0.17040884
-0.08368985
0.34418944
-3.030454
0.06327243
0.0056088422
0.28048202
0.04554874
-0.07545599
-0.05345995
0.13683952
0.28739685
0.039793972
0.058811072
0.214829
-0.2092758
-0.14127551
0.13643536
-0.38414106
0.06937551
0.045152396
0.26317534
-0.24417584
0.141175
-0.2143127
-0.071654186
0.18172301
-0.20753491
0.16652972
0.13112679
0.3037823
0.04764897
0.0120274285
0.013187484
-0.14492215
0.019620825
0.058418535
0.06580356
0.13122465
0.068773076
0.027208248
0.1847396
-0.02110612
0.21250065
0.076721765
-0.108379364
-0.13437904
-0.18827175
-0.11140234
0.2102875
-0.036813173
-0.37713116
0.06672557
0.3137528
-0.029444601
0.22493324
-0.56693786
0.19043133
-0.0032628165
-0.1865337
0.07116733
-0.05480307
0.1858942
0.23967962
-0.022851553
0.066337205
-0.2394955
-0.088239
-0.06606425
0.3360708
-0.0739532
0.0077453004
0.07520648
-0.17021912
-0.11611589
0.09630171
0.04827928
-0.025130343
-0.23346147
0.19168295
-0.11549506
0.30290866
0.16836554
-0.0053741755
-0.030327637
-0.46318173
0.12451727
-0.16180661
-0.070982136
0.0902657
0.026974207
-0.11536314
-0.1143017
-0.15027602
-0.047797438
-0.3142273
-0.26240063
9.430355e-05
-0.14027694
-0.14158767
0.33735347
0.02393073
-0.0309607
0.009921169
-0.24206002
0.12391813
0.20938472
0.049629692
0.35895857
-0.0027908748
0.017598504
0.12311743
0.0732018
0.102788605
-0.35105723
0.10994985
0.09938886
0.19384757
-0.024051823
0.049860172
0.040838957
0.38857254
0.69837296
-0.04006412
0.13265717
0.27976474
0.2643358
-0.056389205
0.26736268
0.18325968
-0.011776328
-0.32255396
0.023797957
-0.02391793
0.17576721
-0.042239
-0.12842315
-0.21998943
0.044475686
-0.2879754
-0.19081815
0.18835746
-0.06666111
-0.016438557
0.12680839
-0.21665533
0.19108477
-0.2864748
-0.13682342
0.25209114
0.2780369
0.17646694
-0.2067075
-0.2562744
-0.16400306
0.09024305
-0.23240903
-0.040474754
0.03614375
-0.16569272
0.028809052
0.3619073
-0.01049861
0.001471844
0.19852506
0.006447905
0.12263716
-0.12342777
-0.21389486
-0.3405324
-0.27163908
0.18887411
-0.22045238
0.27388617
0.16416514
-0.1611534
-0.28693
-0.07728997
0.02359921
-0.08108474
0.045169264
0.4028655
-0.23329128
0.17852096
0.044137765
0.04356
0.06658898
0.33406734
-0.20709908
-0.17339374
0.14436048
-0.014558785
0.15864596
0.25217393
-0.036884937
-0.08989317
-0.0003604476
0.2507062
0.24293335
0.14463247
-0.012494612
0.11056201
0.045230452
0.08919074
-0.19542754
0.1235055
-0.17026062
0.018980829
-0.092673086
-0.043761045
0.27390784
0.045711722
-0.1458345
-0.0044547715
-0.48984993
0.046135377
0.08279889
0.29491857
0.39221656
0.20030585
0.042302348
-0.13193141
-0.122384615
0.025415137
0.18896008
-0.06426278
0.1078007
0.24060111
0.2945913
-0.23110357
0.10757487
0.12369942
0.34494105
-0.040762957
-0.13955063
-0.13937508
0.16951132
0.11741608
0.2621197
-0.24538147
-0.20267166
-0.034954734
-0.27519187
-0.06367094
-0.3496552
0.26263458
-0.116842926
-0.030602556
-0.22567329
0.23247693
-0.25917396
-0.032165788
-0.032081574
0.0019241214
0.13398145
0.22030802
-0.19512175
-0.1444
0.29433924
0.2174989
-0.037328523
-0.12951712
-0.18449703
-0.070421524
0.12815739
0.32581502
-0.0023375626
0.15680607
-0.055106696
-0.5088905
0.108150825
-0.0050042653
0.26484162
-0.06391319
0.2809172
-0.056039967
-0.008778473
-0.25709563
0.067657165
0.03670268
-0.06916923
0.013187759
-0.75025105
-0.17687313
-0.14326419
0.17336899
-0.26458165
-0.22376643
0.12608004
-0.21197432
0.23327741
0.31414604
-0.109853186
-0.38271484
-0.004191574
0.04192763
0.10251839
0.44777232
-0.008815411
0.15169938
-0.17283951
-0.4337319
0.043764208
-0.19167985
-0.0917737
0.25103772
0.0036983958
0.07439593
0.031834893
-0.0008906262
0.22758667
0.09808246
0.03933103
0.16421388
0.16899668
0.21468021
0.19968092
-0.2649349
-0.15636496
-0.123943344
-0.072756745
-0.22184859
-0.085353136
-0.124079905
-0.29121098
-0.10355583
-0.016423991
0.12596793
-0.18571353
0.06501358
-0.1692061
-0.123651735
-0.041097023
-0.3186542
0.12735325
-0.19182692
-0.033383872
-0.3273173
0.0771155
0.19921805
0.18888481
-0.22868854
-0.14786272
0.09133563
-0.24700655
0.124382004
0.073382564
0.06843165
0.15168792
-0.18958583
-0.08037275
0.21057035
0.020218365
-0.020777008
-0.13523676
0.10561512
-0.110415146
0.0185965
-0.19542964
0.036490582
-0.15925792
-0.17015746
0.063823245
-0.012149065
0.34373695
-0.07550358
-0.16113254
-0.29372248
0.27782696
0.090224855
0.12208744
-0.045331243
0.13823223
-0.01660967
0.14385821
0.052687515
-0.22439836
-0.24594699
-0.072987795
-0.07963717
-0.07563368
0.10265835
0.15235366
-0.15311185
0.061451234
-0.27067584
-0.054546244
-0.066984504
-0.2923217
0.24500225
0.038325485
-0.1519239
0.048677757
-0.03218447
-0.22306159
-0.017820716
0.23427102
-0.010267253
-0.047459014
0.20960812
-0.030628355
0.30074418
0.08134964
0.23042291
0.16858767
0.062088635
0.007505967
-0.16232188
-0.16582161
0.12121108
-0.058287904
0.48542973
-0.04987043
-0.09076874
-0.39098176
-0.060969457
-0.1417203
0.19461498
0.0693592
-0.117981955
-0.052541338
-0.028891984
-0.06127222
0.24143422
-0.20306851
-0.15608628
-0.057241887
0.17056087
-0.0955908
0.059982233
0.094430536
-0.13911691
-0.18814786
-0.13318962
0.07992009
0.14445724
0.09431928
-0.2363358
-0.35409814
0.11023778
0.1747934
-0.100157686
-0.0038420893
-0.008548993
-0.09211056
-0.23261178
-0.30475053
0.049208008
-0.0052962177
0.0786722
0.038943447
0.04841432
0.099537626
0.11978181
0.1767198
0.014849684
-0.1130342
0.24040823
0.007903713
-0.043380678
-0.15986751
0.087365896
-0.20271617
-0.041589584
0.030359328
0.15247634
-0.16682895
-0.2978188
-0.08748463
0.13238999
-0.030086955
0.061047222
-0.13214014
-0.1623966
0.092796125
-0.021326391
-0.1265556
-0.04810381
-0.25235915
0.24560267
0.1290699
0.03207708
-0.040951297
0.12108783
-0.04545657
0.16681227
0.16729277
-0.06560568
-0.016287923
-0.263898
-0.21104594
0.035011325
-0.21588702
-0.048032336
-0.11751103
0.034656893
0.11926514
-0.03492531
-0.007889383
-0.09611445
0.051957782
0.039116055
-0.1582706
0.17760022
0.14212666
0.013663231
0.07691273
-0.18421027
0.081003256
0.13721357
-0.07344301
-0.17791633
0.2726933
-0.106613204
0.25075376
0.00705567
0.07419849
-0.24064463
-0.04642315
-0.23565365
-0.093194544
-0.27097633
-0.033131268
-0.14484552
0.24452378
-0.422627
-0.11897782
0.0057175765
-0.016079707
-0.35274592
-0.22587773
-0.018063987
0.005719133
0.09242904
-0.19380003
-0.06663676
-0.19793107
0.055244345
-0.10753153
-0.07002956
0.20556693
0.18808894
-0.053537935
0.058278486
-0.3146573
-0.178467
0.29494375
0.16053486
-0.10574182
-0.18092354
-0.18220805
0.3429319
0.1744698
0.08431112
0.034707032
-0.097129926
0.13810709
0.016568465
-0.004588151
0.29592416
-0.08201117
0.22804722
-0.060406595
-0.25147447
-0.15348302
0.024808535
0.008707119
-0.12584707
0.20385034
-0.027210014
0.008681369
-0.31343535
0.3515216
0.11305324
-0.105672695
0.05324443
-0.21511745
0.013570621
0.19108993
-0.10783827
-0.09109923
-0.114591844
-0.124598585
0.04553054
-0.20297478
-0.100013055
0.30986482
0.1936879
-0.089207746
0.090403765
-0.19410002
-0.31070426
-0.013424813
-0.29098883
0.0782698
0.13234957
-0.128812
-0.21244757
-0.47244886
-0.25961372
-0.38056692
-0.1027697
0.097777314
-0.34365344
0.11261585
-0.18767701
-0.1395911
-0.07855918
-0.29417863
0.049244978
0.09451229
-0.1223352
-0.18528347
-0.30665773
-0.2843843
-0.010289278
0.3073147
-0.039175373
-0.28782684
-0.20062023
0.011516749
0.17668897
0.26087385
0.21531698
-0.35536727
-0.039759222
0.21399538
-0.9504694
-0.010475301
0.15038794
0.39250442
0.109624386
0.124023184
-0.15960065
-0.28599235
0.14285079
0.17573556
-0.32175446
0.31047404
0.3159785
0.043240454
0.096575886
-0.29437923
0.020654164
-0.29580748
-0.22439322
0.2219903
-0.09557477
-0.26171845
0.19742127
-0.07667942
-0.12568246
-0.09852219
0.0062410966
-0.25813046
-0.13059083
-0.23115069
-0.07427141
-0.017263431
-0.014596703
0.115703784
-0.09979939
0.32945642
-0.043749746
-0.0021424184
-0.057578463
-0.051965516
0.026981726
0.36067644
-0.3592824
0.42413372
0.20531383
-0.21457297
0.08269055
-0.21836458
0.3999308
-0.0452429
0.18510497
0.4713222
0.19778626
0.002413729
-0.083755404
-0.18680112
-0.13018315
-0.06568869
0.15115435
-0.03805442
0.010744711
0.094777554
-0.00337176
0.11154826
0.016527187
0.2804912
0.23714747
0.10923551
-0.09043085
0.18368953
-0.14637573
0.26367205
-0.24355301
-0.0625835
0.20558271
0.15794638
-0.051726017
0.21678077
-0.03892061
0.13679883
0.16924165
0.21611963
-0.15038294
0.015377332
-0.107955664
0.043508135
-0.2297406
-0.28884664
-0.17050858
-0.09105436
-0.058362618
0.1845964
0.073383115
0.22429904
0.026671309
0.08126456
-0.24072126
0.06309293
-0.24483114
0.13955532
-0.03749421
0.041397974
0.01507271
-0.066886
0.37108782
0.08583097
0.07255981
0.15741469
-0.21730044
0.09929318
0.2268101
0.14720255
-0.0050126114
0.018093275
0.08135124
-0.010955541
-0.32883716
0.057053607
-0.25613892
-0.23029092
-0.077899195
0.078530796
0.22803618
0.12435026
0.044449765
0.087999016
0.07930491
0.22402559
0.13824315
0.5758903
-0.11983299
0.12627356
0.13572273
-0.045072086
0.003979306
-0.15358688
0.22803433
0.18276328
0.8566939
0.32746342
0.10075582
0.24210148
0.29149365
-0.028756635
0.13343467
0.214555
-0.095151015
0.43869156
-0.045251317
-0.43146464
-0.12534495
0.08410436
-0.10694065
0.15505965
-0.16780764
-0.024650479
-0.075400755
0.06508138
-0.2392454
-0.046232726
-0.34488863
0.34222177
-0.059425265
0.02080629
-0.10657387
-0.21050526
0.0053343847
-0.24793127
0.09780178
-0.11351053
0.19759133
-0.3125465
-0.1733572
-0.17809977
0.038791824
-0.17308412
0.947693
0.10914081
-0.3291438
0.18153918
-0.08400794
0.07391087
0.028163224
0.2008955
-0.51454663
-0.1283297
-0.3964787
0.16055235
0.28418177
-0.08791403
0.16486575
-0.3074004
-0.19846876
0.01621338
-0.14040995
0.07446407
-0.029554224
0.12301026
-0.014749867
0.31129634
-0.037209846
0.009089792
0.35624146
0.3949531
0.04483158
0.14642745
0.20626673
-0.25848272
-0.17248532
-0.12917987
0.19609344
-0.1022933
-0.03374035
-0.015983535
0.22862954
0.040596522
0.23270705
0.2995228
-0.19211084
0.21086442
-0.14611751
0.2603418
0.18303837
-0.03150167
0.16056766
0.24325472
-0.046738766
0.32052562
-0.16013482
-0.0002442939
-0.058398917
-0.03734403
0.09084814
0.15895003
-0.22563198
0.11077101
0.21113841
0.21756549
-0.23584375
-0.16127224
0.06677998
-0.038502324
0.16958672
0.36094674
-0.17348124
-0.3615275
0.25357822
0.6320506
0.21115182
0.07506694
0.12977198
-0.23154889
-0.19523619
0.42590013
-0.0022741247
0.5663615
-0.16306166
-0.20778288
0.15485744
-0.37638855
-0.21981946
0.17121144
0.049107574
0.10576479
0.4567053
-0.10417399
0.49991775
0.061584257
0.0067641856
0.20787877
0.27813518
0.06390147
0.1769093
0.16546054
0.27011752
-0.26597556
-0.124805674
-0.28437695
0.13659509
-0.28047347
0.19293016
0.18389861
-0.15034221
0.022227447
-0.2538507
0.17625177
0.21591677
0.21461704
0.03355817
-0.0920126
-0.03036204
0.21278332
-0.079168186
0.05773416
0.06817748
-0.30789462
0.26958263
-0.13567284
-0.23272479
-0.10569775
-0.055935055
-0.2893406
0.09281771
-0.039947283
0.18610826
-0.3842777
-0.4957048
-0.6725528
0.13482843
-0.12879306
0.05317999
0.120344676
0.021024296
-0.26249638
-0.10517503
-0.14285675
0.09167745
0.088563785
0.26964948
0.25791848
0.3655911
-0.07440886
0.03766931
-0.20291477
0.25297385
0.14457054
-0.2095191
0.6159259
-0.1884022
-0.2653139
0.006590582
0.15403265
0.028075365
0.06288238
0.005218842
-0.47709242
0.14960113
-0.19873442
0.12277305
-0.05080984
-0.042992175
0.057646103
-0.062434927
0.0133485915
-0.19657394
0.36421257
-0.15128368
-0.25484672
0.11149402
0.11045044
-0.060980108
-0.042918496
-0.03284568
-0.16643181
0.042018346
0.15498929
-0.12257241
0.27019227
-0.03883498
-0.35069957
0.04393247
-0.27515507
-0.36799812
0.16863322
0.13412255
-0.1628586
-0.077722706
0.24217544
-0.17059895
-0.07792127
-0.2718873
-0.03863614
-0.2310576
0.04401592
0.069090985
-0.26972365
-0.12078647
-0.2836003
0.13436599
0.16477135
0.43785933
0.106169865
-0.123797804
0.072424896
-0.06797901
-0.39566997
-0.32418254
0.21472132
0.13811089
-0.36201394
0.290759
0.1073417
0.060559545
0.03670016
-0.22050579
-0.15504132
-0.13302301
-0.062133007
0.21457909
0.0022300046
0.15476324
-0.4197265
-0.33046806
0.22379391
0.25885817
0.11188686
0.18223837
-0.2026747
-0.16416143
-0.23187707
-0.32654217
0.20394799
0.061482634
-0.35372344
-0.20617008
-0.15946531
0.05269118
-0.14455155
0.18977481
-0.329924
0.06951487
-0.18731372
0.1802517
-0.24247152
0.0459122
0.044792417
0.065574884
0.10185442
-0.23058526
0.12966582
-0.1961543
0.1982806
0.23446424
-0.20894971
-0.102674626
0.18344904
0.07731707
0.31337824
0.08158717
-0.027096748
-0.017087664
0.10350864
-0.3440515
0.13998654
-0.08960305
0.14044529
0.014900066
0.09167152
0.16954136
0.19192217
-0.20696774
-0.1800321
-0.17573333
-0.10357734
-0.08839145
0.22632541
-0.025710048
-0.2183938
-0.07902289
0.2792203
-0.00013621848
0.20446512
-0.07845282
-0.29661268
0.037021853
0.41473538
0.091780216
0.1737046
0.14047627
0.12799102
0.04663035
0.16456927
-0.22359958
-0.1541807
0.23026237
-0.106644824
0.071121916
0.009043555
0.059416354
-0.041587614
-0.21652207
0.3700438
-0.06919405
-0.28868246
-0.22990014
0.023306452
0.09670944
-0.14469467
-0.16913007
-0.06155257
-0.036257572
0.15840583
0.08999845
0.13646613
-0.010032169
-0.18824473
0.05159785
0.28724274
-0.0077200974
0.16288063
-0.03433396
-0.2406796
0.12679675
-0.17225826
0.3247601
-0.20679769
-0.15520589
-0.30980775
-0.14785828
-0.17072275
0.20706615
-0.23118183
-0.2128079
0.07395594
-0.06718588
-0.31818673
-0.0801194
0.23551719
0.088730626
-0.042659547
0.112098776
-0.0361925
-0.06556984
-0.05255578
-0.14023079
-0.06419453
-0.2101911
0.04422314
0.19042546
-0.34140274
0.07505533
0.06434103
-0.15239702
0.2709351
-0.020159394
0.124361895
-0.06959752
-0.07169504
-0.12318416
0.17577775
0.070990466
0.0954687
0.02934708
-0.04674822
-0.17909244
0.05111261
0.32180446
0.08763069
-0.14793748
0.3005604
-0.14553204
0.045808606
0.18951906
0.078277454
0.0518909
0.23730408
-0.27100822
-0.013860057
0.25589398
-0.013530278
-0.2698931
-0.09840344
0.28886124
0.0070883357
-0.17668039
-0.25034237
0.05155162
0.18678609
-0.040907662
-0.23025662
0.17668585
-0.10882174
-0.07786188
0.16218616
0.18790472
0.20036247
0.041491512
0.16794167
0.1785969
0.08157614
-0.28421494
-0.22341856
0.22110897
-0.1367597
0.012137006
0.16552554
0.051506605
0.07891923
0.10598706
0.17102739
-0.109297566
-0.24121143
0.037813265
0.121012405
0.17383893
-0.03699573
0.12544969
-0.09337319
0.0073215365
-0.14620824
-0.29556346
-0.08564104
-0.3250606
0.050763365
0.18224579
0.12233627
0.096248694
-0.005680007
0.24932504
-0.085748404
-0.1891959
0.21387383
0.22870924
-0.003875355
-0.10677027
0.043446705
-0.357116
-0.060673174
-0.10480332
0.48451778
0.1291998
-0.038425002
-0.07640405
0.17354944
0.16094771
-0.03766464
0.12382577
-0.037710365
0.18695001
-1.5238063
-0.0017490139
0.16375916
-0.12454366
-0.23295335
0.014111815
-0.083097994
-0.17308292
-0.14491576
-0.04041302
0.22561423
0.4914202
0.17509733
-0.05926162
0.28085127
-0.12383143
-0.038822945
0.19347009
-0.14725652
-0.24759299
0.11173339
0.09485217
0.03219932
-0.089832656
-0.24304253
0.18661743
0.17574494
0.0056796833
0.13272043
0.05224228
0.010380729
0.15898445
0.06408634
0.27672043
-0.256553
-0.8028819
0.16348355
-0.045124255
0.2667071
0.16269785
-0.12228985
0.3145494
0.17693982
-0.023406226
0.22729851
-0.14904284
0.14038083
0.04165645
-0.10668373
0.097353764
0.16456863
0.17710592
0.025451792
-0.002240922
-0.01987943
0.30892015
0.29288167
-0.20752358
0.16398454
-0.28679636
-0.18659076
0.103819996
-0.6727939
0.18152186
-0.378154
-0.17678718
0.18422958
-0.08926824
-0.32412037
0.061199017
0.02113741
-0.15723538
-0.021097682
-0.20488144
-0.17127672
0.28370672
-0.17368154
-0.2929709
-0.27309325
0.1899701
0.028191797
0.3859346
-0.11570912
-0.0038199476
-0.27809018
-0.3107527
0.05467818
-0.1718934
0.0869027
-0.072045736
-0.09866963
-0.035989437
0.26496977
-0.21723466
0.17319286
0.24550971
0.09369218
0.022748897
0.11133275
-0.025562054
0.13405861
-0.02480072
0.1969613
0.07563665
0.03797542
-0.065697424
-0.28692207
0.15916333
0.20112745
0.0067583662
0.031127872
0.11704246
-0.06827218
0.26997772
-0.36943117
-0.6968811
0.07387589
-0.12984277
-0.10741379
0.043005563
-0.14404887
-0.25480065
0.17746119
0.116001025
-0.039150603
-0.12106981
-0.0138639
-0.05737578
-0.1343948
0.31946397
-0.27010453
-0.022270504
0.19158466
-0.12891252
-0.21019174
-0.09689221
0.26464972
-0.028522743
-0.096352555
-0.36428043
-0.36640897
-0.14360455
-0.3012333
-0.2474982
-0.33184746
-0.101562105
-0.20983829
-0.28975415
-0.17271878
-0.03236538
-0.18591096
-0.23708239
-0.08479847
-0.043783538
0.22197482
0.124222405
-0.05528324
-0.2075427
-0.0059239054
0.052373856
-0.05100254
0.11449862
0.17416883
0.17858444
0.14863591
0.208632
0.22008198
-0.2519714
0.13521239
-0.09548874
-0.15312399
0.15616228
0.3187039
0.079526074
-0.054373953
-0.0720879
-0.07124647
0.13813134
-0.04912897
0.19799837
-0.015037638
0.035152484
0.078160614
-0.16652006
0.055357847
-0.12882815
-0.11046218
-0.23011647
0.23106542
0.12461559
-0.141146
-0.11631353
-0.076567605
0.24730013
-0.14698605
-0.29625475
0.14537938
0.22007146
-0.016701812
0.076434076
0.070401
0.09025152
0.040235344
-0.07988671
-0.08181365
0.046556745
0.05297292
0.17413118
0.116592176
0.2407348
-0.12413089
-0.06397991
0.12842242
-0.24578474
0.06705366
-0.20823489
0.24783856
0.0033559653
0.26813605
0.2560816
-0.29128876
0.22616938
0.0021477349
0.13820179
0.27609143
0.21936364
0.17375349
-0.17799076
0.057182487
0.34155113
-0.082552016
-0.090125255
-0.16560034
0.2751714
0.24461816
0.15249206
0.16790505
-0.45147517
0.5091733
-0.0032118578
-0.23905414
-0.27463815
0.15866207
0.2836953
0.20964068
-0.22491135
-0.047532614
-0.16949545
-0.20799202
0.0101845125
-0.028672187
0.20903459
-0.15568464
-0.1460055
0.09811735
-0.03917889
0.25595298
0.03558305
0.06951889
0.03576024
0.05968484
0.04418343
0.07398697
0.22199403
0.10194909
-0.18915577
0.050310235
-0.7716144
0.13208593
0.20268545
0.08850103
-0.2513123
0.0114424825
0.093415625
-0.28751183
0.26371804
0.22355479
-0.016947825
0.060736835
-0.19148977
-0.15613818
0.17960101
0.2273531
0.09683618
-0.13864763
0.12676586
0.33777815
0.02137434
-0.08726107
-0.024677837
-0.04287898
-0.023999544
-0.024177447
0.36300388
-0.20773786
-0.20287007
0.20398116
0.19162998
0.14993344
-0.06296496
-0.4708178
-0.26611364
-0.059863206
0.12205356
0.08565225
-0.0115070725
0.010874914
-0.091274716
-0.34582478
-0.029233087
-0.40999866
0.098637775
0.21646737
0.08353308
-0.018835066
0.2582183
-0.014835344
0.07123087
0.44813198
0.062547356
-0.10115143
-0.24607119
0.16682477
0.27039608
-0.1368338
0.14937218
-0.2015141
-0.23343769
-0.073077574
-0.03862553
0.214089
0.13969634
0.040142808
-0.020625357
0.08855262
0.16673392
0.1442103
-0.37592518
0.04563632
-0.06626856
-0.055732682
-0.07893955
-0.032546118
0.09171513
0.07044165
-0.1047677
-0.045890823
0.10464451
-0.040492076
0.26208875
-0.29190272
0.16443051
-0.16040444
0.062455725
-0.23586214
0.31599227
0.02701827
0.7512098
-0.13659662
-0.088858634
-0.043465257
-0.15290603
0.32951906
0.0056966827
-0.20168445
0.025949378
0.17214587
0.061785564
-0.15648252
-0.119644664
-0.18664883
-0.08396931
-0.05081606
-0.055149052
-0.12152798
0.124085814
0.28689966
-0.082344964
-0.17345984
0.11034141
-0.28222606
-0.19314696
-0.24634278
0.04985815
0.13473378
-0.024172412
-0.015561827
-0.10259075
0.06377366
-0.45141727
-0.023847
0.42612323
-0.14151484
0.11961741
-0.00731618
-0.12585928
-0.4042268
-0.25125146
-0.1396361
0.21662688
0.07080917
0.00042773917
-0.2638617
0.2408509
-0.012627666
-0.43597078
-0.18628077
0.09892539
-0.10452594
0.2260934
0.2857173
0.26585978
-0.11723844
0.058682527
-0.19271009
0.17881803
0.16095327
-0.06736897
0.015285194
-0.07285871
0.079687424
0.016849933
0.17507678
0.093298376
-0.03706792
-0.050642677
-0.88268715
0.3437004
-0.23285547
0.12545556
-0.26125237
0.104695454
-0.13358034
-0.02681337
-0.22540623
-0.39746863
0.33398032
-0.11911582
0.24381343
0.09454709
0.06730796
-0.076508075
0.17667551
-0.0598884
-0.2068994
-0.21739942
-0.21196812
-0.06395124
0.15319403
0.27100402
-0.07096976
-0.18649
0.14157012
-0.22211692
0.12142326
0.15548985
0.01432992
-0.13479763
0.0989974
-0.031019002
-0.2640135
-0.18665893
0.120116055
-0.20326655
0.22242792
-0.24044144
-0.5202706
0.23970452
0.12816457
-0.42955905
0.20266767
-0.1839208
-0.3210177
0.1749809
0.0017172113
0.043824717
-0.21541783
-0.2970758
-0.26169565
-0.092919126
-0.38169652
-0.10868163
0.2664043
0.17275916
0.21045327
-0.43509227
-0.07818519
-0.25077578
0.0779002
0.02262221
-0.17387271
0.026199214
-0.466637
-0.059590153
-0.33866188
0.08721194
-0.17253938
-0.42790344
-0.30939198
-0.22704962
-0.1610947
-0.25303578
-0.0576537
-0.06680708
-0.03148064
-0.11975688
-0.19695869
-0.012178988
-0.56676614
0.12879018
-0.116759196
0.15986577
-0.16200411
0.17270307
0.05459785
-0.5963935
0.009539469
-0.39660746
-0.09790021
0.09505667
-0.1671745
0.15760763
-0.2879279
0.40212953
0.091947205
-0.25116363
-0.8361598
-0.1751128
0.10486292
-0.110621534
0.18375243
0.020140728
-0.06791443
-0.026358685
-0.098153666
-0.068677306
-0.13734302
-0.05498058
-0.025996247
0.03580833
-0.039976712
-0.2338055
-0.20205586
0.033336245
0.02223808
0.11463946
0.21201563
-0.053564206
-0.054066252
0.2604496
0.18351214
-0.18422312
-0.16212104
-0.025687331
-0.23286895
0.2012401
-0.1632655
0.11096023
-0.28101224
0.24279363
0.21784335
-0.14372346
0.14672011
-0.175358
0.07599137
0.105952404
-0.028588617
0.24196059
-0.081403114
-0.04578678
0.04104651
-0.24579625
-0.24324371
0.12254842
-0.09377735
-0.049011804
0.10316285
0.00029532996
-0.078346856
0.02494224
-0.16150543
0.01094857
-0.0779059
-0.10203593
-0.21914928
-0.19675127
-0.2500676
0.020542884
-0.20149519
0.19255444
0.16503057
-0.088619016
0.12751584
-0.25360888
-0.012782739
-0.053034395
-0.045039818
0.16039896
-0.13255167
0.10761467
0.2089358
-0.09660207
-0.017796999
-0.31516382
-0.07625272
0.027411483
-0.6198003
-0.046144936
-0.22114488
0.028883288
0.0960208
0.0647673
0.1000677
-0.28149408
0.050564516
0.0041050785
-0.0386352
0.16569793
0.13436647
0.024341894
0.13937144
0.20927688
0.0021612935
0.19139571
0.28885868
0.12667075
0.018754505
0.08656078
0.288518
-0.13077027
-0.14449829
0.13469723
0.105552465
0.12960353
-0.11098506
0.21595111
-0.18231809
0.13060759
-0.17103967
-0.22225858
0.36393273
0.012855886
-0.077583626
0.15000546
-0.1192127
0.04389339
-0.03817663
-0.09590189
0.32661638
-0.1774578
0.15132931
-0.15854867
0.1491513
0.14274107
-0.04219235
-0.030996908
-0.33588684
-0.08940003
0.17745413
0.021157652
-0.24354179
0.24584174
0.093972676
-0.2034012
-0.010417709
-0.001415953
0.1800279
-0.056582518
0.2525296
0.22299723
0.29282162
-0.077659026
-0.12420654
-0.059953675
0.069673255
0.19186747
-0.010120955
0.12649268
-0.1400571
-0.07760567
-0.07242047
-0.12445871
0.24303329
0.20785548
0.050186425
0.23486473
-0.03383809
0.047645785
-0.009638778
0.26555723
-0.2610058
-0.0023350182
0.29859403
0.09306241
0.08749792
0.023116248
0.1922256
-0.013865946
0.055339698
0.045554023
0.3250374
0.07392067
-0.072806925
-0.0822309
0.25718784
0.12751053
-0.1127142
-0.19477192
-0.15877329
-0.056455974
-0.059775323
0.20869407
0.08844625
-0.10813927
-0.27172476
0.076959394
0.029355913
-0.12197667
-0.051039748
-0.06998731
-1.6115727
-0.02535464
0.1442767
-0.026995806
0.049551357
0.042031884
-0.1440327
0.12930779
-0.17736296
0.0036327126
-0.053267162
0.047084447
0.03832548
0.08090881
0.15381242
-0.13841096
-0.08791604
0.119145304
0.012130328
-0.35987708
-0.27352694
0.17288306
0.008932597
-0.038625136
0.023035927
0.31802323
0.1515593
0.17743765
0.030482963
-0.034484014
0.3027452
0.1421004
-0.24832131
0.110296294
-0.1158087
0.25321245
0.075324915
0.01563679
-0.027308242
-0.01178303
0.16722494
0.19190453
-0.11036775
-0.045420825
0.30823603
-0.14730267
-0.009984508
-0.028140433
0.12855667
-0.078888625
0.09269741
0.14894612
-0.12792262
-0.0755351
0.03688964
-0.24250448
0.19986308
-0.13029423
0.22058971
-0.0011994012
-0.0019851336
0.059001982
0.23830518
-0.26647863
-0.36673847
0.07665069
0.11383629
-0.16292834
-0.23394723
0.10091348
-0.060367018
0.2695495
0.13466328
-0.23687217
0.21118653
-0.1252911
0.094076954
-0.06977473
0.1265153
-0.23020172
0.14135098
0.15185101
-0.104418255
-0.07386732
-0.28826433
0.12231706
0.29715332
-0.24118952
0.1640613
0.34036577
0.27901128
0.118852764
0.12500116
0.13477692
0.21266901
0.2875769
0.48123196
0.01234953
0.06286576
0.15099049
0.15108852
-0.043077234
-0.026222331
-0.072178915
-0.22257103
-0.17456734
-0.24462123
-0.0004881347
-0.13078308
0.0033453251
-0.23908873
-0.06106715
-0.18958895
-0.18730979
-0.09220863
-0.05882377
-0.17018533
-0.3104592
-0.14457422
-0.3497419
-0.29800197
-0.1518809
-0.1665446
0.06578026
0.15738449
-0.014490584
-0.300495
0.032921236
0.11933832
0.04121819
-0.3014073
0.12727536
0.25193492
-0.05236748
-0.044221524
-0.36293456
-0.07393307
0.18874712
-0.06585206
-0.42598718
-0.31621727
-0.13397938
-0.11517321
-0.2661158
-0.043317214
0.047429517
-0.2576908
-0.18552607
-0.027346065
-0.16724002
-0.401883
-0.17216037
-0.20681573
-0.15446916
0.30487186
0.04757435
0.05474556
-0.23776133
-0.16134445
-0.40036535
0.41322452
0.13126221
0.10454592
0.23585089
-0.197859
0.21064651
-0.21735638
-0.17624931
-0.30118498
0.24442025
0.3590684
0.24028106
-0.1536204
0.07701185
0.28402576
0.0032970605
0.3115623
0.06114589
0.4087591
0.18441433
0.040568855
0.056900423
0.20312905
-0.072496645
0.07351211
-0.15548427
0.02081357
0.15060452
0.124416724
0.07025558
-0.0348776
0.12902696
-0.04805801
0.20941088
-0.23394866
0.28749728
0.12300086
0.26984042
0.21123542
0.27857074
0.011508605
0.0646551
-0.036037713
0.057861038
0.11567531
0.011659122
-0.018655615
0.0735119
0.2974687
0.049036365
-0.42372388
0.007738788
0.012465967
-0.20142907
-0.22370736
-0.34406972
0.13169932
0.0029654389
0.26827547
-0.23732468
-0.2548311
-0.02399464
-0.44869468
0.048933804
-0.07644458
0.116769776
-0.0722252
-0.020269316
-0.094807185
0.06170944
-0.5246794
-0.082846396
-0.3404312
-0.21990563
0.083482824
0.22882243
0.26041952
-0.19630262
-0.029526342
-0.24742585
0.1755752
0.09181624
0.07605931
0.39124033
-0.1959099
0.112133354
-0.23257719
-0.11934452
0.13298903
-0.24335237
-0.09680375
-0.0439039
0.036979508
0.045626365
-0.13411641
-0.012457545
0.07849513
0.10377933
-0.060487658
0.11299939
-0.24808781
-0.13621405
0.09012016
-0.16139808
-0.22420977
-0.07259895
-0.412136
-0.016791739
0.23511322
0.1953289
-0.15070832
0.010754591
-0.03976626
0.14489384
-0.3945001
0.035994533
-0.024888327
0.122412495
-0.116845004
-0.38524508
0.012327784
0.18129581
0.33634052
0.46683154
0.073453136
-0.008097823
0.020819485
0.04654316
-0.042600833
-0.09889559
0.053773113
0.22195594
-0.2549374
-0.01722996
-0.001668904
-0.24702969
-0.05827007
-0.16495313
0.17672957
-0.1968037
-0.013958313
-0.04423505
-0.4307316
-0.15374558
0.1291774
-0.081997335
0.042647507
-0.048599686
-0.2619383
0.09909516
0.088527106
0.24945596
-0.19577326
-0.048254292
0.29362196
0.088343285
-0.20040675
-0.4854143
0.27765423
-0.008250219
0.080775075
-0.1780547
0.13755456
-0.13025229
0.18661179
0.12667936
0.08960936
0.23377787
-0.12407335
0.22792245
0.21803251
-0.025085965
-0.10219449
-0.24991408
0.043367498
-0.019341808
-0.08830417
-0.12697515
-0.12063948
0.07725926
-0.17645477
0.12859657
0.18230116
0.13902
-0.1653112
0.07035962
-0.2809317
-1.0701185
-0.16599086
-0.09608522
-0.023269126
-0.16228063
0.07650489
-0.013600758
-0.5421718
-0.15884589
0.20544715
0.1281348
0.1233011
-0.03953548
0.15702033
0.021698851
0.17074808
0.24967946
-0.19901371
-0.31357944
-0.08472298
-0.13870212
-0.19330068
-0.18808594
0.17981833
0.15750706
-0.22284544
0.15677491
0.007831643
0.07375312
-0.18764322
0.29815838
-0.061646316
-0.07798736
-0.35050067
0.24404168
0.092139155
-0.22041611
-0.14653736
0.11103272
-0.048702538
-0.12104203
0.065422796
-0.25416088
0.08468681
0.47300544
-0.3036865
0.15419622
-0.22100334
0.14495374
0.07385915
-0.38036948
0.4516856
-0.03750005
0.1511711
0.09826269
0.1361849
0.20935193
0.0101063
0.020440428
-0.092370175
-0.13050799
-0.22080201
0.12728728
0.22510345
-0.0671608
-0.020848596
0.036784828
-0.07252143
0.21394736
0.10031292
0.025811275
-0.352545
0.26204464
0.093600914
0.04255114
0.20745671
0.16914642
0.005643978
-0.0021706896
-0.23732997
-0.07427451
-0.16121346
-0.15288468
-0.18671311
-0.0357963
0.15791804
0.16120403
-0.24507532
0.010679157
0.059298404
-0.2349249
-0.065536395
-0.032042805
0.096965216
-0.21636797
0.030775737
-0.24456635
-0.271307
-0.41317213
0.14753866
-0.11131804
0.1712912
0.071607396
-0.051770315
-0.09040558
0.1528297
0.3285505
0.1572667
-0.15108414
0.17131627
-0.046386387
0.15963507
0.3184714
-0.11841908
0.11153424
-0.0711695
-0.15987581
0.117050625
-0.085770644
-0.11020767
-0.17779626
-0.09653623
-0.30645028
-0.27338955
0.20005983
-0.12784064
-0.063376166
0.08387001
-0.24031323
-0.23882075
-0.19391531
-0.64679796
0.03595632
-0.2785182
0.1243916
-0.0088917175
-0.18123351
-0.19401681
-0.08405428
-0.0565903
-0.01663747
0.26489255
-0.06012686
0.0017608325
-0.28896657
-0.45504603
-0.1078924
-0.02491322
0.21009575
-0.16410899
0.13819408
-0.4838025
-0.023667648
-0.2563232
-0.24582805
0.123944186
0.031239094
0.044405594
0.18719582
-0.12819332
-0.03108223
-0.21252914
-0.23877935
0.057789654
0.04465387
-0.18178605
0.02033412
-0.0019425398
0.31771377
-0.23861985
-0.1699729
0.19036347
0.21884638
0.19569518
0.1560548
-0.20676981
-0.31619278
0.17249045
-0.23722191
-0.06353671
0.11998994
-0.02448434
0.12325954
0.06352626
-0.043654896
0.1339314
-0.1863457
0.06220717
-0.024110567
-0.18976459
0.23337226
-0.050033566
0.027447257
-0.118722506
0.2243663
0.16101497
-0.21500501
0.14920639
-0.2530886
-0.10685206
0.28101048
-0.033857808
-0.23606502
0.13562344
-0.14520301
-0.17063943
-0.07638441
0.13720438
0.014868055
-0.09745287
0.13110137
0.36261043
0.05048224
0.1459103
-0.20872924
-0.060747735
-0.12947525
0.22466902
0.02874465
-0.15104052
-0.15675716
0.15806732
-0.078821935
0.057436492
-0.21136597
-0.08613649
0.23156305
0.18747516
0.091528304
0.0039240746
0.21666689
-0.4675926
0.12388682
0.24511138
-0.1521844
-0.02954668
0.10686675
0.35350525
0.057330362
-0.49441835
-0.14219327
0.28415558
0.16588044
0.18427704
-0.044791274
0.039657127
-0.038382053
0.032078616
0.042324264
-0.023894517
-0.17715782
0.21191898
-0.043194428
-0.03862223
-0.2218212
-0.18332611
0.12436024
-0.20574136
0.17370853
0.45533842
0.058047567
-0.053273454
0.030060763
-0.08661808
-0.12591346
-0.11540814
0.058568813
0.11977258
0.0030388539
-0.20791908
0.24672644
0.111633666
0.075634904
0.09326732
0.15824339
0.14133477
-0.24680172
-0.21941893
-0.00024069134
-0.12404625
0.08198014
-0.08796152
-0.10874217
-0.30271348
0.14132799
-0.012774144
0.23531668
0.00026113665
0.016506972
0.11365781
-0.085697286
0.07687364
-0.023352528
0.38191652
0.24377899
-0.18261853
0.061359283
-0.1423864
0.092646316
0.0508786
0.21704479
-0.07271817
0.17121859
-0.047547184
0.0076744854
0.25492713
-0.01894477
0.32360974
0.07114257
-0.08222076
-0.04861629
0.12470051
0.14579074
0.20525913
0.1870503
-0.24527675
-0.047593415
0.08998076
0.061745666
0.038758166
0.021191558
-0.11467018
0.19748363
0.28521794
0.055042874
0.109404646
-0.03195723
-0.12773207
0.052434254
0.210185
0.012387184
0.24624689
0.006795893
-0.26243865
-0.062620334
-0.042348336
-0.11612295
0.17749721
-0.10136168
0.11197996
-0.027315788
-0.20394257
0.100485206
0.20551974
0.1633905
-0.18176734
0.44449478
0.1707692
0.026059179
-0.12438021
0.12042299
-0.14767301
-0.17313991
-0.010781342
-0.23836657
-0.12278585
0.25546506
0.13686284
0.28167498
-0.18826249
0.0034273278
0.16487858
-0.08548881
-0.06397943
-0.12541816
-0.012112119
-0.2421409
0.06380618
0.14051898
0.2109027
-0.04801889
0.18272023
0.03354275
-0.5180542
-0.083782405
-0.11831812
-0.16559738
0.10542174
-0.14317726
0.030617718
-0.23633909
0.13754232
0.24361153
0.22236949
-0.2502403
-0.02534115
0.20636287
-0.18260306
-0.0031078234
0.11145039
-0.011161434
-0.024472836
0.0004782164
0.23717883
0.28733546
-0.08842315
-0.31597263
0.0067079156
-0.04003122
0.02476008
-0.05144637
-0.030910892
0.021701925
-0.12930994
-0.19672762
-0.12449994
0.1375874
0.15792358
0.39780682
0.19815585
0.03881956
0.18305509
0.035351858
0.15389979
0.044146392
-0.23781852
-0.17077366
0.15510699
0.014059502
-0.053257566
0.08424188
0.15554927
0.14295632
-0.20138393
0.06127012
-0.052173346
0.27040237
0.037268594
0.027075585
0.076645516
0.15797701
0.17746338
-0.14764306
-0.08394378
0.16478461
-0.04069907
-0.21346328
0.15580167
-0.0017598491
-0.20177619
0.18303439
0.022579376
-0.063228786
-0.19435723
-0.20728002
-0.110375814
0.116095155
-0.22869067
-0.030847762
0.13871221
-0.1796068
0.09530221
0.08166536
-0.2711559
-0.10136921
0.075243376
0.02236283
0.13446566
-0.22368515
0.38809696
0.029454404
-0.060713563
0.115448095
-0.18459673
-0.13613565
0.0792564
0.11049809
-0.14989568
0.047156636
0.14606221
0.016774163
-0.06916051
-0.098277085
-0.07726969
0.32886037
0.13097975
0.14365539
-0.115101136
0.009541709
-0.22852404
-0.23457251
0.052288223
-0.1258774
-0.20052424
-0.19070992
0.17048012
-0.17388919
0.18414605
-0.06479469
-0.16154562
-0.31530306
-0.119689435
-0.10563916
0.10410618
-0.032454707
-0.01748942
-0.1496871
-0.019814372
0.02995765
-0.07904445
-0.09738062
0.088405475
-0.10125708
0.15756425
0.22244959
0.20091759
0.08126158
-0.005900665
0.13635595
-0.10421428
0.24528222
0.14286128
-0.28262317
0.10578723
0.25881886
0.025799481
-0.1373718
0.06733826
0.23960628
0.084564425
0.016311536
0.0008580712
-0.20946342
0.098347105
-0.36788794
0.2558773
-0.1873711
0.19241844
0.029643457
0.001333995
0.053972676
-0.052714847
0.13297097
-0.5377271
0.02779317
0.003390242
-0.0048073935
0.13119256
-0.10959544
0.19461128
-0.069121346
-0.019100348
-0.22164129
-0.20494209
-0.06642668
0.19195497
-0.17067134
-0.073672734
-0.042121947
-0.23320997
-0.19195311
-0.050775405
0.15605445
-0.19783401
-0.043628126
-0.16669759
0.21424265
-0.22547482
-0.012985259
-0.05604491
-0.24034631
0.3527547
0.13234535
-0.12666489
-0.09481806
0.19818446
-0.09981321
0.06354122
-0.10918643
0.0703188
-0.0029340126
0.14267053
0.10890824
-0.18972783
0.23712489
-0.057610784
-0.13420907
-0.23317115
-0.023893772
-0.2550056
0.0968743
0.045718838
-0.036763586
0.11809638
0.016236996
0.17110662
-0.06564519
-0.07258354
0.14693476
-0.1239175
-0.025789084
-0.22341281
-0.272595
-0.0660972
-0.19157976
0.15967967
0.017423302
0.16510956
0.28064188
-0.07236011
-0.17911004
-0.057602596
-0.3203734
0.27695334
-0.043299776
0.25576
0.08435728
-0.1463785
-0.04600282
-0.174835
-0.00959699
-0.26277494
0.07662928
0.054613285
-0.0624093
0.09318795
0.07415427
-0.026735676
0.14852946
0.14814262
0.21986012
0.09576984
-0.11132564
-0.001001118
0.15261944
-0.15136948
0.010596799
-0.005678247
-0.054916576
0.097943686
-0.2190678
-0.2068536
-0.10146533
0.121367924
0.028249465
0.0995182
0.05027624
-0.12101409
0.019332107
-0.28132424
-0.027310567
-0.07839851
0.18619339
-0.011191487
0.1439453
0.16325817
-0.017200222
0.2240975
-0.55878544
-0.15775199
-0.13043109
-0.15701418
0.029543355
0.07507494
0.10316973
-0.010230247
0.093576685
-0.15841338
-0.04329125
-0.009133828
-0.09482263
0.23511381
0.19177221
-0.027154123
-0.3081003
-0.08213954
-0.10449992
0.23331068
0.119025186
-0.16387555
-0.12040721
-0.22836204
-0.13268828
-0.23402719
-0.20721982
0.05557477
-0.085709184
-0.20798583
0.28256622
0.14235218
0.27331308
-0.029136753
-0.3416336
-0.12439163
-0.24542296
0.18343689
0.008861817
-0.20829867
0.16355456
0.16012748
0.0151075255
-0.37350982
0.07244253
0.09931145
0.30355743
0.009114913
0.15749848
0.036941513
0.3162897
0.022170853
-0.00023155956
0.04887932
-0.0014211341
0.097555906
-0.1136713
-0.12666921
0.22938326
-0.044027865
-0.12002925
-0.06384044
0.14693685
-0.06513653
-0.18983972
0.20430867
-0.18171284
-0.114913404
-0.06417229
0.05625559
-0.13660122
-0.10039186
-0.095946655
-0.11258753
0.05465134
-0.16192998
-0.09860273
0.18441787
-0.26097786
0.33890566
-0.35110638
-0.045990147
-0.3687601
-0.25085014
0.057771336
0.10999582
0.04968771
0.027829614
-0.028069882
0.13752958
0.18278229
-0.066963084
-0.034081332
0.22498275
0.2173381
-0.38144034
-0.07594177
0.06758203
-0.27269283
0.11024309
0.16137868
-0.22022375
0.06928376
-0.07058285
0.16311681
-0.002165668
-0.12012428
-0.053427454
-0.11901617
-0.23014109
0.16597977
0.13179798
0.21059342
-0.26957673
-0.28131527
-0.039891146
0.19833484
0.29506752
0.1494921
-0.016234912
-0.29046708
-0.23664068
0.08152831
-0.7069804
0.009310584
0.0124815805
-0.009559672
0.2125094
-0.059932347
-0.27622777
-0.025397798
0.15386176
0.1678823
0.062256534
0.09278621
0.19607057
0.1985562
-0.14355569
-0.036622133
0.045499824
-0.15245013
-0.03908557
0.255119
0.10602917
0.21922044
-0.11477816
0.23455828
-0.18971923
0.021389464
0.058997907
0.097670674
-0.12498009
-0.15491357
-0.20729874
-0.031295326
-0.10165842
0.20070773
-0.04507103
0.14514448
0.29676867
-0.20840882
0.030778056
-0.12312714
-0.16461872
0.046877157
-0.043633085
0.16854179
-0.037724037
0.029246256
-0.101985954
-0.0899121
0.19729574
-0.1227426
0.13881505
0.1501309
0.09904733
-0.15595675
0.14885856
-0.060495354
-0.03997538
0.22686398
0.025101203
0.04872964
-0.11253678
0.36963975
-0.0034707068
-0.06325184
-0.07991599
-0.19306974
-0.012090804
-0.19328159
0.025799835
-0.064062595
0.20256054
0.08208866
-0.10143412
-0.19160558
-0.15598443
0.24329758
-0.009700292
0.22782423
0.12333529
-0.091443986
-1.1657917
0.3030193
0.12171636
0.20392472
0.029891565
-0.095618814
0.17495756
-0.17985287
0.07777127
-0.11223339
0.085612826
0.09836707
-0.26437303
-0.3021864
-0.14886394
0.053177856
-0.18582377
-0.1416466
0.052298315
0.12803116
0.3175883
0.084016316
-0.022264844
0.16699097
-0.093074396
0.07022139
-0.07953785
0.13142216
0.1293733
-0.2193864
0.048547383
0.014887971
-0.24069762
-0.18126838
-0.006678265
-0.023352124
0.23712629
-0.17910683
-0.15662679
-1.3098236
-0.46505892
0.13184467
-0.2939474
0.17329125
0.0664396
-0.1937992
0.28378254
0.0007001986
-0.28212574
-0.11887584
0.11708085
0.10455767
-0.087422565
-0.025423834
0.19414061
0.072869115
-0.26588997
0.12751159
0.07124961
0.0047840155
-0.10908829
0.095210716
-0.10618489
-0.08013876
-0.17301233
-0.11370504
-0.19330314
-0.15646909
-0.12183058
0.28259858
-0.050714497
-0.20191617
-0.18777455
-0.07880638
0.0008139782
0.31651023
-0.20540756
-0.24951385
0.04330981
-0.27091575
-0.058458295
0.25492528
0.08272769
0.15566993
0.079043046
0.065163024
-0.17352402
-0.033591855
0.019916276
0.17673329
-0.02759442
0.1645822
-0.1531518
0.030787895
0.23989815
0.20094521
-0.043931864
0.21443897
-0.21417461
0.00062119745
0.048281178
-0.023433013
-0.12103833
-0.09877047
0.24548303
-0.09298459
0.22304949
-0.10761134
0.34552592
-0.08898215
0.014726841
-0.08610915
-0.17595822
-0.020913446
-0.13688149
-0.05967634
-0.02893553
-0.015525105
0.19859561
-0.21237096
-0.10032541
-0.14716253
-0.24210408
-0.09113491
-0.028123835
-0.31096706
0.23530363
0.21956882
0.23478162
-0.010551047
0.06578714
-0.26548743
0.15195481
-0.108958356
0.28292882
0.18012162
0.33625323
0.25993845
-0.27683356
0.14081204
-0.19466345
0.2114227
0.3375501
0.0
0.35535485
-0.023676895
0.25009435
0.25614467
0.101276845
0.308515
0.2225884
0.36583817
0.26078993
-0.3628899
0.32633615
0.2586467
-0.27335325
-0.31199673
0.26941225
0.2442804
-0.007930454
0.2977747
-0.052771635
-0.2720402
0.17439356
-0.22896083
-0.01775413
0.15874396
0.14843108
-0.02180305
0.3826482
-0.17935456
-0.28517923
-0.050190456
0.20207486
0.25653383
-0.08182846
-0.1405972
-0.2625
-0.048760172
-0.19647655
-0.21003342
-0.026404807
0.28538775
-0.27421212
-0.13947392
0.28092954
0.2883491
0.27852887
-0.015099244
0.33702555
-0.26523563
0.24425206
-0.02973143
-0.007988964
-0.2728243
0.25456813
0.36095232
-0.27443236
-0.08715426
-0.109763846
-0.06988673
-0.036753032
0.04614909
-0.18183596
-0.27629662
0.246937
0.26190612
-0.13200876
0.18654156
-0.30041555
0.16034427
-0.10333815
0.047258854
-0.08547494
-0.07438227
-0.06583887
-0.06808896
0.13507478
-0.1332192
0.08341397
-0.06595386
-0.0661148
-0.0017184019
-0.097818755
0.21823166
-0.070406936
-0.07525671
-0.0794731
-0.16392204
-0.03732567
-0.09800909
-0.029623648
0.05650846
-0.054502774
-0.075235754
0.09177753
0.14238864
-0.04943126
-0.047183245
0.06262762
-0.06511885
0.10881007
0.07622832
-0.09943406
0.088315316
0.17608964
-0.09397117
-0.09880226
0.12892947
-0.080631636
0.05313617
0.062339447
0.18948929
-0.11457413
-0.06241967
0.08180467
0.06904632
0.057950564
0.113827
0.071240105
0.046896894
0.22056854
-0.13164537
0.137477
0.082716025
-0.083235756
-0.03430754
-0.06530978
0.12818398
-0.117747724
0.055653386
-0.10743716
0.25035465
0.09020861
0.08000342
-0.11533331
-0.08162038
0.16327418
0.09261383
0.1061388
0.099714406
0.1207936
-0.09899017
0.10468151
0.071507975
-0.0406046
-0.0915389
0.045553125
-0.10570163
0.03277795
-0.26314077
