9
2
80
1
relu
line
1
0
0.42135617
0.86731124
0.16377491
-0.91087973
-0.04058275
-0.099749506
-0.25652134
0.248769
-0.17794
0.5090589
-0.22994642
0.14528307
-0.25956926
-0.25154135
0.6864563
0.13974495
-0.012112638
-0.2814628
-0.57666063
-0.22184223
0.06382729
-0.25576234
-0.10621112
-0.08027893
-0.04009968
0.5743603
0.4787743
-0.034829773
-0.123071015
0.18596613
0.5522069
0.5670368
0.32449055
-0.40724435
-0.009047202
0.0035485555
-9.356307
-0.77634674
-3.4868474
-0.20914817
0.4923522
0.41231143
0.23711522
-0.13805383
-0.20373781
0.707832
0.6945864
0.32850286
0.14904034
0.67912567
-0.40453234
0.52972996
-0.06373134
0.3932303
0.24981391
-0.58736986
-0.17303646
-0.14890574
0.48574513
0.77882415
-0.0787533
0.46594
0.719283
0.28356662
0.2542566
-0.15360565
0.7429951
0.48317158
0.15520525
0.27750033
-0.64469635
0.46057642
0.33757403
0.29566294
0.017661864
-0.5072516
-0.34625533
-0.73768693
-0.3954361
0.8193105
0.4717309
0.18001577
-0.7441973
-0.67053866
0.18413025
-0.11669371
0.6968117
0.0115888035
0.22566877
-0.078528784
0.29635438
-0.039454304
-0.17862001
-0.0094542345
0.111840665
-0.29927728
-0.3465098
0.626299
0.43415356
-0.23996447
-0.42403352
-0.71063244
-0.46256155
0.06883168
0.7192329
0.76354116
-0.08364335
0.33853206
0.8849142
0.5212965
0.2180491
0.381109
0.53149897
0.1238465
0.18093693
0.12797044
-0.7469898
-0.46996465
0.58068496
0.32140064
0.11614802
-1.5745741
-0.5740917
-0.61818427
-0.11035244
0.61031413
0.44617522
-4.3521047
0.6417626
0.119361565
-0.41623724
0.17762378
0.33554637
0.63593066
0.0066159936
0.36981362
-1.6950129
-0.4847911
-0.17960157
0.06932775
0.548104
0.29976565
1.2220167
-0.22327231
0.24890828
0.03263029
0.2123353
0.3646348
0.5298581
-0.54389375
0.4621059
-0.5483483
1.0030934
-0.290469
0.32993048
-0.3035384
-0.119028926
-0.4582021
0.015982414
0.8205202
-0.4117445
0.90980726
0.5787395
0.07212258
0.14134148
-0.16604653
-0.68469316
-0.5001598
-0.053402085
-0.24926881
-0.14822672
0.47415885
-0.49812466
-0.078610405
0.51359797
-0.3580612
-0.33661032
-0.269356
0.52469337
-0.46747813
0.41845676
-0.6998525
0.70676756
-0.66204643
-0.40714142
0.12682691
0.9185813
0.7443188
-0.12544455
-0.6660117
0.6959917
-0.25381196
0.85346836
0.350787
-0.5106295
0.17021799
0.6422931
-0.5248593
-1.0364894
-0.16620946
0.8315915
0.13934414
0.008741161
-0.8117475
-0.37350896
-0.7374425
-0.52872986
-0.2432142
0.5861771
-0.15867458
-0.5438657
0.81838053
-0.09774438
-2.0286505
0.41181546
-0.65501785
-0.16905686
0.3343978
-0.6156985
-0.18052666
0.40162095
0.5788471
-0.35277537
-1.4039034
0.48406017
0.019528056
0.8964569
0.58544934
-0.033861518
0.58594936
0.17609464
0.1747213
-0.18271002
0.58180755
-0.075260766
0.3926658
-0.23925476
0.3658202
-0.43613446
0.81588125
0.7031002
-1.1386391
-0.75767785
0.3858031
-0.39741555
0.64088947
0.29565
-0.121684894
-0.64275926
-0.43413383
-0.7733606
0.58199745
0.34448308
-0.34014982
0.4931543
0.8027532
-0.26587942
0.19644177
-0.41089246
0.018183572
0.1516484
-0.2477547
-0.27523232
-0.11594111
-0.5315646
0.020836342
0.1520974
0.67004126
-0.16703232
-0.46011952
-0.19466752
-0.4712268
-0.09348652
-0.2751747
-0.49700755
0.2398466
1.4757224
-0.0475851
-0.57417786
-0.46824905
0.09064736
0.5336057
0.33499974
0.42297316
-0.27306828
0.27676347
0.58027756
0.91023576
-0.1857245
0.6819098
-0.36473203
0.3371891
-0.80534536
0.62632716
-0.70597833
0.010601592
-0.035687238
0.70819926
-0.70091087
-0.6204927
0.36425504
0.047630034
-3.529014
0.51277953
-0.79816765
-0.5748344
0.011585263
-0.58340895
-0.6418035
0.70592856
0.43195495
-0.77108
-0.54845047
-0.45347357
0.3632236
0.018247576
-0.27362686
-0.49146655
0.22110587
-0.6416652
0.18991742
-0.04242022
0.67876995
0.19472829
0.1517553
0.6191685
-0.7943302
0.40174854
0.13344143
0.77997947
-0.33013165
0.13980609
0.8362081
-0.18522048
-0.47790673
0.33014077
0.45698586
-0.71297085
0.4945325
-1.2147311
0.101601996
0.32053113
0.4176067
0.7603861
0.7295526
-0.59562606
0.5468987
-0.15379645
0.76784855
-0.29687643
-0.2708412
0.25679454
-0.8266549
-0.45101523
0.88537353
0.064628564
-0.6588762
0.61776114
-0.818874
-0.57855535
0.7029358
0.53014684
0.3919941
-0.6138391
0.5925528
0.70986557
-0.19662553
0.5127315
-0.34684846
-0.33311024
0.3728359
-0.32213783
-0.70904714
1.4035397
-0.14923085
0.40792218
0.57058066
0.2898337
-0.008889186
0.2710567
0.6132526
0.13104907
-0.76098675
-0.050685912
-0.53225744
-0.21348625
-0.58850825
0.043246422
-0.7254956
0.82626307
-0.014959704
-0.03883916
0.05562421
0.08254204
0.48519972
0.18685226
-0.6196546
0.41136563
-0.7972026
-0.774129
0.68080163
-0.23609215
-0.4237464
-0.49388254
-0.6594485
0.66822946
-0.29573917
0.34658477
-0.21225342
0.3678964
0.20509912
0.59747446
0.11510216
0.19352217
-0.439183
-0.81302977
0.43503267
-0.16021562
-0.21018423
-0.2792711
-0.35849538
0.23317778
0.45310482
0.0911805
-0.5410247
0.22259377
-0.35520187
-0.5698788
-0.73657566
-0.7273439
0.024355
0.92612225
-0.0443649
-0.6148359
0.44655174
0.11395304
-0.38777584
0.5623869
0.2537897
-0.5459975
0.25778562
0.5791523
0.6913693
0.17693585
0.42027357
-0.675467
-0.6348601
0.03182946
-0.4386824
-0.4884736
0.977931
0.7077405
0.07688438
-0.6831768
-0.19101356
0.07867334
-0.3931219
0.70544237
-0.18996598
0.04839227
-0.5243354
0.3912672
-0.16770631
0.05151755
-0.15537465
0.3022282
-0.24099487
-0.7490399
-0.79873765
0.2935162
0.24684165
-0.3774939
0.6063691
0.40799007
0.50129527
0.31568357
0.23198295
-0.5532343
0.03195101
0.23316863
-0.24643582
-0.46196687
-0.3670007
0.52948856
-0.37349826
-0.54625356
-0.22671014
0.11117957
0.4058752
-0.7772339
0.58882785
-0.40607858
-0.119174
1.0020834
0.23044729
-0.070116654
0.48717627
-0.6524065
0.014405679
0.32305986
0.77696407
0.25593734
-0.11489999
-0.47942027
0.10594922
-0.7786324
-0.6847903
0.6063285
-0.29816732
0.16427326
-0.18960351
-0.5376925
0.2041614
0.8731848
-0.76979685
-0.4461164
0.1961819
-0.1799593
0.5592888
-0.4363866
-0.72272986
-0.26343578
0.31422094
0.2832631
-0.04124375
-0.08790245
-0.21200293
0.65310794
-0.41864514
-0.5025624
-0.5746771
-0.40758848
0.24648958
-1.5714159
-0.5705025
0.5087132
-0.05117133
-0.5224768
0.04490116
-1.1934757
-0.6629934
-1.3829867
1.4865657
-0.84783083
0.33480227
0.64011014
0.8982669
-0.010186805
-0.24009782
-0.7750531
-0.8447026
-0.055029154
-1.4999812
-0.1502505
-0.83225787
-0.5933212
-0.53862274
-0.79790646
0.49108022
-1.1744131
-0.76160705
-0.49367824
-0.26276124
0.29158363
0.2656306
-0.4900368
-0.020195067
0.14468397
0.8417558
-0.6878975
-0.35632417
-0.15630734
-0.49386787
-0.25422463
-0.81115746
0.27957335
0.5893736
-0.43222246
0.8764451
-0.97144544
0.2782273
-0.7866832
0.032356586
-0.16674769
-0.7950463
0.034114458
-0.06321834
-0.6067471
0.17694499
0.3688736
-0.9999909
-0.55246663
0.4954421
0.44073033
0.57292944
0.55784863
-0.10707131
-0.08522101
0.13429162
-0.59635127
-0.6487961
-0.67130405
0.26691407
0.30466533
0.6897714
-0.5252032
-0.3416228
-0.16441609
-1.0640852
0.7132541
-0.73026264
0.3672615
0.5877563
0.13070768
-0.28330022
-0.21302478
-0.7815176
0.13261741
0.6575527
1.0221936
0.67422175
0.20126334
-0.6808258
0.431923
-0.75570726
0.6275026
-0.3026819
-0.22357658
-0.45828944
-0.019578261
0.020530459
-0.15219533
-0.1482415
-0.7867044
0.22863437
0.61475384
-0.43069527
0.84924805
0.67660725
0.3974036
0.69937503
0.60742015
-0.7274142
0.55969805
0.5220991
-0.4949392
-0.69160366
0.61525667
-0.41050947
0.79194754
0.7470039
-0.34557226
0.81822664
0.34768623
-0.5614989
0.06695452
-0.90615624
-0.25850368
-0.2994258
0.7376791
0.12547928
-0.70476264
-0.48905858
-0.39261413
-0.004686415
-0.09330886
-0.5328687
0.63853896
-0.123152435
0.02553655
0.2848413
-0.23560226
-0.68218845
0.26550475
0.28707856
-0.6795642
0.5378191
-0.14358212
0.7168938
-0.43252456
-0.33674458
-0.43498847
-0.42826363
-0.61945915
0.6398625
-0.19889048
-0.6280695
0.14886984
-0.24167486
-0.61294377
0.7703465
0.5761948
0.4489178
0.73279643
-0.21517707
-0.3087876
0.74747795
-0.45174253
0.2767839
0.025061024
0.23805176
-0.28446224
0.5100486
-0.050597295
-0.5322211
0.5302255
-0.6521894
0.03348892
-0.34803554
-0.26363173
-0.4478505
-0.47247726
0.7096069
0.66505337
0.37531987
-0.5430056
-0.15181255
0.20606002
0.60786706
-0.41393945
0.015431367
0.020078264
0.0
-0.1793488
-0.1576701
0.08101122
0.0
0.0014945231
-0.122301504
0.03600703
0.0045669526
0.033900462
0.05198288
-0.0215785
0.0
-0.07017275
-0.19353165
0.0
0.15521315
-0.06191261
0.020458998
0.0
0.15960816
0.0
0.0
0.048739288
0.048552036
-0.061977543
0.023080532
-0.004146905
0.24175245
0.09296618
-0.007706717
0.022707624
-0.049935505
-0.11130276
-0.003300243
-0.033969976
-0.020298792
0.0
0.12699819
0.09161071
0.12609541
0.0
-0.04539089
-0.06571996
0.0
-0.059530947
0.051515657
-0.07324195
0.1308667
0.012707823
-0.025602603
-0.21856974
-0.022004409
-0.06332474
0.2423457
0.1313775
-0.05846514
0.0821695
-0.005746396
0.042531997
-0.04563538
0.005445015
0.0
-0.042358775
-0.01015486
-0.10917476
0.0
0.07691827
0.013057668
0.0
0.11941975
0.009346019
0.008772598
-0.21636398
-0.0067504896
0.0073977183
-0.017252658
0.11993915
0.27889204
-0.8334661
0.05493179
-0.07144583
-0.03888902
0.5649481
-0.086039886
0.10471663
-0.77859074
0.45869502
-0.35371926
0.272457
0.23490521
-0.21343306
0.23024446
-0.17285031
-0.6913986
-0.0944055
-0.16367474
-1.4397422
-0.079183795
-0.0857853
0.3390717
-0.026926368
-0.013449818
-0.5422302
-0.60846114
-0.30777824
0.45097202
0.06216215
-0.44244227
0.7727241
-0.104080886
-0.44233042
0.1485154
1.1663277
-0.49456728
-0.39648578
0.66688436
-0.07015042
0.3679424
0.79460806
0.1331545
-0.046304673
-0.057825852
0.22784019
0.23297137
0.48185328
0.16488817
0.21623021
0.47560266
0.24121462
-0.23818895
1.4927366
0.071490444
-0.09417959
-0.69646674
0.2827956
-0.41432267
-0.8148247
0.10947344
-0.46313795
2.0657127
0.8840982
0.08528027
-0.14403637
-1.2867857
0.10773966
0.052057415
0.50025827
0.65952
0.15448204
-0.57299423
0.220806
0.17437738
0.11486277
-0.11253967
0.34178492
-0.31011274
-0.26156366
0.026447844
