9
2
80
1
relu
line
1
0
0.4212058
0.13039961
0.16377491
0.022687338
-0.21130514
0.90644944
-0.25652134
0.24428841
-0.5466094
0.29670644
-0.61341304
0.15999855
0.1590303
-0.2395237
0.6864563
-0.18461746
-0.7139669
-0.2814628
-0.55939174
-0.033362385
0.0032205987
-0.25576234
0.21642947
-0.08027893
-0.04009968
0.09835822
0.20433527
-0.031021876
-0.2983904
0.18596613
-0.29626268
0.3538766
0.28306934
-0.67270035
0.047557853
0.34363705
-0.5811125
-0.5911926
0.26450908
-0.20914817
0.49919
0.41231143
0.92615294
-0.13805383
-0.16313118
0.7830577
0.6945864
0.19002302
0.14904034
0.76311517
0.2998669
0.5147801
-0.14236146
0.43434548
0.24981391
-0.6966957
-0.17303646
0.16952229
0.4190267
-1.2168767
-0.10950848
-0.10677459
0.80807173
0.062496647
0.2542566
-0.14602801
-0.16677181
0.4873854
0.15520525
0.30358025
0.6131877
0.46057642
-0.15961307
0.29563203
0.008968522
0.05788883
-0.34625533
0.12565188
-0.3980945
0.16977414
0.5067476
-0.100741826
-0.7441973
-0.83045286
0.13481703
-0.13037899
0.6968117
0.06696249
-0.36832127
-0.14430954
0.11634121
-0.12057148
-0.28696102
-0.12829827
0.111840665
-0.3590939
-0.22547278
0.626299
0.3766173
-0.192821
-0.63461035
-0.71063244
0.10088139
0.06883168
0.7192329
0.75099885
-0.04967641
-0.009885565
0.8509306
0.5212965
1.2540383
0.1873161
0.38879728
0.032443225
0.29068953
0.06557613
-0.0791941
-0.48466048
0.21543364
0.32140064
0.24298367
-0.6795235
-0.80319273
-0.61818427
-0.15783264
0.6760316
0.44617522
-0.29852843
-0.32269776
0.1926043
-0.22607219
0.24835552
0.2712135
0.6981667
0.0064251437
0.29941496
-0.37747985
-0.54141176
-0.14585651
0.0013963259
0.60392404
0.46719822
-0.17038573
0.02719183
0.24890828
-0.038787678
0.6859071
0.49013954
0.5298581
-0.16845085
-0.32490122
-0.5483483
0.34430575
-0.22270556
0.1617758
-0.2868703
-0.119028926
-0.50956255
-0.046694394
0.12510686
-0.31038448
0.15938509
0.5787395
0.04485379
-0.000501173
-0.09380755
-0.68469316
-0.3831736
0.03556297
-0.16967112
-0.31409392
0.14249738
-0.81217384
-0.22795692
0.51359797
-0.31356734
-0.42810932
-0.269356
1.2481176
-0.6087109
0.56750965
-0.6998525
0.19278193
-0.66204643
-0.40714142
0.16529799
0.55340195
-0.13548777
0.1360684
-0.6660117
0.43599996
-0.588277
0.9666699
0.2921939
-0.6250062
-0.13687354
-0.1114308
-0.4758336
-0.44868967
-0.16620946
0.7783935
-0.25454947
-0.2279626
-0.8117475
-0.47637543
-0.671725
-0.52872986
-0.16216448
0.26715374
-0.08543295
-0.044619363
0.94936025
-0.23395067
-0.8040553
0.40636292
-0.6540609
-0.20227987
0.59474134
-0.117022276
0.22755054
0.48076043
1.0676643
-0.19356951
0.0885835
0.48406017
-0.11381713
0.88087535
0.5666217
-0.033861518
0.10660054
0.013425291
0.1747213
-0.20780459
0.7123022
-0.25458837
0.33549684
-0.23458928
0.49149442
-0.56716037
0.7045529
0.67679805
-0.016283702
-0.75767785
0.4649695
-0.3354185
-0.48503253
0.29565
-0.13709518
-0.755465
-0.4122603
-0.58884376
0.5442264
0.13313197
-0.3499393
0.4931543
0.7400824
-1.2664657
0.19644177
-0.3860945
0.07036371
0.52668655
-0.2477547
-0.4840471
-0.11594111
-0.5315646
0.125391
0.5456983
1.3958123
-2.6551123
-0.46011952
-1.4531391
-0.32682338
0.27169362
-0.1970987
-0.7890728
-1.3911412
0.64128375
-0.12296146
0.07092954
-0.46824905
0.19119576
0.5336057
1.0279241
0.42297316
-0.23303439
0.3494352
0.58027756
0.07029386
-0.1857245
0.7628422
-2.394158
0.31630453
-0.78388184
0.6882515
-0.70597833
-0.075069
-0.38157043
0.4578674
-2.7398803
-1.2103698
0.32356608
-0.25018576
0.07666141
0.5203273
-0.79816765
-0.55258507
0.027942726
-0.9075154
-0.6418035
0.70511955
-0.5638635
-0.77108
0.5562677
-0.4719269
0.3744364
0.071535386
-0.27362686
-0.45756847
0.23134498
-0.78234875
-0.1528591
0.890391
0.67876995
0.32382685
0.52048665
0.26718882
-0.7943302
0.056343287
0.7214474
1.193542
0.019952433
0.4251579
0.95086014
0.12642021
-0.47790673
0.37696642
-0.5967617
-0.71297085
0.15639353
0.830209
0.20105048
0.32053113
-0.3522711
0.7603861
0.7295526
-0.6999295
1.028991
0.46513212
-0.5002762
-0.29687643
-1.0033509
-7.7112184
-0.883077
-0.3609945
0.7328021
0.5160286
0.13361934
0.808477
-0.8215228
-0.57855535
0.47765234
-0.7767795
0.76398915
-0.6138391
0.972266
0.775583
-0.19662553
-0.37800008
-0.16554993
-0.25986868
-1.2172103
-0.66364324
-0.38023078
-0.7407113
-0.15692279
0.41715357
-0.78722966
0.21851636
0.22293292
-0.6516651
0.28170565
-0.747691
-4.5076003
-0.80932623
-0.53225744
0.124234654
-0.8158481
-0.27905586
-0.7254956
1.2554184
-0.064249754
-0.03883916
-0.84145325
-0.25766188
0.2449619
0.36547145
-0.6196546
-0.101016164
-0.4630595
-0.16368513
0.5476179
0.18704088
-0.4237464
-0.2868239
-0.44050568
0.88301426
-0.29573917
0.22304574
-0.08220254
0.4513218
0.3067029
0.6820682
0.086752236
0.28835598
-0.439183
-0.75505465
0.26943868
-0.16021562
-0.24026899
-0.03984116
-0.2268195
0.23317778
0.18789406
0.0911805
-0.5410247
0.006613712
-0.2109426
-0.7580088
-0.58847797
-0.7273439
-0.22654924
0.45842668
0.16155778
-0.7227403
0.29110637
0.2984739
0.10125739
0.573169
0.25879526
-0.5459975
0.62894714
0.5712094
0.45190746
0.17693585
0.5680303
-0.6097495
-0.6348601
0.14778082
-0.6284733
-0.41523203
0.5726992
0.594018
0.17786136
-0.90456057
-0.19729556
0.09109946
-0.7939589
0.77075475
-0.09157689
-0.19122688
-0.564566
0.35439864
0.014954696
0.24884064
-0.15537465
0.4133678
-0.34044302
-0.81160426
-0.79873765
0.10781051
0.2214576
-0.3774939
0.5759945
0.29578394
0.23387896
0.6289874
0.23717487
-0.5868366
0.14114906
0.6019519
0.36420882
-0.8150544
-0.3670007
-0.35708255
-1.0726346
-0.15516555
-0.22671014
0.7384797
-0.077697985
-2.0372462
-0.17991683
-0.65524536
-0.28921977
0.351759
0.23044729
0.015679287
0.6399969
-0.6524065
-0.10811661
0.015075805
0.5779072
0.25593734
0.7234857
-0.47942027
0.10594922
0.25565562
-1.3326423
-0.5389499
-0.07666017
0.16427326
-0.16604972
-0.27552885
0.6378866
0.46161047
-0.5738256
-0.0055951276
0.3855053
-0.7627738
1.0238588
-0.4363866
-0.07528995
-0.14215177
0.09182246
0.2832631
-0.66529936
-0.017786026
-0.21200293
1.1217153
-0.41864514
-0.4243524
1.5087385
0.2400102
-0.3783885
-0.043694787
-0.5705025
0.49634206
0.5208324
-0.28399378
-0.2593242
0.09569785
-0.02790296
0.48954096
-0.28313255
0.37534636
0.33480227
-0.0014948039
0.37952757
0.056192666
-0.24009782
-0.15614279
-0.4425373
-0.055029154
-0.3013085
0.49309388
-0.4549451
-0.88036966
-0.53862274
0.447896
-0.14465576
-1.9160352
-0.7030126
-0.7921871
-0.26276124
0.23475903
0.30906406
-0.36776298
-0.020195067
0.2177174
0.52453756
-0.36172742
-0.4815762
-0.12915201
-0.5172527
-0.36690256
-0.81115746
0.33759588
0.63536507
-0.43222246
0.514382
-0.6904435
0.10356649
-0.7866832
0.15139973
-0.16674769
-0.7950463
0.27799812
0.24069649
-0.39365876
0.21668462
0.3688736
-0.18188305
0.27166885
0.92151296
0.27355304
0.6719702
0.24575342
-1.6983774
0.1494207
-0.19965614
-0.59635127
-0.3163703
-0.16874766
0.17387328
0.30466533
0.6301137
-0.45948607
-0.3416228
0.16533925
-0.27331614
0.7864928
-0.6508511
0.45696625
0.49974507
-0.022784635
-0.283857
-0.20075092
-0.63926816
0.1511629
0.7154859
0.653783
0.7341925
0.009555138
0.14502361
0.75985974
-0.75570726
0.53607655
-0.011758015
0.024746273
-0.45828944
-0.023711113
-0.019872487
-0.15219533
-0.43972194
-0.700008
0.1558957
0.6952613
-0.43069527
0.85312027
0.5914074
1.0513206
0.62848127
0.21134788
-0.7274142
0.7072706
0.6642697
-0.6827269
-0.69160366
0.55733675
-0.16596049
0.941345
0.7730217
-0.4572778
0.80679756
0.3754918
-0.5614989
0.124792695
-0.42009094
-0.25850368
-0.38377893
0.77784467
0.16072772
-0.70476264
-0.67049176
-0.39261413
-0.004686415
-0.05236421
-0.5053632
0.7529639
0.02442782
0.026577652
0.39320415
-0.27257597
-0.51102304
0.10015538
0.28171796
-0.5406418
-0.37602654
-0.18711643
0.46347493
-0.43252456
-0.2385289
-0.3774028
-0.6201896
-0.61945915
0.7206194
-0.1331712
-0.6280695
0.54806346
0.028884828
-0.53970504
0.40968168
0.52812934
0.48348132
0.5348811
-0.21953613
-0.2963608
0.4503423
-0.7034056
0.56020796
-0.13710009
0.30954978
-0.47889212
0.48243737
-0.21849123
-0.5322211
0.57407254
-0.39555058
0.3791037
-0.34803554
-0.27165923
-0.48566893
-0.47247726
0.59340066
0.6178891
0.20026158
-0.3588359
-0.14710104
0.24577679
0.65102804
-0.2297994
-0.17100728
-0.17327648
0.0
0.10416494
0.13221195
0.14453259
0.0
-0.17226593
0.124356106
0.060114097
0.14870267
-0.0020811784
0.15200438
0.11779622
0.0
-0.013434388
0.29252508
0.0
0.07400207
0.25569913
-0.046539087
0.0
-0.06182617
0.0
0.0
-0.049904436
0.1997055
0.23626694
0.15005356
0.0
0.21445301
-0.025114693
0.10754527
-0.0796854
0.036921076
0.027222747
0.3813968
0.26053753
-0.2925693
0.0
0.07012217
-0.034121014
-0.09370429
0.0
0.12846749
0.0
0.0
-0.043915607
0.0
0.0
-0.043265607
-0.15131584
0.1134913
-0.12337135
-0.025442598
-0.05089773
0.0
-0.030879298
0.017826213
-0.0101780025
-0.096780844
0.024976332
-0.29320228
-0.006613156
0.0
0.11387049
0.11009245
0.07602593
0.0
-0.0092793945
0.0
0.0
0.14471373
-0.15399376
-0.2630768
0.09482199
0.0
-0.011353612
0.12372216
0.03720155
0.06671723
-0.23562402
0.05493179
-0.07120451
-0.30294496
-0.8936143
-0.086039886
0.07909335
-0.36139962
0.9543414
-0.3981514
-0.536242
-0.56591237
-0.10941778
0.23024446
-0.051923618
-0.11762134
-0.0944055
-0.4902843
-0.6336271
0.12496282
-0.0857853
1.0578737
-0.026926368
-0.013449818
0.4350662
-0.88100904
-0.49956772
0.06054076
0.06237492
0.29947197
2.878448
0.48699725
-0.16141757
-0.16293888
0.47750404
-0.91197914
-0.8916668
1.1082623
-0.07015042
0.1342157
0.120720595
0.38336387
-0.046304673
-0.25512236
0.26264554
0.23297137
0.23133475
0.04998964
0.2559566
-0.20237477
0.32375297
-0.11237464
0.049288105
0.068400495
-0.19171458
-0.05803819
-0.76702195
0.36978158
-0.24751127
0.06003543
-0.824589
0.7930297
0.39516377
0.08528027
-0.11927649
0.33411095
0.6867122
0.052057415
0.50912297
0.2056694
0.15448204
-0.2552239
0.27774924
-0.24786569
-0.08355554
-0.116137564
0.3000813
-0.18962076
0.62687904
-0.14111044
