49
2
80
1
relu
line
1
1
0.2085244
-0.6677774
0.1366091
-0.92414427
0.39297503
0.10165242
0.14505786
-0.22175759
-4.1589646
0.14006123
-0.17759478
-0.13055828
0.16217685
-0.29193008
0.35810566
0.21670711
0.3128702
0.28682506
0.19120057
0.14058739
1.7941718
0.07756773
0.1893698
0.24350685
0.20462257
-0.29525638
0.009768714
-0.1806692
-0.16659202
-0.014366644
0.62723696
-0.13515761
0.036230706
-0.38921252
0.8981394
-0.09428214
-0.2722171
0.20244986
-0.26649907
-0.6957768
-0.11719601
0.07138762
0.09480308
0.49553895
0.81273675
-0.011114301
0.017176898
0.10315074
-0.58329564
0.034693178
-0.060236886
-0.0327484
-0.031850092
-0.22123227
0.2657181
-1.2493951
-0.5266301
0.19126125
-0.07517691
-0.08507443
-0.20469555
-2.2298217
-0.23425779
0.33921355
-1.3127322
0.2536847
0.21577089
-0.2002192
-0.032455027
0.63538533
0.28394324
0.27830955
-0.23809668
0.056258604
0.055035975
1.1613991
0.086375505
-0.043329448
-0.21728769
-0.23196079
-0.2479047
0.06939314
-1.4638678
-0.33807942
-0.0059792222
-0.2654975
0.28068793
0.28512216
0.04186741
0.07605152
-0.18090682
0.0783463
-0.04077944
0.547795
0.58470273
-1.5308237
-0.118974335
0.18656597
0.85526484
-0.01275904
-0.75522995
-0.2771951
-1.1662402
-0.31864798
0.093124725
-0.008994643
-0.17213015
0.055857927
-0.4513225
-0.065056324
0.017479155
0.8403554
0.12824546
0.064472415
0.23408893
-0.24495673
-0.5981619
-0.25890127
0.103291966
-0.59324366
-0.10879773
-1.0130366
-0.007597056
-0.65400076
0.5993932
0.34561557
0.3361847
0.012315792
-0.3377936
-0.09557088
0.13556466
0.058277432
-0.19607599
0.24625236
0.18852979
0.020600919
-0.029970108
0.06972947
0.22879362
0.4021425
0.25420132
-1.195883
-0.17345062
-0.14962025
-0.1589159
0.28377193
0.28973886
-0.23216206
-0.46141344
-0.25025663
-0.40710038
-0.0969235
-0.16174786
0.15223078
0.13633475
0.8442413
0.025904477
-0.2478162
-0.12853156
-0.1950493
0.059737258
-0.020424506
-0.13799368
-0.46923593
-0.05779696
0.08552885
0.26567814
-0.63468057
0.046405233
-0.08496278
-0.39915195
0.29179317
0.09931925
-0.05410486
0.4043736
-0.037452836
0.1805141
0.24953929
0.728911
0.26043874
-0.32475448
0.10435264
0.46384165
-0.02178824
0.89116865
0.14700563
0.19644393
-0.30317175
0.05472573
0.5014489
0.15821956
0.07357357
-0.17494072
-0.19502279
0.3699144
-0.18715203
-0.051025257
0.22127819
-0.36911172
-0.32163787
0.47454226
-0.2854299
-0.10211913
0.35836685
0.11647334
-0.15535173
-3.1306403
0.024749842
0.39445525
0.07753064
0.08827549
-0.052030426
0.1744228
-0.083888024
-0.09417239
-0.06753244
-0.34956095
0.21072268
0.026028652
-0.013566119
0.2403597
0.1462441
-0.15553902
-1.7944322
0.19484393
0.38677177
-0.13028209
-0.08352642
0.20716055
-0.09598363
-0.12520117
0.13062683
-0.2672781
0.18751198
-1.5858485
0.42588335
0.24177337
0.29433498
-0.17794609
-0.11068736
-0.023451243
0.22799712
-0.32378602
-0.052433148
0.26600492
-2.6196048
0.42986375
-0.40924177
-0.08429986
0.097461745
-0.32530156
0.032071244
0.112407565
0.16785519
0.20593897
0.05814188
-0.009821131
0.15065537
-0.015313062
-0.46020117
-0.24022654
-0.0444578
-0.04060255
-0.06596297
-0.33468914
0.64824593
-1.2027603
0.05034868
0.062489547
-0.03345387
0.0019316825
0.8127169
0.09816878
-0.045728486
0.34730408
0.01993686
0.099483356
-0.050025314
-0.5035401
-0.50646436
0.13685915
-0.1060998
-0.07174351
0.44584313
0.41852272
-0.2536081
0.22695166
0.22011618
0.26494652
-0.23289606
-0.12555867
0.08233171
-0.118826404
0.2498157
-0.19698754
-0.17063639
0.09816408
0.5573964
-0.37927705
0.096124046
-0.14279912
-0.33085638
-0.21310593
-0.5252333
0.017233914
0.94177455
0.104664266
0.1820904
-0.09222811
0.33456987
0.07647714
0.21522184
0.0042594373
-0.016328905
-0.1684705
0.35314506
0.20603395
0.2194883
-0.14057013
-0.100163594
-0.09078741
-0.1987401
-0.17749637
0.05427511
0.177931
0.4556352
0.40016747
0.31949243
0.11979353
0.05211551
-0.0072971857
-0.17408828
-0.30470684
-0.080882184
0.14811043
0.27958766
0.36136013
0.7029166
-0.17341112
0.043696992
-0.081296094
-0.071182095
0.07094866
-2.3752797
0.5640063
0.3565003
-0.08479663
-0.058874525
-0.009746094
0.16994907
-0.1655516
-0.016861336
-0.10034794
0.21349752
0.2574816
0.11557781
0.6865055
0.11070416
0.13995683
-0.1410158
0.91118693
-0.22411475
0.00808891
0.2843557
0.034384765
0.40839738
0.08425949
0.118400574
0.3567338
-0.011723834
-0.21598111
0.2303227
0.23786888
0.63321143
-0.19256802
0.05530288
0.18202662
0.12661457
0.009176965
0.21581292
-0.28509927
-0.01777069
-0.32751292
-0.19858414
-0.39965802
-0.03149284
-0.05024775
0.19737832
0.21857573
0.2088303
-0.028528819
0.02976048
0.09191701
0.18557459
-0.02694703
0.41611484
-0.18322363
0.13726994
0.16396914
0.022832096
-0.28571606
-0.17049928
-0.12738281
0.26564753
-0.41354918
-0.08284023
0.09815243
0.057990752
-0.10365326
0.23185778
-0.75413966
0.30043525
0.34481955
-0.48765904
0.1306468
-1.2236117
0.3329954
0.05792772
-0.028934095
0.21872967
-0.4895963
0.73069686
-0.21908894
0.34387386
-0.033475693
-0.81826544
-0.27964923
-0.02554974
-0.1952025
0.163783
-2.8525932
-0.30191097
-0.12976028
0.25871584
0.57183814
0.24815813
-0.7631745
-0.08368105
0.09627428
-0.3550183
-0.12425536
-1.7534436
-0.48278773
-0.26431215
0.29994318
-0.19266187
-0.27292797
-0.17905526
-0.46970555
-0.31634775
-0.73001146
1.1098762
-0.3955284
-0.31018493
0.2701198
-0.16912737
0.33746332
0.111684255
-0.24821962
0.25743833
-0.94153917
1.2385044
0.24710137
-0.26716238
-0.5825556
0.34846425
0.014326027
0.48510775
0.04975583
-0.06671935
0.5168865
0.25460824
0.06334725
-0.37296093
-0.16335925
-1.462287
0.04995528
-0.3428372
-0.20615163
-0.1539603
-0.14931783
-0.25081575
-0.3022643
0.23975031
0.061968923
-0.4980248
0.015841216
0.34150073
-0.044258364
-0.19854861
0.21737318
-0.18770051
0.023945004
-0.5181158
0.03047381
-0.08739644
-0.019796895
0.10377542
-1.3428811
-0.095703036
0.039393395
0.42754394
0.3948789
-0.2202325
-0.09803577
0.47205928
-0.07540749
0.27469242
-0.33517736
-0.2727363
-0.7529326
-1.4225055
-0.0839014
0.17148735
0.32418993
0.31869054
2.142298
-0.33104846
-0.46440434
-0.24922122
0.041833524
-0.5004764
-0.17502125
0.08847141
-0.80777895
0.21068914
0.02272299
0.23457971
0.8124198
0.3338239
-0.13905083
-0.27266663
-0.3082337
-0.3304781
-0.0230304
-0.61270916
-0.18568113
-0.07770314
-0.21038392
0.28788266
-0.4236033
-0.08260296
-0.2368666
-0.7743496
-0.016057936
0.22991425
0.08672615
0.3226256
0.02818131
0.20022507
0.00372158
0.41912293
0.15410519
0.8866302
0.106334575
0.36114228
-0.1551127
0.31190968
-0.07328892
0.20864844
0.15045415
-0.2572404
0.45105943
0.2100143
0.07837259
-0.27782112
-0.92171156
0.0900769
0.3771721
-0.09409121
0.0646179
0.3628315
-0.27574348
0.23602594
-0.3205475
0.13639003
-0.18549342
-0.15730903
-0.828288
0.07617562
0.16504563
0.5758813
-0.2925779
0.2714605
0.2736623
-0.45030993
-0.16632178
0.052882433
-0.20435396
-0.017589986
-0.18460357
0.15638685
-0.027403912
0.043374177
-1.233598
0.19052623
-0.36868212
-0.2569044
-0.29732734
0.54601526
-0.90553546
0.33799395
0.11008928
-0.0014188404
-0.22840874
-0.29547974
-0.61600244
-0.039968945
-0.71666694
0.057475753
-0.2105559
0.1799006
-0.19414212
-0.26291996
0.21647638
-0.05088617
-0.5012184
0.3101684
-0.02243686
0.26780388
-0.24559918
0.13092844
0.28850722
0.5842867
-0.18400823
0.0442685
0.088074625
0.16227035
0.183156
0.29498932
0.31468937
0.049300276
-0.2904561
-0.077545665
-0.28312138
-0.16937675
0.19488192
-0.30957276
-0.12683028
-0.080557734
-0.25834814
-0.11144249
-0.044122428
0.08979247
0.029251264
-0.51227593
-0.44886947
-0.19251795
0.07433739
-0.28847376
0.06115751
0.24556693
-0.3270506
0.1592053
-0.041585445
0.13890603
-0.107797734
-0.28503704
0.10342441
-0.08545725
0.36705893
0.4812141
0.20274137
-0.45421603
0.23078664
-0.35602632
-0.22837566
0.092604615
-0.20444196
0.08593358
0.07702516
0.05053995
0.1700172
0.021749377
0.276572
-0.12171932
-0.1022655
0.28059733
-0.026259825
0.6963642
-0.26391053
0.15610354
-0.14576289
-0.3629096
-0.2877181
0.23167865
0.38691908
-0.4780288
-0.13869135
-0.7002916
-0.5169937
0.17145161
-0.34794182
0.09172365
-0.3071949
0.08468755
-0.015661329
-1.1440715
0.5085633
-0.17594945
-0.23574723
0.004452925
0.087948024
0.8851948
0.166757
-0.011974595
0.21860856
-0.2540189
0.25368437
-0.12425426
0.19287325
0.2909943
-0.31310993
0.1754751
0.2501987
-0.14190842
-0.3001808
0.61933196
-0.17738456
0.017148525
0.14893454
-0.38769004
0.0063893916
0.34182537
0.014408713
-0.41130787
-0.038346086
0.052844185
-0.33791205
-0.30000496
0.14879254
0.34281227
-0.2759341
-0.041866835
-0.014036851
0.12848629
-0.1175694
-0.13242684
-0.44984198
0.35005516
0.11191379
-0.114073604
0.6957954
0.12127724
0.2570046
-0.38236004
0.16104338
0.21665779
-0.07393225
-0.14160602
0.23213232
-0.017355105
-0.085307606
0.3806052
-0.05090308
-0.08872312
-0.48233694
0.09432047
0.18780227
-0.121105045
-0.26346856
-0.09987766
0.027326912
-0.016610472
-0.30779657
-0.14444944
0.21550521
-0.30835176
0.02344209
-0.09371734
-0.24763733
-0.10327983
-0.3785513
-0.635004
0.29719922
-0.08758977
-0.27204412
0.019057853
0.0016266427
0.09496264
0.03513006
0.3028271
-0.22037695
-5.0021466e-05
-0.1582348
0.06534197
-0.077246025
-0.3011032
0.1338182
-0.06367013
0.17540127
0.350235
-0.14302589
0.17378801
-0.030098118
-0.18772767
-0.244535
0.038766515
0.23320395
-0.046710372
0.91537154
0.9432441
0.29323065
0.49540952
-0.51182777
-0.09364428
0.00928095
0.027486881
0.6925975
-0.818858
-0.5214018
0.23994507
-0.27227888
0.26528025
-0.90822357
2.0306528
0.096752696
0.15540971
-0.2851924
-0.07703689
0.7016212
0.17438066
-1.7205639
0.06800273
-1.3085513
-4.018068
0.21053915
0.13357893
-0.30038822
0.3636483
-0.39620438
-0.04583951
-0.33288082
-0.31144238
-1.1033224
0.41872287
-0.1305042
-0.2931374
0.8323924
2.4257576
0.2619825
1.2250909
0.5892113
0.05197666
-1.3533559
-0.31853697
-1.7435485
-0.21296382
-3.513788
-0.2822088
0.15009923
-2.4467883
-0.083133765
0.18583357
0.3147686
0.48004493
-0.13829525
-0.043359373
-0.18284361
0.14306167
-0.78263265
0.04524561
0.16012675
-0.82269
0.3310788
-0.4064495
-0.35710007
-0.42396456
-0.17712976
-0.70140076
0.18413225
0.21288192
0.13316706
-0.227345
0.08701771
-3.0451255
0.2329356
0.18593991
-0.23203138
0.1893419
0.66884136
0.9789049
-1.2691691
-0.15058881
-0.4557798
-0.3317185
-0.23044533
0.65200496
-0.67797124
0.16005549
0.029841507
-0.6262418
0.21266603
-0.7545184
-0.5876365
-0.4999044
-0.34488428
-0.35912043
0.6123043
0.05848493
-0.1518001
-0.6061577
0.3814849
0.116725765
-0.32504967
-0.3370192
0.17119913
0.19442582
0.29003906
0.48726538
-1.0090061
-1.3740345
-0.034204606
-0.46853337
-0.11166861
1.1538678
-0.2624174
-0.008076876
-0.024935544
0.22318593
0.28914317
0.030591823
0.06362901
-0.103551954
-0.43469945
-0.021956991
0.005133193
-0.24182387
-0.6313558
-0.27262267
-0.09389515
0.50940293
-0.04935085
0.24255204
-0.1709947
0.27441025
0.49470282
-0.17917567
-0.5077956
-0.22253776
-0.47729695
0.3048625
0.26989043
-1.3069113
0.19964008
-0.99559385
0.10227743
0.10631906
-0.1002493
-0.25806704
-0.01743602
-0.042027958
-0.32202923
0.686265
-0.13125883
-0.72647214
-0.12837918
-0.017548017
0.4189922
0.27148533
-0.1774404
-0.1415285
0.5604908
0.30746666
0.013943255
-0.9051168
-1.5142422
0.61868167
-0.2727806
-0.18204738
-0.4227632
-0.3830981
0.31211644
0.05351022
-0.2533796
-0.5198354
0.050199535
-0.738004
-0.021383235
-0.31553328
-0.008977498
0.42658713
-0.21138507
-0.5731345
-0.31562835
0.1177589
-0.11808564
0.079431266
-0.18368302
-0.38944328
0.37516946
-0.43404853
-0.12610449
0.23210227
-0.05455731
0.57802165
0.32782084
-0.33107373
0.1311518
0.034697346
-1.351288
-0.8395766
0.26905605
-0.024007993
0.31777644
-0.10115695
0.26701838
-0.17783163
-0.5748415
-0.11426326
-0.30538312
0.03290058
0.8922028
-0.21965264
0.32675755
-0.10154554
0.26537016
-0.14114375
-0.38035762
-0.42599297
0.24776492
-0.44485772
-0.21325137
-0.684132
-0.21538952
-0.61012024
-0.2720121
0.4449016
0.032366633
-0.22953205
-0.16131315
-0.254854
-0.28677213
0.1903357
0.91597176
-0.54981375
-0.059975415
-0.8663036
0.341518
0.29890114
0.29664692
0.4215413
-0.0428191
0.16624781
0.1582146
0.42393696
0.35619575
0.389121
0.18145007
0.3297419
0.4071405
-0.5157516
0.32084787
-0.18551634
-0.10557968
-0.1593889
-0.15069248
-0.21413009
-0.16521424
-0.34826365
0.39406174
0.092983745
-0.53303003
0.0980514
-0.22990096
-0.17428887
-0.07948207
0.056571893
-0.07511551
0.21022911
0.23716038
-0.50690526
-0.19233185
-0.028637288
0.5370086
0.013757234
0.33840027
-0.24840143
0.44369894
-0.32411638
-0.2159302
0.14865871
-0.14218096
-0.16494866
-0.3515609
-0.1445926
-0.13762544
-0.5134824
-0.07884821
1.1101358
-0.28170598
0.07248814
-0.093798526
-2.139899
-0.22399789
0.4253886
-0.25653812
-1.3096668
-0.16864334
0.112329066
0.12313449
0.08201996
-0.06649825
-0.011422158
-0.13020259
-0.044142872
-0.4816689
0.30956408
0.2839741
-0.07281104
0.04315225
0.1742674
0.25273216
-0.05436305
0.3986906
0.20535822
-0.21029784
-0.5443254
-0.21952648
-0.08043113
0.13748415
0.2892045
0.42467785
0.46882293
-0.3572906
0.2796963
0.85197604
0.4495996
-0.3485627
-0.104446396
-0.17436475
0.11772359
-0.16464481
-0.37861958
-0.082176246
-0.32191747
-0.005865444
-0.15465115
0.45181498
-0.95954233
0.15365064
0.30959055
-0.14052087
-0.041867826
-0.15324773
0.037688296
0.22345977
-0.30284333
0.12372752
0.310628
-0.27550238
-0.40922803
0.07524966
-0.2778774
0.5941238
0.04227014
-0.19282274
-0.2258936
0.3438142
0.13755643
-0.15275761
0.16321087
-0.01604814
-0.17829648
0.21792215
0.089192025
-0.1498279
-0.36324763
-0.1127421
0.21549809
-0.25770387
-0.008500439
0.12789725
0.634946
-0.35489172
0.17165509
-0.056224037
-0.1986306
-0.50204927
0.16836613
-0.17831814
0.1775931
0.11001781
-0.0041517336
0.26644343
-0.2499428
-0.2714918
0.28193754
-0.0069488157
-0.017973926
0.41085795
-0.24686137
0.24409717
0.09305282
0.44825557
-0.27713898
0.085316055
-0.3092172
-0.36180022
-0.21752255
-0.9218847
0.1377243
-0.8419819
0.035176154
-0.013901395
1.5009227
0.19315642
-0.11614939
0.07807625
0.9591034
0.20391135
0.23906228
-0.2521376
0.4068508
0.253776
-0.17065564
-0.058144603
-0.019602248
0.09051435
-0.14962256
0.5409822
-0.107798554
-0.48688915
0.2234639
-0.08156078
-0.39812383
0.29158634
-0.16165428
0.3927974
0.4887862
0.6951094
0.20273748
-0.05204812
-0.1955147
0.7590468
-0.61729985
0.6605199
-0.07186696
0.006061534
-0.31880662
0.02808693
0.49534655
-0.35932815
-0.28671312
0.22206719
-0.1112919
0.43492797
0.40555814
-4.734873
0.29683304
-0.08465068
0.5379829
0.3468062
0.11423239
0.16805053
0.056309786
0.6271234
-0.45132157
1.4618917
-0.42626336
0.16165885
-0.7118305
0.19923812
-0.40443087
0.1391111
0.11420782
-0.4337015
0.66681075
-0.18596977
-0.5810509
-0.5494983
-0.4013523
-0.19760458
1.0496776
0.021459376
0.7037376
0.07493374
-0.05618175
0.00411312
-0.10522111
-0.95250994
-0.15993924
-0.2762652
0.08252922
0.42684352
0.10404406
-0.22708662
-0.008284079
0.093076356
0.24576019
0.42944622
-0.48328072
0.1741873
-0.41194993
0.25766796
0.44875404
-0.6110503
0.29533905
-0.21810423
-0.033199098
0.12800643
-0.10399033
-0.17009985
-2.82691
-0.19403155
0.42051423
-0.029775096
-0.16066551
-0.066212475
0.09875887
0.10101838
0.32818168
-0.09033154
-0.3554628
0.29329067
-1.0172642
-0.3891735
-0.06660348
0.22158673
-0.09114567
-0.17884746
0.015796797
0.027985176
-0.5602638
0.2725279
-0.4619439
0.03553432
-0.38777387
0.48789275
0.2050426
-0.2388963
-0.60331464
0.057095986
-0.14088522
-0.19263972
0.121456884
0.72813445
-0.2132218
0.34644786
0.23952278
-0.3048132
-0.30842292
-0.17641315
-0.32277718
0.018103916
0.12381564
0.028686639
0.12155701
0.3650922
-0.2642381
-0.21663056
-0.8058592
-0.08381757
0.35775235
-0.812859
0.41560826
-0.3123029
0.025194444
0.15936059
-0.04333985
-0.18097405
0.13010234
0.24552985
-0.31520256
-0.00969363
0.17161107
0.33151448
0.2771958
-0.12877715
0.037625037
0.045474973
-0.09008104
-0.06833598
-0.33898827
0.41774127
-0.554856
0.1759651
0.33964083
0.06510164
-1.6584121
-0.1227901
0.017241945
-0.11008855
-0.10970857
-0.076962814
0.3605511
0.1834111
-0.32263413
0.22659439
-0.015596925
-0.052797627
0.3040345
-0.25144053
-0.19390838
-0.090031795
-0.13445379
-0.17843764
0.3269199
0.12469337
-0.10400021
-0.38475868
-0.15821916
0.25097215
-0.37657464
0.061071537
0.1301883
-0.009790619
0.005672956
0.8740856
-0.0628923
-0.2298259
0.22341196
0.14492925
0.23386234
0.10263619
0.03774498
0.38075572
0.61650085
0.10068512
-0.22037295
0.062483665
-0.12092112
0.31983447
-0.106624685
0.04074637
0.027825506
0.015404541
-0.27488038
0.2896752
-0.3181477
-0.25833923
-0.011331621
-0.041484207
0.3269092
-0.9988346
-0.33197767
0.09205592
-0.16917467
0.1168407
-0.053343475
-0.052222945
-0.048894357
0.05228776
0.2012983
-0.17885216
-0.19837384
0.083419465
0.33601016
-0.06991891
-0.18230884
0.31048572
0.29542154
0.34311867
0.14342108
0.2525211
0.2434699
0.43386576
0.38967755
0.09002961
-0.33906555
0.12690924
0.017051859
-0.086030506
0.05604897
-0.2820601
-0.053208437
0.09453076
0.29376978
0.3319184
-0.116102755
0.12783678
0.39620098
0.000334552
-0.4764749
-0.49584025
-0.016094828
0.2684709
0.18222725
0.03440787
0.26538765
-0.059607282
0.01200402
-0.22014904
-0.07426411
0.31166285
0.21718815
-0.23465146
-0.46248683
0.03270317
-0.9108711
-0.035108745
-0.09265363
0.23353498
-3.4311476
0.18622343
0.23171249
0.2676001
0.007974129
-0.31265575
0.32050258
0.2838399
0.10387751
-0.25546914
0.04255789
0.2147131
0.45820588
-0.28155938
-0.253001
0.27097553
-0.099299684
0.2424633
0.29509678
0.32867688
-0.329751
0.43771064
-0.18848154
-0.1938605
-0.6506375
-0.24309458
0.34419423
0.07297649
0.20600262
0.2782932
-0.06347683
0.02433378
0.23843047
-0.053411517
0.100865036
0.13763614
-0.09366938
0.18094821
-0.24193421
-0.15030882
0.29444525
-0.20225598
-0.07889764
0.2631913
-0.18423383
-0.27109554
-0.20497167
0.2109568
-0.2191912
0.23117964
-0.1378986
0.29384318
-0.3829774
0.21115889
-0.31305426
-0.2957187
0.047014873
-0.082073666
-0.19761205
-0.04335497
0.0043705218
-0.10746138
0.036303103
0.15146196
-0.008628874
0.29881877
-0.15257403
-0.16129038
-0.011113104
-0.039316405
-0.2887477
-0.090649344
0.3001777
0.25967327
0.047482148
0.023337638
-0.0008553678
0.3761037
0.2743016
0.12811004
0.17675951
-0.031793687
0.21758255
0.030559573
-0.31937844
0.3265583
0.25107566
-0.30228442
-0.19788043
-0.18425132
0.004847292
0.29813552
0.19575721
0.054265954
-0.0047936984
-0.14116947
-0.22452864
0.24794303
-0.16631928
-0.2545171
0.19725251
-0.13296999
0.18261154
-0.31308004
0.351048
0.12217283
0.14046344
0.03393029
0.2876191
-0.18519717
-0.53694075
0.091829434
0.4167294
-0.12327483
-0.36059502
-0.4207218
-0.42524013
-0.50020784
-0.06281606
-0.0131448805
0.010804378
-0.22021222
0.029938042
0.121410795
-0.19786529
0.7423938
-0.2741323
-0.07139525
-0.5110889
0.097282104
-1.1884798
-0.071757816
-0.22000162
0.24827491
-0.024827152
0.12865314
-0.63111645
0.094952255
0.15135963
0.18327627
0.1634237
0.0096227
-0.11026707
-0.09603562
0.2715701
-0.14200562
0.07554207
-0.01846472
0.053206563
-1.024214
0.3949557
-0.03145353
0.08481484
-0.10573085
-0.5299951
-0.35272124
-0.11867532
0.8368359
-0.63281
0.124400094
0.2563122
0.25090218
-0.29521623
-1.098758
-0.3425541
-0.74802536
0.037367124
-0.2052584
-0.26703718
-0.06869739
0.020153323
-0.06293882
-0.15417199
-0.32108033
-1.3103297
0.047639485
0.3302028
0.77971935
0.4680176
0.20446289
-1.3276712
-0.113177665
-0.3941874
0.28565007
-1.2026317
-0.030764723
0.2271105
0.7412553
-0.18444023
-0.50330853
-0.47077733
0.72756183
0.14350438
-0.17692822
0.07743141
-0.47255477
0.3248454
-0.13155195
0.4601754
-0.3026035
0.20994636
0.08282924
0.54759586
0.3591433
-0.13832206
-0.24540216
0.4025311
-0.5488288
0.069806345
0.0754351
-0.5464392
-0.009340068
-0.55501544
-0.22639433
-0.3385965
0.90470654
-0.12648547
-0.4622769
-0.080861114
0.090028614
-0.27384585
-0.0427769
-0.02462922
0.23901863
0.19799471
-0.41724762
-0.15538609
0.24591613
0.61497724
-0.22978546
0.2568296
-0.33678076
-0.0800874
-0.6111005
0.22960392
-0.3837176
-0.067316346
0.28036717
-0.73479563
-0.56608707
-0.101471335
0.12688306
-0.60502756
-0.21289617
-0.016579065
-0.16316417
0.5006965
-0.00032708803
0.4176486
-0.2790252
0.17261405
0.0045780446
-0.015447867
0.2701644
-0.4803213
0.061590236
0.25497648
-0.21955803
-0.04415079
0.25609803
-0.77579194
-0.368754
-0.05653664
-0.003014654
-0.11928054
-0.18193221
-0.10075775
-0.15860298
-0.5192992
-0.14645001
0.12384214
-0.64045
-0.087075315
-0.9306796
-0.005458598
-0.596935
-0.26786473
-0.11346792
0.3493382
-0.22385031
-0.16141191
0.27410254
0.14477095
0.10495655
-0.2971113
-0.13292159
0.17647485
-0.17047533
-0.16472988
0.4300419
-0.053266864
-0.027935097
0.40867957
-0.4082786
-0.122750804
0.2640779
-0.24537879
-0.356654
-0.07703299
0.20488049
0.06649033
-0.092585795
-0.0010385542
0.0048416452
0.2838248
-0.4328305
0.13836819
-0.012462746
0.03405409
0.24116065
0.15948117
-0.2216368
0.0589192
-0.31674406
0.45175257
0.4294263
-0.32917067
0.012682746
0.6216377
-0.20286505
0.17197882
-0.31584254
-0.10941821
-0.46547818
0.0941606
-0.076482825
0.29658833
0.8319445
0.34009907
0.2829073
0.020648014
0.09973059
0.002080629
-0.18770044
0.21917869
-0.4560749
0.28544587
-0.21805234
0.22180119
-0.080497205
-0.56641877
-0.64506894
-0.16698472
-0.14118832
-0.03391582
0.11780093
-0.32548293
-0.27985305
-0.26001894
0.13885154
0.06419363
-0.3605977
-0.2692063
-0.26999262
0.16824907
0.21088696
-0.2146861
-0.023233553
-0.10935114
0.0022335947
0.30363804
0.6206609
0.16676785
0.400789
-0.21567449
-0.124053136
0.06564857
-0.26769218
-0.10215844
0.13892195
-0.0039328057
-0.5348513
0.2318233
-0.013202941
-0.07469682
0.15641238
0.0749189
0.20502546
0.29833218
0.371055
0.045454025
-0.2910109
-0.044542458
0.18833163
-0.023918658
0.13897982
0.054505933
0.021603473
0.30665725
0.23884316
0.18545105
0.2960217
-0.47969303
-0.13963424
0.42109966
0.0071997577
-0.45226276
0.03113026
-0.35298193
0.058517832
-0.3351024
0.022365855
-0.4100001
-0.2878811
0.09544698
0.4950655
-0.08399708
-0.014412853
-0.029242847
-0.17672814
0.039520122
-0.3755641
-0.10963158
0.016562406
0.10208367
0.14822793
0.0969883
-0.38821372
0.21994464
-0.11169712
0.046234068
-0.24004897
0.44810808
0.28720695
0.42881152
0.1627734
-0.33977482
-0.24707837
-0.40579665
0.18191448
0.08681322
0.11431959
-0.33803168
-0.11498594
-0.22315899
0.21548003
0.28419635
-0.12012675
-0.0686471
-0.26183218
0.19325374
0.31486008
-0.1300445
-0.27439797
-0.027005117
-0.0061648614
0.2061183
-0.31765902
0.34050167
-0.3710992
-0.015568589
0.36890927
-0.3105214
0.10579276
-0.18924214
-0.29762432
0.13849507
0.24464183
0.0619908
0.24774545
-0.1328362
0.1642015
-0.29528275
-0.2530707
-0.33718866
-0.17463003
0.0008595347
-0.16880189
0.005189594
0.26815423
0.14833973
-0.20090443
0.32728824
-0.41107994
-0.13150962
0.1213503
-0.27169824
0.13894396
-0.31185114
-0.27653068
0.032225445
0.19451413
0.07705492
0.09499575
0.24811125
0.31206185
-0.18312828
-0.04819508
-0.3561793
-0.00766474
-0.31922436
-0.10000922
-0.2779478
0.4307837
0.1463694
0.047580123
0.010716147
0.10774749
-0.26776946
-0.2762556
-0.2554522
-0.107302256
0.103965536
0.29823616
0.243282
0.1112899
-0.06688312
-0.095131345
0.17559908
-0.29378667
0.75205743
0.31224903
-0.14135516
-0.19619797
-0.04245524
-0.7413668
0.102641
1.0272386
0.09756632
-0.2941335
-0.55824506
-0.13180527
-0.2107889
0.15156168
-0.24127862
-1.6127511
0.14848447
-4.315917
0.015592507
-0.13837719
0.1380527
0.10963657
-1.225692
-0.00085138273
0.31541747
0.29866797
-0.28331655
0.38225132
-0.5705067
-0.39291868
0.13732098
1.4937302
-0.0796806
0.16068035
0.26229334
0.04565851
-0.4550636
0.03743875
-0.016057432
0.021290308
0.11472769
-1.1194059
-0.043599293
-0.10438793
0.28092867
0.04149248
0.3313454
0.0070399744
0.31586823
-0.038365036
0.09947488
-0.18246984
0.8769817
-0.1508209
-0.36760774
0.14103627
-0.018246323
-2.1627033
-0.15763694
-0.023280472
0.28446066
0.19497988
-0.06627442
0.055741306
-0.9831494
-0.13426787
-0.3376055
-0.46157682
-0.12001033
-0.08825362
0.066023596
0.22193815
0.19220422
0.1636895
0.19531864
-0.28540075
0.15802848
0.4434941
0.30837503
-8.513095
-0.96025
-0.039897878
-0.31398144
0.085210055
-0.6403099
-0.14798084
-0.003817629
-0.074437775
-0.31933358
-0.04520896
-0.1624433
-0.22554585
0.38604587
-0.051658068
0.11185567
0.05641147
0.027467145
0.42784747
-0.352564
-2.5459144
-0.16695875
0.11631612
0.06828683
-0.120394304
0.11317617
0.069406636
-0.031616043
0.0796741
-0.36347577
0.20405068
-0.2687103
-0.5382314
0.11477264
-0.09007668
0.26623017
0.1786701
0.3335929
-1.3114603
-0.18076813
0.059805717
0.08578115
-0.11317616
-0.2285053
0.08877194
0.013861743
0.13441603
0.038207777
-0.044840258
-0.07698059
0.081690036
0.10648614
-0.092817724
0.10900381
-0.0076139406
0.02569918
-0.06891098
0.10977329
-0.089308
-0.107628874
0.06920764
-0.11514445
-0.33468732
0.027468437
-0.03071417
0.037105776
-0.28037763
-0.209608
0.040314347
0.12283011
0.23125207
-0.23631595
-0.09410508
-0.062769346
-0.3295208
0.2237045
0.28645205
-0.18246844
-0.66997945
-0.4018469
-0.16209592
-0.11786643
0.088515975
0.30561122
0.54802907
-0.4542453
-0.13889171
-0.32658845
0.51219815
-0.38114652
0.16284078
0.44503608
-0.19508561
0.02397667
-0.24306858
-0.38920373
-0.12735519
-0.15129986
-0.408516
-0.110025585
-0.48404676
-0.1806133
-0.16658886
0.03967281
0.16250898
0.338947
0.22254296
0.22830452
-0.31289977
0.026834868
0.14441928
0.06567581
-0.0012486466
0.084536
-0.31201217
0.105569154
0.22845758
-0.44516027
-0.06922378
0.53747416
0.06499854
-0.18030176
0.42999738
0.13169537
-1.9500462
-0.08354967
-0.013707072
0.12289133
-0.030001486
-0.050627682
0.12298182
-0.06656012
-0.1176586
0.16989593
0.20566994
0.67549556
0.024984878
-0.14368965
-0.07401616
0.22975093
0.2982667
-0.2718379
-0.29655772
0.0048888735
0.34422693
0.03291003
0.105126195
0.22329833
0.009692809
-0.2484063
-0.27712604
-0.08328873
1.364955
-0.27032998
0.006321639
-0.055030376
0.10152557
-0.0851472
-0.04168479
0.19832242
0.090093024
-0.16234578
-0.17479166
0.11300896
-0.23593071
-0.29844692
-0.3822639
0.21761782
-0.06261263
0.25100735
-0.10421714
0.1466547
-0.21506937
0.4195141
0.038419265
-0.086273976
0.03301149
0.17997551
-0.11469315
-0.3232722
-0.09454489
-0.31909218
-0.06423168
0.17405106
-0.40271357
0.22406083
0.0245831
0.0626667
-0.111867055
-0.075879134
-0.1227772
-0.00076126633
0.23513392
-0.014710806
0.14484085
0.03448233
0.011892436
-0.5446115
-0.02819883
0.008249657
0.21811731
-0.0031743739
0.39160687
0.2079532
0.15726525
0.5577709
-0.05603503
-0.41080645
0.17276426
-0.0016303328
0.11687188
-0.19220774
-0.15231411
0.26331028
0.13177535
-0.13849954
0.32658374
-0.28224027
0.14794607
-0.3575039
-0.3155505
0.3105686
0.0135074835
-0.4885279
0.36772346
-0.24066865
0.11191319
-0.026712997
-0.1347332
-0.17304672
-0.044417232
0.11974118
0.064522274
0.04798829
-0.28948814
-0.09173667
-0.16267991
-0.34259745
-0.100569405
0.20319203
-0.013713967
-0.14130124
-0.16390502
0.023926402
-0.53038657
0.32813072
0.10632899
0.38152793
0.22484238
0.029835543
-0.010438889
-0.7057594
0.013710076
-0.002385182
0.004712025
-0.0711219
0.42575726
-0.0083274655
0.19864565
-0.25615162
-0.10526094
-2.315181
-0.36025935
0.07354087
-0.26028448
0.15898046
0.16147995
0.16732979
-0.18907677
-0.26907355
0.16572419
-0.11161507
-0.51429164
-0.5204305
-0.08131618
0.30994868
-0.053606953
-0.17929782
-0.078789994
0.08604167
-0.2987646
-0.3999003
0.3413076
-0.12677616
0.32719868
0.26624098
-0.14910005
-0.008249342
0.33612067
-0.5028531
0.43325257
-0.4000795
-0.3456463
-0.37930453
-0.09334332
-0.071975164
-0.059971325
0.00946029
0.22102526
-0.2138725
-0.301078
-0.12767406
0.7277338
0.108456165
-0.34523088
-0.30554438
-0.074852966
0.34263086
-0.26413667
-0.26565832
-0.027902097
-0.17254035
0.0481993
-0.47461385
0.009869486
-0.000526017
0.6169605
-0.24578002
0.018240124
-0.24531054
-0.034409314
0.08204879
-0.1864522
0.18213576
0.06706333
-0.19701502
-0.3114136
-0.26756355
0.04833189
0.019396758
-0.1438997
0.3913107
-0.012858536
0.026889354
-0.21176444
0.23163094
0.050356787
-0.32755223
-1.2514063
0.20656109
0.19184321
-0.066303015
0.5014732
0.12188127
-0.022890648
-0.12758194
-0.060732387
0.38429886
-0.3249818
-0.29991233
0.050564803
0.23280528
-0.713879
0.13098471
-0.019987838
-0.20018719
0.08230273
0.22981939
-0.31749982
0.12844324
0.071500555
0.14930435
0.22142787
0.19170605
-0.11847228
0.12919189
-0.19886367
0.29595295
0.20261572
-0.2253687
0.36719835
0.14667466
-0.0935106
0.6092073
-0.17336057
0.23575088
-0.048836134
-0.32071435
-0.22119585
-1.430108
0.022028148
-0.20861366
0.5936701
0.12099549
-0.30724546
0.36662424
0.3120857
0.262503
0.37560695
0.06299967
-0.2562422
0.018027805
-0.15450239
-0.28797024
-0.3226846
-0.0800868
0.04044151
0.3201803
-1.6544021
-0.067674555
-0.050163183
0.7659166
0.053195972
-0.426316
0.033023268
0.273221
0.10252159
-0.0070551336
-0.32712656
0.3009173
-0.050317764
-0.29258063
-0.09197586
0.1596949
0.1702663
-0.012420066
-0.20646691
-0.01580578
0.09083974
-0.09542581
0.33001217
-0.07988462
0.021563483
-0.23281555
-0.12975058
0.21054041
0.17598106
0.12532249
0.28400645
-0.014816895
0.22203733
-0.017765595
0.1741255
-0.14916697
-0.5128709
-0.24520592
-0.27817425
0.19774331
-0.14703445
0.118876554
-0.21122372
0.16328397
-0.19119069
0.39827466
-0.85019815
-0.023208816
-0.09573306
-0.05446773
-0.12215353
0.20022771
0.070584126
-0.0031612515
-0.13576709
0.26603562
-0.07810642
-0.019347858
-1.5552535
0.3297924
0.17904224
0.026367152
-0.33103567
-1.1255343
-0.14365032
0.31720123
-0.25869653
0.012632265
0.080852695
0.229554
-0.10439777
0.50461954
-0.15022993
-0.007108551
0.12609701
-0.5522608
-0.1617007
-0.22818491
-0.20207606
0.27775156
-0.13815251
0.11277515
-0.08780713
0.13344803
-0.059152383
-0.57609236
-0.33873016
0.049843565
0.24738786
0.03862059
0.15752971
-0.16236871
-0.11822443
0.21586859
0.04961878
-0.06669403
0.15620017
0.09015649
-0.038718883
-0.15930177
0.16652094
-0.16879912
-0.07000177
-0.015027616
-0.124326155
0.062459785
-0.14001724
-0.025484651
0.129641
-0.30847028
0.25389767
0.016308175
0.11307525
0.0721651
0.3110595
0.12588765
0.1579315
-0.2181713
0.28013963
0.27687678
0.3164314
-0.3361808
-0.16332802
0.15050207
-0.63865614
0.17674406
0.008746631
0.21782413
-0.16147453
0.25976714
0.044448107
-0.056977283
0.12491038
-0.24225645
-0.20724869
-0.12452641
-0.058508202
-0.23081136
0.04791544
0.16478463
0.113325916
0.18382506
0.1348728
0.18301001
0.0818003
0.048295688
0.35999778
0.1711381
0.17716658
-0.06419308
-0.05377327
0.27237952
0.31988603
-0.11216843
-0.8229429
0.016138315
0.056101322
-0.2945115
-0.16119727
-0.30497724
0.0882728
0.050282028
0.023364704
-0.20432392
0.075626306
-0.14040972
0.25773668
-0.2735823
0.39459914
-0.03557447
-0.27297205
-0.04141083
-0.017995507
-0.028883157
-0.07746607
0.1860475
-0.31826088
0.13468865
0.22583428
0.038553648
0.06696546
0.29145715
0.031930342
0.9873106
-0.008842785
-0.1004137
-0.08702574
-0.34031504
0.0014766776
0.17279607
-0.2861206
0.2582586
0.063609
-0.0044063963
-0.23999007
0.11018819
-0.22156157
-0.2879189
0.080022685
-0.10841512
0.03339771
0.010352162
-0.12922283
0.026890725
-0.11066873
0.44791153
-0.18223245
0.23227844
-0.036402363
0.29203507
0.026768072
0.25202087
0.09005068
-0.09708701
-0.206269
-0.07537553
-0.03089074
-0.1988215
-0.0043275687
0.43681633
0.20610988
0.42468566
0.048035026
-0.10697599
0.06444526
-0.4820082
-0.04208833
-0.17988652
-0.40079728
-0.122393765
0.12141539
0.06035257
-0.117039904
-0.1138424
-0.1323798
0.07640179
-0.04964292
0.011137037
-0.041173354
-0.13431439
-0.3923546
0.107417
-0.10563128
-0.18813182
-0.17248398
0.060676984
-0.35543108
-0.22403318
0.004136016
0.20282887
0.22037978
-0.3101487
0.31200302
0.098248236
-0.18707715
-0.30852827
-0.10550375
-0.09764985
-0.39219213
-0.044019047
-0.4312072
-0.10641529
0.14727071
-0.65206784
-0.43283802
0.006679107
0.12817855
0.17848143
0.19871618
0.050080467
-0.122647956
0.07325107
0.36692628
0.04847014
0.020048073
-0.00048303726
-0.25069165
-0.15550071
-0.4510371
0.22440644
-0.464694
0.14322945
-0.16781579
0.58633995
0.40121332
0.33083725
-0.10418724
-0.13778311
-0.2363885
0.08109684
-0.17324188
-0.18837392
-0.34683958
-0.2463386
-0.06384924
-0.42887866
-0.118455574
-0.20187418
-0.05246287
0.296959
0.10240512
-0.12229171
-0.21528673
-0.10543832
-0.043502394
0.1275502
-0.14804395
-0.32640588
0.1409801
0.23496737
0.11406998
0.44276398
0.22015035
-0.14958766
-0.08873207
0.35443595
-0.20117787
-0.4111314
0.060717877
0.31180882
-0.20492682
-0.25299665
-0.27374852
-0.09679542
0.24319927
0.20626612
-0.26702282
0.07106199
-0.33328134
0.3569919
0.5114461
-0.13567093
-0.23951684
0.8671767
0.02601145
-1.0077566
0.0101600615
0.58983684
0.14022037
-0.155755
0.21534154
0.43473387
-1.0244097
-0.31515604
-0.22320125
0.7116966
0.34357744
-0.31455874
-0.16364528
-0.20222387
-4.0536947
0.19472456
0.34150398
0.14495577
-0.6914798
-0.08045874
0.06303464
0.0133366585
0.13439104
-0.40053505
0.11144909
-0.07610428
-0.21516864
0.37610754
0.43376172
0.22917092
-2.0353527
0.35393173
-0.36600178
-0.123406395
-0.41618705
-0.38203713
-0.017707705
0.044472724
0.26000965
-0.37629002
0.64095354
0.10911444
0.18117711
0.33896407
0.41135976
-0.30492684
-0.25093383
-3.5800817
0.015789289
-0.13237692
0.29695144
-0.07983385
-0.016057642
-0.15582556
0.77186424
0.17645346
-0.25976524
0.047218893
0.18604651
0.59381336
0.17176914
-0.08257392
0.14912349
-0.07971498
-0.6874922
0.010436072
-0.1498531
0.2821907
0.08823464
0.5448234
-0.1868018
0.120812
0.004078303
-0.36316502
0.49593353
0.377986
0.21793073
0.259899
0.047198784
0.11136712
-0.15403572
0.23335865
-0.2622428
-0.22723255
0.44449392
-0.20113629
-0.18591915
-0.3181714
-0.10160807
0.068161085
-0.017970076
0.059918344
0.13552883
-0.006426851
-0.053771082
0.090354234
0.26293346
0.45623624
-0.24436066
-0.11851928
-0.59793776
0.08920011
0.26521653
-0.13110143
0.3318378
0.25678158
-0.1410545
-0.0073127192
-0.021124482
-0.07448381
0.062575966
0.20433947
0.22998509
-0.05114659
0.19335747
0.007875057
0.12306045
-0.048270017
0.3196274
-0.128103
-0.054327328
0.26948386
0.17641927
-0.1984641
-0.28739548
-0.054234106
-0.19824581
0.07565518
0.22206403
0.30625153
0.26027954
-0.39087272
0.13725972
-0.28023
0.11734449
-0.07314945
-0.25129336
-0.28873223
-0.2345554
-0.079631135
-0.044918805
-0.31083903
0.119443566
0.23300236
0.06630128
0.3022862
0.035722435
-0.01533059
0.01973426
0.6951221
0.051578525
-0.06151041
0.17499869
-0.016766079
-0.23404384
0.10093837
0.00042048097
0.2674372
0.41394678
0.5949736
-0.24032986
0.13611785
0.11057577
0.14795564
-0.2019216
-0.4996003
-0.46963152
0.40721732
0.014350164
-0.16940756
0.029690674
-0.2967973
0.17751448
0.10243891
0.3254632
0.07518357
-0.20714463
0.015838303
-0.017797323
-0.32129338
-0.035817653
0.32372928
0.20812805
0.022803156
-0.3370447
0.025651608
-0.19851458
-0.032920048
0.15418561
-0.21459898
0.09728007
0.069520496
-0.11267032
-0.4006828
0.21117353
0.5609054
0.42825997
-0.2376478
-0.06352821
0.16646634
-0.12453844
0.10488002
0.29089612
-0.2869008
0.046376664
-0.15304178
-0.2874598
0.06849491
0.25853443
0.3471097
0.5157113
0.4347194
-0.21202676
0.06830769
0.11727806
-0.061464503
-0.085739136
0.36943933
-0.035848964
0.2855148
-0.08457428
-0.53083706
0.12504014
-0.26010254
0.1142292
-0.30867046
0.16951276
0.21840467
0.023668671
-0.04874051
-0.014558768
-0.19172245
0.38266733
0.18926892
-0.20811209
0.40573013
-0.082255125
-0.36609793
-0.123267
0.023792777
-0.23978361
-0.29198292
-0.18994485
0.122404434
0.1337988
-0.036578853
-0.009812961
0.4846533
-0.07216593
-0.21807401
0.25395313
0.296524
-0.04512241
-0.047764912
-0.244245
0.074554406
-0.27737084
0.24111134
-0.3352659
0.5028587
-0.17961977
-0.0060083866
-0.12580733
0.027161699
0.29519683
-0.008482239
-0.11337037
-0.055995133
-0.04119163
-0.14038633
0.45021382
-0.038085878
-0.28534502
0.048981402
0.32510266
-0.15609428
-0.3288023
-0.12345488
0.27473992
0.06594703
-0.14921042
-0.44617122
-0.37188753
-0.3058216
-0.23777401
0.5056227
0.013195664
0.062838785
0.028165897
-0.14044982
-0.46042705
-0.1238517
0.23871674
-0.10736505
-0.3416351
-0.07131271
-0.067494124
-0.10787064
-0.48517385
-0.18207324
0.07632497
0.025204243
-0.028201224
-0.33386397
0.3511636
-0.04386304
-0.28551033
-0.003459862
0.3152911
0.21077424
-0.24123216
-0.29408792
-0.10034676
0.00031948427
-0.22339842
-0.20869787
0.33967763
-0.2113945
-0.071263075
-0.104780756
-0.042985868
0.15528932
0.1693178
0.30568367
0.21575378
-0.007973073
-0.40983045
0.07013843
-0.19497569
0.2989894
-0.11017901
0.028867353
-0.08067485
0.24866946
0.05501202
-0.23174259
0.32629153
-0.18776919
0.02657824
-0.11834903
0.06459708
-0.2603808
0.28636867
-0.018873211
0.6188809
-0.27402025
0.29490417
0.094556205
-0.036786035
-0.2778572
-0.19905367
0.058450308
0.13834246
-0.16058968
0.07679149
0.057099078
-0.10730047
-0.107313715
-0.2879994
0.2135904
0.09392986
0.30882847
-0.107028544
-0.017239064
-0.2859155
0.15467001
0.16553521
0.03292137
-0.10197764
-0.21254867
0.016000388
0.2758164
-0.16181645
0.33303106
-0.10840362
-0.2475141
-0.2905305
0.20617846
0.24700199
0.012328799
0.07900667
-0.124807164
-0.046314027
-0.102287486
0.71368206
-0.3448958
-1.0724065
0.21616484
-0.017586468
-0.97094566
0.07444239
-0.3296106
-0.24532735
-0.57927287
-0.8514621
0.40660426
0.2499879
-0.29670927
0.21870323
-0.5348416
0.22542456
-0.5993563
0.52254397
-0.2510983
-0.38979635
0.05178099
1.1975225
0.09356162
0.6811706
0.299353
-0.3790315
-0.25715744
-0.033667475
-0.40182704
-0.48758382
0.027773894
0.0511917
0.18162765
-0.47885403
0.7946427
-0.3437047
0.03662455
-0.043614343
-0.22038056
-0.32577017
-0.27763027
0.4399387
0.20740633
0.26919037
-0.07515972
0.6103192
0.5939422
-1.4996256
-0.05381707
0.48251027
0.46034747
-0.14717728
0.23332584
0.22854692
-0.109835714
-1.5313566
-0.88799125
1.2545658
-0.0029002486
0.7632484
0.28993478
0.102020144
1.3886774
-0.17606981
-0.006536112
0.5383112
0.7390295
-0.21142243
-0.13828911
-0.68488455
0.4142142
-0.1916256
-0.15350191
-0.21803659
0.5942532
0.14099804
-0.2432292
-0.10525026
-0.025654465
-0.25662357
-0.36015663
0.11104951
0.14072032
-0.2538249
0.26066223
-0.032915413
0.23614028
0.15905964
-0.28813115
0.33744314
0.123037465
-0.3186727
0.15171935
-0.08574991
-0.13398741
0.14295836
0.041250486
-0.20394127
-0.17593622
0.4543551
-0.04683761
0.32975537
0.039616242
-0.017147651
-0.34330532
0.018030582
-0.13488881
-0.011292729
-0.5885901
0.19388427
-0.02408741
-0.23632562
-0.060417764
-0.2564593
-0.11214618
-0.05412222
0.32182342
0.17845236
0.0744837
-0.11814671
-0.2280752
0.37535977
0.4189183
0.17331891
0.39969417
0.057149142
0.19604759
0.2900096
-0.32121062
0.30477306
-0.15368298
0.117350265
0.16119981
-0.04724002
-0.20360604
0.07447448
-0.69178206
-0.07296757
-0.28974822
0.16490102
0.17769155
0.07888743
0.15156546
0.2847844
-0.06576723
-0.11343768
-0.10535544
0.04938387
0.026578605
0.076484844
-0.10852148
0.020006001
-0.24370694
-0.34146234
-0.1324502
0.19062585
0.3267832
-0.2751755
-0.023793936
0.04895988
-0.4940524
-0.1668598
-0.16147788
0.5744088
-0.060439672
0.06782017
0.06785893
0.35474202
-0.088024214
0.401373
0.15427522
-0.1072084
0.03234233
-0.305694
0.24154858
0.18440636
0.046510242
0.098130114
1.3091568
0.36976016
-0.18155585
-0.115380794
-0.041222036
0.0075130183
-0.17206238
0.10290906
-0.046333432
-0.26745304
-0.06733124
0.23264739
-0.10676132
0.095941305
-0.155463
-0.0042792135
-0.022976834
0.06072594
-0.081813514
0.40026736
0.015578738
0.24624155
0.033153012
-0.31644207
-0.1613355
0.24079396
0.291386
0.26265183
-0.05327229
-0.36136234
0.070154965
0.16197598
0.1574617
0.13980235
0.077542186
0.022520244
0.08495557
0.16425566
0.29143617
-0.093279734
0.04218888
0.06809109
0.15060034
-0.029654503
0.15479864
-0.021569073
-0.13948233
-0.11768452
-0.018057473
-0.24693346
-0.21381891
-0.43232763
-0.3646627
0.31714928
-0.17219998
0.03951535
-0.2612956
-0.09978557
0.07326912
0.26026848
-0.16052619
-0.062325444
-0.03565072
-0.04515197
0.42849317
-0.10550935
0.18480304
-0.08884164
-0.1516675
-0.065257855
0.17015107
0.17083833
-0.15706022
-0.26204962
-0.37560105
-0.4751675
-0.35212967
-0.18423247
0.21903406
0.3202263
-0.15963727
0.15063469
-0.0275443
-0.217773
-0.42151958
-0.072540976
0.05853903
0.21345803
-0.24289776
0.1750581
0.11738398
0.055340424
0.2027954
-0.16198972
-0.03925752
-0.043632034
0.03689555
-0.014264763
-0.3091139
0.35349983
-0.3272284
0.03976929
-0.09454996
0.013767298
0.13707912
-0.3253972
-0.20889315
0.2272829
0.4081543
-0.06414047
0.090570815
0.1344596
0.16609262
-0.25419813
-0.025055995
-0.22554816
-0.07263187
0.050851855
-0.11218716
-0.3229337
-0.22032961
-0.32518303
0.1902781
-0.20830154
-0.2883961
-0.15590023
0.09855458
-0.13601816
-0.25810903
0.19886589
0.28473714
0.053728744
0.2837443
-0.25356334
0.18681812
-0.26395506
0.2233342
-0.32551712
0.10354779
-0.11617944
-0.11516501
-0.084038675
0.19721933
-0.09943393
-0.10200759
-0.022287108
0.024617445
-0.08551023
0.28182235
-0.13040675
-0.361734
0.19196878
0.16804793
-0.08677837
0.0314815
-0.12551574
-0.24254695
-0.1443364
0.19042727
-0.097774886
0.11514567
0.1478207
0.14049193
0.23658326
0.38720015
0.3040566
-0.28358236
-0.26575497
-0.19624782
0.044361588
-0.1203124
0.20870265
-0.049304117
-0.40486315
-0.24133798
0.0012953099
-0.014616746
0.28384152
-0.2547776
-0.3030703
0.2491427
-0.18700126
0.07180438
-0.08877707
-0.17371745
0.15492705
-0.15715842
0.099362485
-0.023303768
0.22949894
-0.06944701
0.14048128
-0.30193806
-0.3781201
-0.2003231
-0.057925176
0.15605608
0.09510565
0.21110633
-0.11017687
0.10380164
-0.32816583
-0.40074968
-0.001245141
-0.17967555
0.06346722
0.18334612
0.30869022
0.15524393
-0.17117208
-0.267276
0.21626492
0.063104935
-0.2058321
0.13751689
0.026145926
-0.23454075
-0.19471036
-0.108271234
0.10947584
-0.30232477
0.33798984
0.17727645
-0.054780584
0.21245322
-0.039199147
-0.68228996
0.2183705
-0.53312707
0.13692406
-0.2719204
-0.09017399
0.3773553
-0.055443913
0.036063965
0.046185717
-0.24570836
0.48360318
0.13786863
-0.50209296
0.011642857
-0.23656966
0.7448407
-0.094192676
1.0915173
0.34428316
0.40481552
-0.1712684
0.2797407
-0.44813347
0.13011429
-0.2675532
-0.29908288
0.23663037
0.7098319
-0.12711246
0.2826812
-0.07979653
0.06610015
-0.56605613
0.025703317
-0.31272715
-0.10823186
0.6632659
-0.2539741
-0.13944115
0.45377338
0.19528529
-0.25166818
-0.008588486
0.23343718
-1.6435784
0.35429087
-0.046490613
-0.051125318
-0.16870745
0.29579192
-0.6721704
-0.21365198
-1.2718441
0.14456631
0.37915233
0.33872473
-0.18896171
-0.17689201
-0.041433755
0.20500115
0.52006716
0.5461339
-0.65696275
0.21496321
0.69859666
-0.11819883
-0.27558762
0.50064343
-0.5475343
0.2583774
0.12578577
0.56389743
-0.3172985
-0.13181736
0.2835123
0.24850076
0.15965503
0.14348601
-0.112142585
-0.1277309
0.8113548
0.08223579
0.028422287
0.32252324
-0.03136903
0.028769806
-0.2957756
0.6653936
0.09912195
-0.119541556
0.7017864
-0.008461532
0.040964633
-0.39727175
0.109685704
0.015760722
0.017341942
-1.5242118
0.053535625
0.30449128
0.07918034
-0.2720483
-0.27460194
0.16472602
0.17030445
-0.035252605
0.12751366
-0.15211105
0.07959139
0.08183355
-0.30899307
-0.27974465
0.17609285
0.03558195
-0.25082704
-0.3252553
-0.30487096
-0.26619563
-0.091516264
0.010473808
0.23636754
-0.15051922
0.10232265
0.22552374
0.037609775
0.13164158
0.2581217
-0.6183759
-0.2715507
0.58219415
-0.00042564096
0.33419195
0.08744741
-0.113593005
-0.09048712
0.2554874
-0.13344793
0.0018328887
-0.092421
0.014629984
-0.075951904
0.12924156
-0.42322183
-0.08068987
0.053524446
-0.11514
0.18273175
-0.008359524
0.8681805
0.1523294
0.031996995
0.17576464
-0.0993566
-0.013074994
-0.004889988
-0.08070183
0.18165264
-0.09486118
-0.42462587
-0.058561463
-0.9406949
-0.2094966
0.07177295
0.20307036
0.08670818
0.018011093
-0.04478228
0.16901916
-0.3481305
0.06930569
-0.36739612
-0.033795092
0.10009173
0.26138067
-0.24742109
-0.33356592
-0.2569825
0.013943055
0.20814759
0.04221275
-0.0017041105
0.08190486
-0.22393891
-0.13600948
0.04751035
-0.11599842
0.16182427
0.1740337
-0.07863958
0.020546695
-0.19444153
-0.26256078
0.13601865
-0.10794447
0.035657864
0.5646714
0.6157447
0.13340326
0.07004051
-0.08483462
-0.08723848
-0.31543028
0.019257676
-0.22021863
0.28112134
0.33715516
0.15414791
-0.31351945
0.00021489414
-0.021271622
0.34341803
-0.04297875
-0.1701476
-0.24595548
0.24849622
-0.119568065
0.28696644
0.13938622
-0.19924386
-0.21918021
-0.0045112916
0.06978734
-0.13721028
0.18660338
-0.12119268
0.16282652
-0.0021720529
-0.2704827
0.06854852
-0.012601413
-0.02398926
-0.10750381
0.2653831
0.26440442
0.22982436
0.28253654
-0.14056535
-0.14704053
0.38138795
0.20892893
0.05029155
0.14810678
0.18251425
0.30772266
-0.12445301
-0.06455909
0.16429329
-0.13709603
-0.061920237
-0.064847246
0.31442434
0.03907229
0.031640228
0.06428759
-0.24746804
0.043936957
0.18670072
0.30534783
0.15881577
-0.0584472
-0.11996871
-0.17288463
-0.1861796
-0.06660696
0.2975937
0.011727605
-0.1473664
0.048531994
-0.15301186
0.32287943
0.17044713
-0.0037436783
-0.23227762
0.27744383
-0.015306208
-0.34779423
0.23169996
0.24282101
-0.14696757
-0.19511688
0.2550261
-0.16721918
-0.04585842
0.049043346
0.19729418
-0.3288696
-0.4742849
0.035107344
0.019743768
-0.15951604
-0.09257263
0.07765801
0.5033963
-0.33818242
-0.21549669
0.040877454
-0.2514231
-0.0976561
0.23747133
0.29778993
0.22193058
0.28204858
0.1655479
0.19128297
0.393894
-0.16573168
0.20211023
0.35024863
0.21563785
-0.065406606
-0.105280325
-0.095957585
-0.0030881825
-0.19811143
0.28927884
0.11095087
0.08678067
-0.31924036
-0.0018096535
-0.1805721
0.03438585
0.06384884
0.1546635
0.13809384
-0.24937725
0.060956754
-0.27529964
-0.07249093
0.319794
0.0117639955
0.11443617
0.0032335853
-0.047695115
0.17703106
0.33772913
-0.16620894
-0.07229621
-0.123520665
0.0056152646
0.15094252
0.31605312
-0.05023957
-0.019572739
0.17459236
0.3037854
-0.13296181
-0.23534891
0.27177843
0.2769161
-0.22982244
-0.06142595
-0.19911599
-0.13299996
0.30457482
0.096766025
-0.106863976
-0.10777289
-0.04772459
0.19563974
0.11683919
-0.29623485
0.06435645
-0.3364129
0.34988722
-0.07078974
-0.065957434
0.33841455
0.015912276
-0.08500171
0.010225222
0.11377191
0.21454784
0.23719399
0.13834314
0.27588072
0.16495612
-0.21186236
0.42200336
-0.13717586
0.055148296
0.1699491
-0.1344012
0.19344424
0.18963741
-0.11880598
0.1536331
-0.31542042
0.30473292
-0.375427
0.3608921
-0.33454973
0.3060827
-0.11815184
-0.09622103
0.013040101
-0.057618745
0.03182012
-0.047689
-0.021913392
0.039209723
-0.038794745
0.027945962
0.04473729
-0.041444432
-0.03169159
-0.027154703
0.0
-0.01205524
-0.002835641
-0.031635743
0.0061105215
-0.013519709
-0.10806573
-0.09077662
0.014643823
-0.044388782
-0.05409024
0.05633069
0.038300496
-0.0357243
-0.0010698682
-0.0023273686
-0.057991777
0.007943012
-0.0045769024
-0.1556224
0.018629264
0.060398534
0.111239575
-0.011408325
-0.008331716
-0.012253194
-0.070098005
-0.0134709
-0.02340251
0.10884971
0.022402672
0.03515908
0.030614989
-0.00686782
-0.039200768
0.02643728
-0.011900497
0.07052805
0.06953895
-0.04210972
0.044996373
-0.053379335
-0.029084174
-0.00041502257
-0.06284676
-0.19585186
-0.06799885
-0.04369319
-0.06926553
-0.10414469
0.0
0.07391555
-0.0053516077
0.056877
0.021782253
-0.0898293
0.1166218
-0.028167497
-0.0126325395
-0.0018096538
0.0
0.0009812352
0.05526399
0.08334893
-0.023140794
0.13326083
-0.11550839
0.0
0.17064193
0.15081224
0.04878961
0.090779014
-0.18993242
0.10286364
0.4990923
0.13904299
0.113476515
-0.109693065
-0.09934572
-0.12996794
0.12821206
0.17977902
-0.088935524
0.095255226
-0.10248313
-0.28482378
0.44227353
0.54541934
0.101251595
0.12895489
0.28260157
0.1746627
-0.26166
-0.15547058
0.06858392
-0.1407097
0.1607924
0.07248074
0.1782744
-0.29122388
-0.0050936393
-0.3556377
0.1823153
0.37588418
-0.14687158
0.15261002
0.07577145
-0.16033569
-0.35349524
0.16937914
0.13173449
-0.14880519
-0.17372417
-0.10691505
0.07124085
0.277892
-0.2173493
0.40740806
-0.19560674
-0.17250587
0.20660739
-0.7150887
0.19462165
0.15585475
0.16821705
-0.14490247
-0.23158373
-0.059130076
-0.21434371
-0.11664027
-0.18519706
0.23793553
0.09323898
-0.19442292
-0.12351466
0.11322187
0.04260882
-0.110430874
0.14744084
-0.09060124
-0.18823197
0.1779379
0.25098866
-0.15913369
0.05378735
-0.2542437
0.047701556
-0.18338111
-0.007208442
