49
2
120
1
relu
line
1
1
-0.21067776
-0.048411172
-0.27494496
0.07722578
0.038963344
-0.0011018361
0.42655453
-0.082905434
-1.4163206
0.19479209
0.03919387
0.41716126
0.2549236
-0.25007468
-0.14940296
0.23699817
-0.1911559
-0.66183126
-0.43691587
0.06293966
-0.047073446
0.102664284
-0.052721884
-0.40918955
0.29327583
-0.251781
-0.13912275
-0.2011649
-0.09390876
-0.5187676
-0.25359613
-0.012226423
0.05457737
0.96660763
-0.69613206
0.053410858
0.5645868
-0.6154804
-0.2759219
-0.73249084
-0.00325936
-1.0493687
-0.03495387
0.4255113
0.30467105
1.0011033
-0.037037704
-0.35056058
0.020730913
0.2774536
0.13992313
-3.4101894
-0.32139584
0.19216394
0.19965139
-0.0028967075
0.64506817
-0.31866267
0.1099115
0.45177695
-0.026872078
-0.5597949
-0.6805372
-1.41022
0.20166588
0.07918189
-0.6037659
-0.21375823
-0.049511507
0.113377005
-0.02072828
0.6773939
-0.19025041
-0.45116556
-0.05595705
-0.08520337
-0.04614991
-0.20028755
0.5050501
0.3630754
-0.30716226
-0.33360067
-0.3136068
0.18484251
-0.068953484
-1.290572
0.9390736
-0.47286302
0.25406334
0.29097748
0.26212943
0.34163082
1.0919794
0.025386231
0.1392585
-0.38424334
0.1304262
0.23031735
0.32047796
-0.23458354
-0.013599962
0.16359705
-0.18874902
-0.0980789
-0.44596013
-0.31774327
0.17061794
-0.2573551
0.17218304
0.13555026
0.17154689
0.13427958
-0.17583135
-0.38686424
0.24547428
0.89480746
0.15939385
0.037597716
-0.14253017
0.3084088
-0.32091194
0.022939276
0.1323995
0.053662986
-0.17401686
0.14841332
-0.49763057
0.4355196
-0.0011824036
-0.22510278
-3.1142282
0.31508216
-0.49153462
-0.25029933
-0.60309404
-0.047936853
-0.24075912
-1.1473761
0.4141168
0.021412957
1.6753016
-0.07436559
0.2816204
-0.13235787
0.07570062
1.4510369
-0.04884904
-0.5778038
-0.31494743
-0.12853254
-0.8657915
-1.2502543
-0.22401524
0.3443473
-0.11041641
0.13459092
0.5940653
0.25949338
0.149831
-0.21246673
0.12879336
-0.26945195
0.050023153
-0.2267028
-0.4156781
0.45795557
-0.43274748
-0.11425475
-0.09178659
0.06448725
0.20878506
-0.41524532
-0.07953336
0.1785845
0.35359645
-0.011358664
-0.12738831
-0.28054222
0.22908375
0.71211535
0.028120097
-0.13999005
0.0139890015
0.045338556
0.11333178
0.110971875
0.32468343
-0.09269649
0.09360469
0.13668889
0.35003766
-0.45419794
0.1867252
-0.008401777
2.3758419
-0.121923104
-0.124184
-0.1729046
0.17819953
0.3436176
-0.15143304
1.1871938
-0.22262171
-0.31715465
-0.24843499
-0.30676258
-1.5907115
-0.38025397
-0.33223212
0.10865593
-0.06655392
0.016844183
0.6382133
-0.28082994
-0.1267663
-0.886773
-0.15771818
-0.13068111
-2.8119893
-1.0237638
0.039544553
0.30376595
-0.67198944
-0.056921266
0.25720987
0.08000818
-0.3330816
0.2456885
0.4111768
-0.103216745
0.04202627
-0.044237625
0.44670257
0.5353487
-0.2286034
-0.49563572
0.21804824
-1.2922357
0.13726662
0.31298995
0.017680496
-1.4970615
0.003093581
-1.1717284
-0.13025625
-0.04308377
-0.40433085
0.10749326
-0.26108792
0.10891646
-0.26651046
0.44413644
-0.08551813
0.21700223
-0.36486423
0.15907502
-0.08124601
-0.15344247
0.50650495
0.2115705
-0.15730317
0.22549203
-3.6112134
-0.1528455
-0.42683914
0.1424476
0.29362482
-0.3124008
-3.276133
0.015789907
0.7433889
-0.23310357
0.051027514
0.20500506
-0.07089792
0.7395079
0.5982514
0.31167635
0.33486763
-0.020840477
0.044847276
-0.007188235
0.0035692537
0.04751694
0.15011856
0.053535007
-0.08928406
0.18921706
-0.20484054
0.2647012
0.2875181
-0.11547348
-0.38398573
0.45334297
0.48362365
0.3093457
-0.23515067
-0.29906386
0.109148115
0.2611207
0.21463396
0.19830823
0.45510313
-0.4731861
-2.6818311
0.2708798
0.17102848
-0.053272367
-0.26645225
0.62267417
-0.01874453
-0.34058872
0.13084075
-0.14964025
0.5919302
-0.42826283
-0.11726059
-0.64540106
0.42621163
-0.058927108
0.10452341
-1.1590697
-0.020958755
0.22797856
0.05849396
0.23052314
0.13290931
-0.0851232
-0.012663499
0.08208524
-0.16451006
-0.23872042
0.046805073
0.6148693
0.20684232
-1.5996364
0.17061651
-0.14859027
-0.15335566
-0.2877979
0.14426664
0.12637007
-0.30611864
-0.054846764
0.07902982
-0.27286083
-0.81871706
-0.0693236
0.478507
-0.4818323
0.05886438
0.56649625
0.045750953
0.84829414
-0.12206818
-0.6298454
0.13454522
0.12693621
0.20060621
0.25815588
-0.110055625
-0.14431766
0.17577149
-0.5672032
-0.10303926
-0.24644032
-0.3790396
0.09358942
0.13322927
0.30035168
-0.15617546
0.43561113
0.49875414
0.059651528
0.18362653
0.17495929
-0.119648226
-0.60549456
-0.0036634982
0.30419296
-0.215761
-0.10824467
-0.42092192
-0.18047887
-0.2781063
0.30763516
0.12745368
-0.114430025
0.50857264
-0.052119877
-1.090027
-0.036525086
-0.7099233
1.317655
-0.059128776
0.49943313
0.2840418
-0.5861755
0.13468798
0.15687038
-0.12467908
-0.9523843
0.04076898
-0.13377933
0.3390383
-0.27867937
-0.5094493
0.28935766
-1.4226584
-3.9112847
-0.13596472
0.0899495
0.35807502
0.31236553
0.25057346
0.05793961
0.2958629
-0.12859651
0.064518526
0.059948098
0.070303924
-1.3922726
-0.27327314
0.16882439
-0.015658654
-0.30067745
-0.39829576
-0.09682104
-0.053641208
-0.60057485
0.27788317
-0.19779041
0.13580388
-0.5357632
0.75776595
-0.63511384
0.11711452
-0.47294325
0.4612353
0.007310107
-0.17788479
-0.66736054
-0.3050338
-0.72917414
-0.32602113
0.03878614
0.55828404
0.021179281
-2.048785
-0.0371011
0.34216028
-0.31300628
-0.30365053
0.3329551
-0.089254916
0.2915593
-0.21866551
0.002353704
-0.20274395
0.122778684
-0.0005868961
0.18600756
-0.014560546
-0.08619291
-0.5564981
-0.030533582
-0.2473282
-0.19894443
0.51060367
-0.23285116
0.15990886
0.038192417
-0.8345412
-0.012084889
-2.756276
-0.29604334
0.2925451
0.19196874
-0.25583348
-0.04414013
0.11242822
-0.30385384
0.20966806
-0.8476484
0.2281327
0.08114187
-2.0833733
-0.08157793
0.37697348
-0.09042525
0.06921476
0.31423458
0.06155736
-0.10378344
0.1563045
0.9774088
-0.07697799
0.201908
0.46451616
0.48828593
0.51732117
-0.050772082
0.035847235
0.12849367
-0.031030906
-0.3342692
0.20389214
0.53821415
-0.06441276
0.09260692
0.27348027
-0.052182607
0.12327524
-0.1105284
0.2416601
0.33385673
0.05285916
-0.080298334
-0.0474926
-0.15777418
-0.1282026
0.020611681
0.78495854
-0.13757613
0.38021106
-0.490464
0.09371285
0.22399186
-0.14131327
0.26258522
0.4757794
-0.2880804
0.72272205
0.91984534
0.21073788
-0.122974
0.15578261
-0.06672517
-0.26857474
-0.30600527
-0.06707233
-0.4969245
-0.17374101
0.22361831
0.015970917
0.12619692
0.07583379
0.061302353
-0.02689561
-0.15360564
-0.18619236
-0.034538794
0.5434387
-0.18593152
0.37348276
0.10707858
0.040707618
-0.14614958
0.48753896
0.5158272
-0.037251458
-0.113123305
0.39294928
-0.13263983
0.05401589
-0.13851446
-0.09488972
0.19260365
-0.24859813
-0.08582639
0.014971843
-0.9246752
0.04641153
0.18888898
-0.6720896
0.5403534
-1.6694515
-0.41297933
0.12047169
0.12064297
1.0353311
0.121653736
0.32240942
-0.365752
0.4454995
-0.18567932
0.2576401
0.07099788
0.45598558
0.14150074
0.19982862
-0.10437978
0.01927321
-0.18692736
0.11042531
-0.13081671
0.22797024
0.24729271
0.14739865
-0.18038261
-0.28540915
-0.079607524
-0.034722798
-0.1907075
-0.20634046
0.12124849
-0.10397854
0.042475253
0.04754779
0.21121252
-0.27495912
0.18460248
1.0836183
0.24029168
0.06771202
0.07121876
-0.18192711
0.62802166
0.11778289
0.2552981
0.108410634
0.6846985
0.029599464
-0.28196192
0.12870704
0.18958306
-0.24633561
-0.14530368
0.15437019
-0.36929494
-0.31018838
-0.17421211
-0.087252565
-3.388049
1.2143439
0.09696138
-1.0769683
0.008437365
-0.8567238
-0.008461089
-0.13978513
-0.26836187
-0.24760954
0.13414298
-1.5292836
-1.1797907
0.06387774
-0.28585613
-0.24352504
0.088377
0.056362372
-0.7884913
0.278045
0.118674934
-0.10796216
0.25999454
-0.9377865
0.24510244
0.38275364
0.3156467
-0.13154554
0.49171376
-1.363252
-0.5308748
0.1991744
-0.29951325
-0.4437395
0.18305069
-0.68215406
-0.122440666
-0.18277025
-0.57630354
-0.42807963
0.32201454
0.300719
-0.22951867
0.1897214
0.28899726
0.35098916
-0.13390599
-0.12933055
-0.29199108
-1.5425282
-0.123323865
0.2945174
1.740695
1.3807758
-0.19427706
-0.34741846
0.34266257
0.27243537
0.3301158
-1.0253515
-0.3210434
0.29880816
0.9537267
0.22553468
-0.17012133
-2.603012
0.21613733
-0.0114654
0.1465829
-0.9650485
-0.010134423
-0.46129826
0.2932005
-0.3314473
0.31349438
-0.12726267
-0.63203496
-0.13608879
-0.16300991
-0.15020318
-1.4078529
-0.28191778
1.6127523
-0.6205089
0.99340564
0.22061539
-0.28974324
-0.18375628
-0.88834363
-0.14188322
0.7605879
0.586056
0.03800038
0.2636708
0.024978396
-0.6054178
0.33406478
0.46943823
-0.37523654
1.0659173
0.76893514
-0.5369064
-0.15881972
-0.0561459
0.025148682
-0.15175426
0.0969693
0.7487141
-0.04819533
0.41452757
0.071566515
-0.5123831
-6.7766156
-0.13816969
0.4866709
-0.038921878
-0.34213
1.1397307
1.7303289
0.29462084
-0.1895151
0.15386377
0.16045298
0.1965767
-0.025298314
-0.30887786
0.9651701
-0.76847345
-2.8031638
0.6468992
-0.6186844
0.33204067
-0.39852804
-0.48604003
1.51999
-2.9674792
-0.036011323
0.053183805
0.43950447
0.15501104
-0.022060039
-0.6154121
0.13441582
1.0993488
-1.3924817
-0.055000164
-1.2507246
0.3251302
0.68713075
-0.8150964
-0.377354
1.685711
-0.5430304
0.16173375
0.3205166
0.75686675
0.18554896
0.3224031
0.10501603
-0.20355646
-0.31494474
-5.68921
-0.20250425
0.2132901
-0.30378976
0.6161824
-0.48585087
0.19199938
0.40606526
0.2034184
0.06060954
-0.26129538
-0.004628509
-1.5811517
0.53780395
1.2489579
0.2349384
0.31385818
0.16643333
-1.0427547
-1.0243024
0.10722504
0.25135425
0.24258888
0.0022354089
-0.6053121
1.8480655
0.10492426
-0.020438194
-0.18891317
0.7805302
-0.36587808
0.1945312
-0.24137756
0.31189746
-0.078017786
-0.69448024
-0.29189718
0.5797577
0.2127693
-0.8095905
0.2822404
0.5022976
-0.109765805
0.040651638
-0.064455345
-0.30654582
0.2619158
0.53888404
-0.41745272
0.20410354
0.3179647
0.057081133
-0.16996485
-0.18773676
-0.14633065
0.20899528
0.41096345
-0.44623062
-0.06633458
0.28518203
-0.0032287578
0.24802522
-0.11479972
0.4881189
-0.4222245
-0.16463539
-0.67493415
-0.20974723
-0.11009503
0.1271191
-0.21368857
-0.12797484
-0.2551196
1.330793
0.22190261
-0.1272722
0.2577467
0.22648077
0.18622422
-0.4032859
-0.03978215
-0.91021883
-0.3917574
0.0546103
-0.03970952
-0.2955918
0.06970983
0.4728071
0.13216376
-0.0152937025
0.18360904
0.19084427
0.15446527
-0.15103054
-0.26157627
-0.667349
0.09073467
-0.3115582
0.17456792
0.4513433
-0.9708224
0.017685086
-0.1465575
0.86716825
-0.46685952
-0.7513835
-0.21445794
-0.5978622
0.2602395
-0.028378857
0.22096704
0.25328803
0.32869983
-0.12080471
-0.078654535
0.2833654
-0.41114512
-0.38706782
0.006806722
0.21223128
0.06605094
-0.25773874
0.039493375
-0.13278906
-0.51740086
0.08290028
-0.17571245
-0.7160895
0.13143986
-0.37392747
0.37191367
-0.77185535
-0.5038677
0.16154954
1.4621956
0.09676837
0.04981301
0.19748211
-0.5751407
-1.5895289
-0.007967373
-0.36267725
-0.3386773
-0.34561127
0.256311
0.26165852
-0.06395942
-0.23598163
0.18723431
-0.104755625
-0.008692216
0.21098989
-0.09485933
-0.2342606
0.27644458
-0.35607314
-0.9961338
0.09870583
-0.14040685
-0.9363895
-0.20312229
1.1157442
-0.06955362
-0.44749987
-0.09664528
-0.10516594
-0.1792209
-0.076495804
0.41605863
-0.038147375
0.05146591
-0.51157886
-0.036204215
-0.1817436
0.08908045
0.24906987
-0.06551319
-0.08157995
-0.29890472
-0.2937602
-0.47271574
0.42402348
0.39543745
0.026785083
-0.20442872
-0.2657607
-0.1307734
-0.28702673
0.12632209
-0.11925147
0.15431769
0.1321266
-0.30209768
0.19778846
0.09555973
-0.034746576
-0.03713958
-0.0852072
0.70734245
0.26453963
-0.39005098
-0.9351162
-0.19792165
0.11977553
-0.04575725
-0.3421538
-0.21695003
0.4165372
0.17113249
0.16657677
-0.12391199
-0.09040001
0.29524162
-0.19917679
-0.37893212
-0.42665502
0.11492547
0.19474775
-1.0864407
-0.21844193
0.015741551
0.40963054
-0.4887533
0.32778126
0.118618876
0.33926424
-0.03777458
0.4138752
0.011704672
-0.41288647
0.30528775
1.0482675
-0.8590209
-0.2398775
0.3278401
-0.095905244
-0.44397846
-0.033195265
1.0482135
-0.04871368
0.36603564
0.30140454
-0.32139158
-0.049040392
-0.4580442
0.05348631
0.21074682
0.59281886
0.5153337
1.093599
-0.23854904
0.30288902
-0.30384955
0.014579753
0.15922141
-0.033764154
-0.31065518
-0.06332463
0.40833396
-0.9081848
0.018510006
-0.1512609
-0.35644794
0.36968547
-0.2825374
0.47799125
-0.9152799
-0.2872784
-0.10975764
0.30228284
0.5467044
0.24659991
-0.32346568
-0.08011379
-0.325157
0.44972327
-0.094531514
-0.5509915
-0.9094734
-0.5995596
0.44151834
0.61097366
0.45686644
0.03756645
0.086404316
-0.29285467
-0.051558197
-0.21950473
0.10498932
0.24342091
0.19450279
-0.16239628
0.13771957
-0.02386575
-0.07526858
0.24569638
0.2866746
-0.013442938
0.35778916
0.08223467
-0.02116184
-0.04219689
0.369982
0.3253287
0.1705286
-0.47591302
0.049581837
-0.31765062
0.13123338
0.091239005
0.24289393
-0.04896513
0.1519362
0.11558361
0.15534666
-0.029865788
0.3176458
0.09419494
0.6268907
0.25054166
-0.5675571
0.1420385
-0.13442446
-0.34743345
0.05250824
-0.088549465
0.0132325655
0.14126076
-0.30796233
0.3703887
-0.019244043
0.22061138
0.032766383
0.26102278
-0.006206908
0.12606408
0.09700047
0.0950687
0.11299771
-0.42832452
-0.2544173
-0.122526705
-0.22990613
0.27598795
-0.0013020562
0.3091608
0.20494439
0.101661295
-0.21497646
0.30557722
0.19048463
0.022060983
0.2822951
0.21634825
-0.06597543
0.2984837
-0.20762812
0.4426305
0.27276966
0.20645611
-0.09506955
0.1414174
-0.3545472
0.42669475
-0.08902893
0.15447284
0.09744542
-0.21258011
-0.42436182
-0.021521293
0.71584845
0.24498746
0.11053335
-0.20474157
0.2059398
-0.3065627
-0.14803195
1.0822619
0.45457348
-0.20902213
0.103353
-0.311017
-0.76801956
0.5020103
0.1457123
-0.24165042
-0.39532045
-0.3106658
-0.16486287
-0.14642848
-0.038369287
0.10045993
0.05652038
0.23771012
-0.20749119
-0.57452863
-0.029498398
-0.20699638
-0.50091773
0.07782669
0.50196123
-0.15037726
0.20990255
0.057374787
-0.25419977
-0.19735184
-0.29427135
-0.56299645
0.7948859
-2.2095826
-0.15858327
-0.41014385
0.21735378
0.09908853
0.65785563
0.15234393
-1.0941765
-3.6771553
-1.038073
0.070336066
0.20185463
-0.46740687
0.5546946
1.4491886
-0.7878959
0.27266663
-0.07108917
-1.426742
-1.4193661
-0.056678854
-0.5744986
-0.28371993
0.18248723
0.0039401874
-0.22080609
0.11661541
-0.1250617
0.27518925
-0.16007341
-1.2072326
-0.56934655
-0.028179765
-4.2007585
-0.32165194
0.5511652
-0.1128981
0.37764782
1.4159485
-0.009683758
0.28478724
-1.1458246
-3.3842978
0.27860638
-1.7675767
0.9580862
-0.42557734
0.097212695
1.9753716
0.34193152
-1.5292463
-0.34279078
0.66554564
-0.7593713
-0.017487688
-0.77020687
1.8307227
-0.120392025
1.1110398
0.35580224
0.28393844
-1.7362229
-0.36218706
0.41305512
-0.3399954
-0.14959973
-0.22862925
-0.49953315
-0.68595684
0.06768028
0.36905533
0.005357181
-0.02955729
-0.33948502
0.5539042
0.966066
1.3832204
0.25720227
-2.020385
-2.6011245
-0.39169607
-0.23742597
0.6058307
0.64808506
0.5241156
-2.1684353
-0.33312324
-0.053771526
0.043922096
-0.8603511
0.079592235
-0.019991761
1.79963
0.20825756
-0.38134035
1.5080289
0.028257193
0.32807446
-0.22484528
0.6236003
0.25755513
-0.12472514
-0.12678295
-0.07260059
0.1170561
-0.29854634
-0.14824025
0.2665116
0.38745257
-0.04713027
-1.5994937
0.16315353
0.09529252
-0.5314273
-0.45946246
0.066744775
0.052889228
0.3435164
0.080593474
-0.03870073
-0.1300018
-0.08013607
-0.47804916
0.21015759
0.16684881
0.02122036
-0.29380596
-0.153125
-0.8269015
-0.14188881
0.17143773
0.23989488
-0.010291492
0.62206024
-0.5983062
-0.35720265
0.15279603
-0.30803576
-0.3375682
-0.3884188
-0.136736
0.9686355
-0.7596787
0.65825164
0.35426703
-0.5177202
1.1285068
1.4191523
1.0210098
0.4825702
-0.50528985
-0.74689794
-0.28128222
-0.31772673
0.3254107
0.34511456
0.9581659
0.12841645
0.18188602
-0.8758775
0.4649024
-0.79103106
-0.26273125
0.43373093
-0.7041284
0.28254205
0.38117015
-0.27291808
0.8550205
0.13070926
-0.75993246
-0.6639389
1.2591584
0.90859026
0.88788956
-0.18286422
-0.13767862
-0.2122549
0.5850394
0.01734412
0.2310681
-0.9015067
0.08441379
-0.46847025
-0.04409504
-0.04539034
-2.6192138
-0.09066413
1.202741
0.13198113
-0.051211312
-1.9118276
0.78624684
0.078494355
0.69980365
-2.1832223
-0.5981296
-0.027497465
-0.10829096
-0.15340205
-0.37088054
-0.5603393
1.774647
-0.11859236
1.4007427
-1.6745853
-0.3377592
0.31036985
-0.10898146
-0.2226262
-0.28029293
-0.59585065
0.12332652
0.2055853
-0.47038892
-0.17703341
-0.0342315
0.25555015
0.277138
-0.5976228
0.22671774
0.50573933
-0.32393023
0.06921288
0.3329336
-0.24395825
-0.3636965
0.30323163
-0.33397162
1.1124669
0.19879907
-0.3195133
-1.418102
-0.44117114
-0.40328178
-0.23910345
-0.30005965
0.043745607
0.7942659
0.14582519
0.10034301
0.32844844
-0.48996294
0.31492168
-0.48910224
0.6851076
-0.28351492
-0.2541228
-0.3008133
0.03805142
0.34179756
0.3017408
-0.56398994
0.59739393
0.014251313
0.06313541
0.058091715
-0.21651025
-0.6707422
-0.41529688
0.57199633
1.0875659
-0.22152984
0.96602327
-0.21695933
0.07739817
0.24339406
0.3394972
0.025055792
-0.7916798
-0.47533846
-0.11984423
-1.6474303
-1.2455211
-0.14161369
0.5437197
1.0031085
-0.087682776
0.20374596
-0.27120295
0.45180535
-0.26407775
0.27909055
0.46932447
-0.5467741
0.023749696
0.17740259
0.15225996
0.18025765
-0.5498567
-0.5107083
0.36891863
0.43142727
0.36378765
0.25184986
0.16627236
-0.89594674
-0.40282133
0.48163384
0.15663214
0.50505614
-0.33373976
0.069193326
0.033909284
0.1790896
0.62778383
0.0731923
-0.6803818
0.08901369
-0.59930384
-0.20001946
-0.30113333
0.360483
-0.20548525
0.47881773
-0.7964396
0.5123448
-0.45215654
0.15532282
-0.14761333
-0.6524985
0.27051157
-0.42823142
-0.054607213
0.22754335
-0.8316728
-0.018097926
0.15514097
-0.21921805
0.24651402
-0.6248843
-0.050467245
0.4640151
0.17001599
-0.120833226
0.80617
0.2264588
0.24286062
0.19629723
0.5463214
0.46938577
-0.17906886
-0.31843317
0.25928918
-0.3404537
0.20584154
0.24574076
0.31784263
0.12706316
-0.2029422
0.19933465
-0.39926535
-0.18281138
-0.07704117
0.095359795
-0.28679863
0.2653041
-0.16267817
0.32907072
0.15343231
0.2573041
-0.22619554
0.20077166
-0.31191868
-0.13267817
0.5532656
0.18381453
0.051280268
-0.26900762
0.0049029784
-0.9499049
-0.18157749
0.19901164
-0.06544292
0.31355217
0.08048164
-1.8537546
-0.2851211
-0.021460447
-0.30835304
0.33513087
0.319819
-0.4029083
-0.29466066
0.64166707
0.5029395
0.47534537
0.49127617
0.20827703
-0.4697847
-0.49736568
-0.16513729
0.37393245
0.37916306
0.009932835
0.6141686
0.11503291
-0.12396937
0.41970506
-0.2666905
0.09645802
-0.1271775
-0.31186736
0.3661151
0.3292707
-0.20722061
-0.28627858
-0.43145818
-0.3159501
-0.7428087
-0.45108545
0.14158891
-0.39531496
-0.27308524
0.14515619
-0.062377516
-0.13921966
-0.43634474
0.29277048
0.38968655
0.15182383
0.058595806
0.40332887
-0.16110313
-0.72824305
-0.32018036
0.6866538
-0.045465793
0.2280194
-0.58452535
0.31662047
-0.28630581
0.5974204
0.21784623
0.33637017
-0.55856025
0.08655083
-0.5848959
-0.25359803
0.026515424
-0.70891976
-0.8767827
0.23601729
-0.56758136
0.8427347
-0.2410621
-0.04716475
0.6894029
-0.52887154
0.22456321
-0.77320045
0.18324365
0.09134783
0.94548357
-0.10356509
0.3803115
-0.027597368
0.05475639
-0.28714684
0.25008887
0.4092374
0.058166433
0.28554457
-0.64800316
-0.17931072
-0.41225886
0.5589455
0.65738213
-0.4705914
0.14890586
0.29043123
0.3797627
-0.16053762
-0.3561122
-0.23129985
-0.9792754
-0.027583122
-0.27092797
-0.022522531
-0.18781248
-0.25799733
0.15044096
-0.2967683
-0.24328536
0.19179992
0.26815882
-0.21727349
0.31860927
0.07876088
-0.03875365
-0.12502585
-0.26183832
0.23548856
0.36741036
-0.21534021
-0.14182779
-0.16329779
-0.18168148
0.11725549
0.37497678
-0.09124926
0.14135289
0.20000161
-0.11138822
-0.20021379
0.651722
-0.114515044
0.25415894
0.52669805
-0.005995932
-0.19309627
-0.65465665
0.60425127
0.16641329
-0.041251503
0.11276435
0.23882616
0.15859891
0.0014153139
-0.081169516
0.44319636
0.17457251
-0.40087906
0.34245303
-0.23009911
0.45791817
-0.047432646
0.070961386
-0.21250509
-0.13684815
0.06188674
0.07165209
-0.5047881
-0.13533056
-0.058592472
-0.30980018
0.03817298
-0.11234328
-0.34684885
0.010194666
0.26782307
0.2199464
-0.102757454
0.4329015
0.2552334
0.03241619
0.15599392
-0.27006584
0.1253864
-0.06784379
0.14893769
-0.15502192
-0.21102552
1.1445537
-0.20870885
0.090415046
0.09750886
-0.09806857
-0.25094193
0.1137706
-0.60216933
0.16068533
0.43179685
0.17372537
0.43397063
0.35105664
-0.37846327
0.6255245
-0.23636623
0.49236026
-0.2947055
-0.1772895
0.06330617
0.31083617
-0.094345376
0.04114663
0.39135602
-0.27026865
-0.112970576
0.138284
0.2818703
0.12315858
-0.17538802
-0.032015342
-0.34259504
-0.01703296
-0.013940804
0.7535495
-0.18454705
-0.099716164
-0.1583279
0.3660465
0.051369898
-0.18613178
-0.11717962
-0.7310803
-0.26386017
0.25887078
-0.74400985
0.06656538
-1.1591974
-0.23200648
0.11344579
0.42096287
-0.2989842
0.3277465
-0.3142137
-2.9928815
0.39119866
0.0170954
-1.4852574
0.32553536
-0.31366605
-0.16710487
-1.253652
-0.12967677
-0.06943163
-0.26796916
0.38521484
0.2860429
-0.47758394
0.32980305
-0.09035496
0.34605107
-0.82142025
-2.5945995
-0.39089066
1.3998449
0.377725
-2.8877907
0.22591998
0.17127196
-0.19795583
1.0220016
-0.8124997
1.4638071
0.67765063
0.24361798
0.74121106
0.63971573
-0.0003592426
0.2278601
-0.025061578
0.003930964
-1.1718315
0.22241999
-1.6755226
-0.12618043
-1.7277318
0.0547106
0.32504568
0.20118517
-0.52634823
-0.16945626
-0.15876035
-0.04856259
0.19503869
0.0006248831
0.30259553
0.4385015
0.24474533
-0.27546388
-0.068104014
0.26681876
0.21870756
-0.5384999
-3.8523724
-0.3853311
0.56136084
0.48509187
0.50834477
0.88274014
0.41032046
0.2190493
0.59587073
0.9384985
0.25621706
-0.17359802
-0.13909978
-0.55765736
0.22297662
-0.024328848
-1.6142046
-0.5204621
0.020831445
0.26965964
0.2370227
-0.23306188
-0.2980094
-0.06380611
1.1543933
-0.218916
-0.3278554
0.09117937
-0.10275775
-0.1409029
-0.09850694
-0.061415374
0.3265413
-0.7096138
-0.22789244
0.35429573
0.30470026
-1.7636462
-0.14135203
0.101631306
0.40690586
0.19367468
-0.5362432
0.17288424
0.5715663
-0.10179195
0.86495465
0.6762761
-0.44072038
-0.045445234
0.1868223
0.28667706
-0.11702106
0.22421166
-0.6915026
0.061751034
-0.039736696
-0.19286923
-0.14436926
-0.04881957
-0.30533653
-0.25556317
0.21373272
-0.49441057
1.2891508
0.34188724
-0.13286737
0.18504564
-0.38599104
0.015874196
0.11249542
-0.44136548
-0.125371
-0.28529957
0.111489184
-0.14727254
-0.9397721
0.3261691
-0.3001651
-1.180017
0.12963611
0.60851896
-0.039505225
-0.5730564
0.40013826
-0.5222464
0.11280921
0.8282411
-0.45794758
0.44374156
-0.7888565
0.21500933
-0.2089507
0.13156241
0.36025113
0.012548373
0.26954326
0.07812639
-0.0013514507
-0.59543496
-0.027679306
-0.04011745
0.70005476
-0.7946191
0.13777155
1.1511067
0.36316755
-0.2807128
-0.22032484
-0.34814215
-0.17999484
-0.34033296
-0.09739743
0.28777218
0.43949205
-0.09504111
0.111531526
0.6894694
0.071063936
-0.4823117
0.51149255
-0.15477
-0.72373104
-0.014582795
0.328131
0.31702688
-0.23475209
-0.5505523
0.5508452
0.8894469
0.28443766
0.091225594
0.3314983
-0.1843432
-0.14137344
0.9801012
0.06751391
-0.0022822425
0.07918103
0.16910662
0.6515391
0.055723812
-0.115384296
0.8619222
0.22531728
-0.19129954
0.43326107
-0.113611
0.07737582
0.30203635
0.11465992
0.104049385
0.16005713
-0.05045915
-0.6127736
0.46698913
-0.27555045
-0.37772804
0.12967783
0.15084656
0.6612372
-1.0052807
0.6972353
-0.1353125
-0.19567735
0.14414302
0.15711896
-0.12411722
-0.02410146
-0.28810006
0.20067883
0.06663707
-0.35182008
-0.29483852
-0.0059057586
-0.28179076
0.21043263
0.035912648
0.10432067
0.5589199
0.12483075
-0.20100395
0.11185314
-0.07729664
0.016494917
0.38818455
-0.07464286
-0.24896899
-0.52297616
-0.11350437
0.024469107
-0.38170564
-0.4690947
-0.017495854
0.12601097
-1.0390497
0.47086126
0.8059932
0.41326028
-0.46748695
-0.17491741
-0.091289185
0.24404699
-0.23777358
-0.60772485
0.38756242
1.5113188
-0.70276356
0.567515
0.02297459
-0.14130898
0.27985173
-0.2782084
-0.2257261
0.34769246
0.33093876
0.15613605
0.12046755
-0.00972235
-0.28841993
-0.030280605
0.16441905
-0.35567808
0.6683047
0.16461952
0.7303583
0.075851604
-0.025615752
0.33718613
0.30312333
-0.421089
-0.137045
-0.25160378
0.07403634
0.1294182
0.50980324
-0.3176802
0.12022399
0.21363966
-0.04797892
-0.083996676
0.10952624
0.41666803
-0.95646036
0.009327897
0.10014723
0.43367645
-0.53532386
0.21347646
0.57528824
-0.041458726
0.7961476
0.23826261
-0.13134652
0.41604874
0.07806001
-0.15535268
0.08888705
0.31006202
0.2235468
0.18024606
0.29460984
-0.25322258
-0.3534165
0.61601907
0.049583666
0.021622257
0.10995559
-0.05734509
-0.5450973
-0.19469886
-1.5917583
-0.21445769
-0.13641746
-0.16305318
0.034655657
0.3345173
-0.016107254
-0.22416002
-0.10489158
-0.027297772
-0.09474706
0.09714488
0.07647889
-0.24577959
-1.0025154
0.32407206
0.089419834
-0.012708231
0.32353833
0.055186152
-0.00018301606
-0.34095338
0.2347647
-0.5714236
-0.3624623
0.68113047
0.17322984
0.46037462
0.21185537
-0.2107591
0.02729942
-0.0081411945
0.047662243
-0.010968028
-0.17579609
0.028852956
0.19120719
0.2162719
-0.3711866
1.5290575
-0.11315644
0.13076288
0.102864705
-0.13013129
-0.14696136
-0.26080355
-0.04035792
0.25438324
-0.076477334
0.64268416
0.09822534
-0.06386898
-0.4581176
-0.24265867
-0.29251584
-0.4233357
0.09564082
0.120734215
-0.12971108
-0.6222868
-0.17624003
0.05272447
0.2042458
0.27271855
-0.19035338
-0.7730188
0.23133
0.1373774
-0.3757231
0.120097674
-0.37929803
-0.6468801
-0.041675724
0.08885845
-0.2869666
-0.4222565
0.19629866
-0.31211743
-0.2820644
-0.17159167
0.18985833
0.18324713
-0.28283128
-0.011752826
-0.24017246
-0.2705632
-0.19565207
0.5662392
0.19270697
-0.07112538
0.25955856
-0.217801
-0.45930243
-0.32552776
0.18601334
0.25678977
0.18270633
-0.25531548
-0.08312822
0.085428275
0.5575955
0.013486576
0.3729236
0.18903479
-0.29718456
-0.3167642
0.33274555
-0.26692963
0.03647367
-0.062822625
-0.64687896
-0.5473244
0.12110133
0.0464493
0.24430293
-0.048351474
0.37656295
-0.39105508
-0.37219423
-0.15051575
-0.47829333
-0.17600383
0.1978631
-0.27102518
-0.0073239137
-0.2043305
-0.5566432
-0.25052598
0.19270773
-0.07178189
-0.05087892
0.6314336
0.2733781
0.46296737
-0.7462458
0.2718545
-0.14004779
0.29855093
-0.44786388
0.33537102
-0.31668738
0.24318668
0.06364955
0.20124024
0.053820275
0.16788827
-0.29853737
-0.20211232
-0.3498455
0.19173752
0.26844472
0.23986194
-0.09830111
0.47049722
-0.19649194
-0.17520747
-0.017771825
-0.29444185
-0.09504451
0.15897384
0.30149388
0.07755675
0.3265562
0.22873984
0.32685837
0.12114376
-0.1386719
-0.41146854
0.05854043
0.031371735
0.20324619
0.29483983
-0.060859308
-0.28864732
-0.27498856
-0.4827443
-0.2553892
-0.31834555
0.17116748
0.13392389
-0.31776732
0.12433193
-0.035239894
0.15714334
0.2490832
0.25878343
-0.22698984
-0.27400148
0.34914726
0.36372784
0.14241405
-0.12375705
-0.4226134
-0.16240561
0.13616309
-0.19406728
-0.156646
0.27142712
0.35021612
0.2868614
-0.24179521
-0.075769685
0.326027
-0.23577873
-0.12846065
0.009889972
-0.07377435
-0.14165498
-0.09421881
0.35303324
0.07100681
0.07915382
-0.20119226
0.008112555
-0.006172001
-0.10071936
-0.12893315
0.06679485
-0.17970793
-0.07370082
-0.015539195
0.25295606
0.19471005
-0.17251956
0.39369863
-0.08473622
0.015007949
0.040270485
-0.108362935
-0.27010012
0.15268816
-0.46662113
-0.08549527
0.09153236
0.28922677
-0.19645269
-0.17772503
0.2967164
0.15535223
-0.26434863
0.25948867
0.010159174
0.043921605
0.27908757
0.04204725
-0.3354797
-0.32737312
0.27395567
0.13449265
-0.17915848
0.083641924
0.14776407
0.08566373
0.235205
0.024461022
-0.21600355
0.3260038
-0.13073044
0.42374367
0.1466223
0.17027044
0.63834244
-0.19874355
0.49529222
0.3007657
-0.2157558
-2.0200903
0.05381885
-0.3386418
0.2659247
-1.5749565
-0.0128729995
0.22396356
-1.9627602
-0.3436579
-0.05798248
-0.17508598
-0.1645842
-0.31566387
-0.12862672
0.08884754
0.14550321
-0.22560354
-0.119921364
-3.7634535
0.27953973
-1.1486579
-0.17779921
0.9154703
0.39859793
0.104491256
-0.40833795
0.1859156
-0.17134137
0.59384495
-0.4545308
-0.6001312
0.43799514
-2.9838846
-0.60857606
-0.14418504
0.9199549
-0.096305296
-0.4020754
-0.21737881
0.1186455
0.049089167
-0.061679658
-0.57581574
-0.10413207
-0.37951863
-1.2339913
0.01972083
-0.2396128
-1.0305046
0.58882844
0.14380369
1.0866427
0.44118306
0.49339545
-0.022695847
0.027488116
0.15618204
0.26205516
0.8688549
0.8557524
0.11037092
0.5718018
-0.8237746
0.22302541
0.02729072
0.27966622
-0.45291686
0.52694476
0.2364428
-0.21351662
-0.13426314
0.02090509
0.02129459
-0.36987522
-0.47259137
0.48150715
-0.010680991
0.0518911
0.11346547
0.27791366
0.29841316
-0.29601845
0.114139445
0.14714347
0.080319464
0.25016898
0.22319958
-0.197594
-0.08668623
-0.18600757
0.27546996
1.0918344
-0.35280395
-0.77529514
-0.8928531
-0.3030733
-0.31150365
-0.85709
-0.29960763
-0.08342576
-0.028264986
0.11437759
-0.6025795
0.08092514
-0.20806515
-0.056332055
-0.11890145
-0.2950211
-0.18124998
0.16476326
0.1973386
-0.043855708
-0.34613743
0.15929705
-0.099436626
-0.07883803
-0.27616134
0.6669782
0.9745864
0.172912
-0.47650325
0.2404375
-0.58868
-0.3095033
-0.29477394
0.62659913
-0.19783174
-0.5968763
-0.12738338
0.18737882
-0.36351797
0.26922795
0.37221706
-0.4816521
-0.080613375
0.6835333
0.39678332
-0.7860611
-0.22491197
-0.00382978
-0.23213418
-0.57295305
0.2781878
-0.075180486
-0.42241114
-0.10508972
0.26621097
0.037017368
0.096821845
-0.78367037
0.2411794
-0.13329129
-0.9806066
-0.6593559
1.0904024
0.09056214
0.15196949
0.100402996
-0.05906178
-0.4987916
-0.16244665
-0.105901554
0.48765808
-0.20813555
-0.400209
-0.22601335
-0.24261464
-0.05297639
0.0632582
0.05719278
0.50304645
-0.4029965
0.42697796
0.20958903
-0.10300496
-0.011143866
-0.53250235
-0.66970986
-0.2283728
0.08874293
-0.21802329
0.22972873
-0.01118258
-0.2879234
0.054120094
-0.5395136
0.5394955
0.27163512
-0.1792863
-0.2907955
-0.19381988
-0.13081588
-0.642683
-0.7444728
-0.58961457
-0.008883791
0.40544134
-0.7477623
-0.9470844
-0.58482534
-0.49426264
-0.42448285
0.21377958
1.2634642
-0.34239757
-0.038101286
0.12286341
-0.34275827
0.30408973
-0.033182
0.21368164
0.3010772
-0.5222432
0.15125662
0.11893421
0.04953125
-0.35001972
0.12925488
-0.0535706
0.08845818
-0.459748
-0.2522144
0.1776889
-0.331679
-1.9760715
-0.8597711
-0.11967915
-0.039419852
0.21668921
0.51614547
-0.5927136
0.058599826
-0.15369143
0.018098235
-0.32309234
-0.16744922
-0.45056224
-0.09217643
0.18034208
-0.42845792
0.0647453
0.6721421
-0.33666536
0.098629184
-0.16568585
0.07697962
0.39514828
-0.2270368
-0.096929446
0.28949055
-0.43569845
-0.32108605
0.22437954
-0.68593687
-0.14790806
0.24926722
0.048908927
-0.45568943
-0.9982326
0.6821265
-0.32405353
-0.17876053
-0.11601652
-1.3142815
0.18367532
-0.062156327
0.18953018
0.19270717
-0.11205343
-0.63400435
0.20447521
0.917767
-0.19060087
-0.18092568
0.25466877
0.0884693
-0.9289374
-0.042590253
-0.07815831
-0.40806204
0.040083304
0.40934798
0.18459798
-0.088688664
0.43977848
0.713804
-0.10433466
-0.051866997
0.27752548
0.030336486
-0.05327773
0.30798098
0.8762367
0.23182504
0.29787287
0.31834817
-0.3637003
0.050295427
-0.0376965
-0.10122625
-0.144227
0.016387207
-0.10176163
-0.5765411
-0.04812902
-0.37453085
0.19352463
-0.022706566
-0.120614596
-0.07977944
-0.23139709
-0.081391856
0.0050095627
-0.40077722
-0.69469094
-0.072960295
0.50305414
-0.30003574
0.18060553
-0.056356665
0.027922379
-0.11805339
-0.10271215
-0.3063094
-0.12618229
0.08944415
-0.23466621
-0.3359235
0.12142574
-0.064061806
-0.6389259
0.3972985
0.06547187
-0.3557324
0.15557976
0.08078998
-0.1025289
0.10610915
-0.21831448
0.055180192
0.2371683
-0.2793355
0.5631743
-0.23193984
-0.032640226
-0.30312422
-0.20592673
-0.15880477
0.056205414
0.29010022
0.34987643
0.59254944
-0.27967015
-0.3333189
-0.24108407
-0.061027043
-0.42943212
0.11555151
-0.4518899
-0.19952494
0.19880691
0.33942792
-0.11970166
0.069061026
-0.24583928
0.12877876
-0.24517259
0.048593547
0.22622621
-0.38329458
-0.13519852
0.10199061
-0.6890806
-0.8189068
0.12874773
-0.32075492
-0.055575076
-0.031699575
-0.63574564
-0.09364034
-0.029825147
0.2646613
-0.14629138
-0.31712672
-0.18876977
0.21705867
0.24571206
0.31363505
0.06505766
0.2684591
0.3025206
-0.35787016
-0.13648894
0.13254021
0.19005829
-0.10034194
-0.0077963225
-0.113894284
0.42767718
0.19114375
0.022157712
-0.11493682
0.10638192
0.10096654
0.27259403
0.2846985
0.11621694
-0.049552057
-0.2644758
-0.18221523
0.23911765
-0.32169098
-0.28765148
-0.092355154
0.13594185
-0.0036216418
-0.028630126
-0.17185098
0.25172964
-0.23729846
0.06258437
-0.17855586
0.20003736
-0.2011006
0.21366568
0.03566927
0.21221898
-0.017094612
0.341178
-0.07756423
-0.19517864
-0.14811979
0.28015146
0.16154906
-0.030416656
-0.09368351
0.21943896
0.19065964
0.22925496
-0.02490806
-0.25245592
-0.10191802
-0.07303513
-0.1378144
-0.6680669
0.13094889
-0.3019823
0.23942326
-0.07174557
-0.08992878
-0.14068973
0.1058032
-0.010128905
0.10031254
0.18595794
-0.2847655
0.0995626
-0.26610464
-0.93111724
-0.32395104
-0.0030445107
-0.29253614
-0.4009918
-0.11889234
-0.44936964
-0.8897413
-0.18349102
-0.09684449
0.18562733
0.0074562174
0.07636273
0.60373664
0.277033
-0.017565042
-0.19503196
0.069014564
-0.36838314
0.037284613
0.1078438
0.10830638
-0.39448267
-0.40669158
-0.04525351
0.052866124
0.14503704
-0.3046727
-0.19283287
0.53838354
0.24773136
-0.18403693
-0.033462953
0.378519
0.2673122
-0.12543254
0.27747127
0.12342268
0.13603923
0.289021
-0.37162295
-0.1922104
-0.14343485
-0.14653204
-0.108503856
-0.13538359
-0.40284896
-0.1362289
0.14516792
-0.2910041
0.1843915
-0.09222647
-0.008175929
-0.29235744
0.21880826
0.11448001
-0.23208067
0.38370222
-0.20725292
-0.16314363
-0.1553347
-0.21873726
0.0068978136
-0.30161634
0.2279481
-0.0034361728
0.36297354
0.06699782
-0.28688893
0.10319624
-0.29024917
0.21454795
-0.22701328
0.096694686
0.40200648
-0.13957362
0.011157097
0.1341774
-0.050349787
0.12665185
-0.16225389
0.16081747
0.20539989
-0.082795076
-0.35910913
-0.07155831
0.21939111
-0.27525803
-0.2136869
0.0094272895
-0.22892374
-0.11236711
-0.12099277
0.041596543
0.13004439
-0.25520834
-0.33758005
0.27423206
-0.29670352
0.13180791
-0.12094107
-0.049984265
0.19338775
0.11444162
0.21350335
0.088157274
-0.59248066
0.21672992
-0.14306667
0.49099877
0.022932403
-0.1057205
-0.055266608
-0.08413712
0.0987418
0.023033656
0.09388461
0.22448547
0.15871412
-0.19202828
-0.22202358
-0.26672053
0.07309443
-0.36198565
0.3712583
0.1835266
-0.40915397
0.5256599
-0.18187656
0.011349348
-0.0029815445
-0.2995845
-0.12225866
-0.31556556
0.5475594
-0.12650587
0.2037679
0.22147693
-0.09516272
-0.03858244
0.35583073
0.0775971
-0.24999008
0.16006334
0.54626924
-0.13021146
0.04269649
-0.27380273
-0.118298836
0.2905259
0.082254365
0.2997187
-0.024148162
0.18313497
-0.3670432
0.041583247
0.2586718
-0.2841684
0.059832655
0.25953263
0.16285855
-2.1381161
0.13645197
0.21313067
0.03117153
1.1770788
0.00047448845
-0.2695473
0.1613609
-0.68989897
0.084538646
-0.1936688
-1.0506078
-0.6116171
0.37492198
-0.3205406
-0.40211803
0.32030338
0.17092162
0.09813985
0.077897005
0.72330755
0.082635194
-0.036064837
0.11336684
0.27155578
0.22788697
-0.14009142
0.066620685
0.38647047
-0.12147431
-0.5498584
-0.2701825
0.019471407
-0.19342402
0.085341915
-0.19716014
-0.26179108
0.07319391
0.9697698
0.05074063
-0.23494841
0.6125186
-0.012800485
-0.0974999
0.16385847
0.19846572
0.8999147
-0.044739112
0.33814564
-1.8784432
-0.1303755
-0.28892922
-0.13490906
0.11318271
-0.25947756
0.1209367
0.24634118
0.13032173
0.30786714
0.18279354
-0.64923716
0.81171966
-0.43741903
0.16835788
-0.24234058
-0.10135859
-0.18173131
-0.026190689
0.024611175
-0.16274601
-0.88301706
-0.1638606
-0.16169567
0.07942152
0.2225843
-0.11688076
-0.32516703
0.6356282
-0.09180571
0.020394545
-0.24125479
-0.08831829
0.12660754
0.2792095
-0.20725268
0.1592948
0.26356182
-0.2800527
-0.20484947
-0.10638225
1.110476
0.685161
-0.34038273
-0.11721772
-0.18914787
-0.1978843
0.039768193
-0.18149616
-0.1841055
0.051588666
0.23282424
0.48327333
-0.06818545
0.35604164
0.24531084
1.0910091
0.29868728
0.02826254
-0.120709576
0.04487661
-0.23130526
0.09998372
0.6882138
9.085152e-05
0.25782603
-0.33528355
0.050475605
0.019329708
0.118553214
-0.28182256
0.2793903
0.0069278846
0.07336559
0.2410476
0.35306045
-0.42286712
0.1681635
0.19332992
0.16456023
-0.06055631
-0.5459969
-0.07154253
-0.046556477
0.095629446
0.13012181
-0.23604253
0.11058872
-0.05099081
-0.041160718
0.1833795
-0.16526699
-0.0107152285
0.18955372
0.26222992
0.17581421
0.12122769
0.20796414
0.273351
-0.050940614
-0.011728185
0.04566487
-0.077375524
0.10575203
-0.051392186
-0.41017956
-0.05118042
0.20465425
0.5123173
-0.17097768
0.11497388
-0.36054114
-0.07743506
0.31884712
-0.12490603
0.26178432
-0.07470816
-0.04173261
-1.946325
0.04622755
0.07477602
-0.41603255
0.05140078
0.02410212
0.047142025
-0.07524749
-0.014645748
-0.924467
-0.15088637
0.27694368
0.09670991
-0.20520604
-0.52951676
-0.14238451
0.22447357
-0.10657731
-0.300095
0.07006568
0.02489753
-1.2781333
0.009406988
0.1211022
-0.038885802
0.17504953
0.6322117
-0.46325156
-0.03220761
0.28688586
-0.35282862
-0.24940072
-0.18045945
0.2744996
-0.066818796
-0.035783947
-0.0089297
0.0060408013
-0.32483786
0.042958725
0.00016149627
-0.07194193
0.10905364
-0.05219836
-0.40859577
-0.397461
-0.16367623
-0.0983983
0.19418275
-0.87336475
0.0140257925
-1.9802104
-0.0124109145
0.22052008
0.035037633
-0.040979173
0.0815207
-0.010702491
-0.28214455
0.11215322
-0.057170123
-0.17306866
0.12595521
-0.18452209
-0.19289292
-0.14271094
0.32121068
-0.36805734
-0.075594276
-0.21370593
-0.59810346
0.0699865
0.11931121
-0.52915365
0.028502947
0.094626
0.02672199
0.20320657
-0.17008351
-0.21276626
0.19065091
-0.0030259823
0.07552363
0.076076835
-0.14183407
0.42263034
-0.118432485
0.39712965
0.04884913
-0.13190405
-0.03700585
0.05265518
-0.18615998
0.014461369
0.009932831
0.18967718
-0.32155174
-0.07517135
-0.06867879
-0.040629476
0.1966984
0.022101348
-0.07883342
-0.2943609
-0.2534352
0.08618723
0.0072093066
0.004401919
-0.27371374
-1.3925179
-0.27204156
0.23386882
0.23785731
-0.04901434
-0.16165704
0.093159646
-0.03890114
-1.0044816
0.43828052
0.3022278
0.006692352
-0.029350827
-0.13421121
0.43079796
-0.15983382
-0.07554255
-0.042042714
0.04212069
-0.3606997
0.63979703
-0.03558565
0.009632314
-0.03623532
-0.16232277
-0.06540493
0.09557577
-1.9035467
-0.063966624
-0.23923029
0.011379987
0.19059913
-0.23492979
0.08677956
0.123355865
0.2936595
0.113054186
0.19661136
-0.3456201
-0.3822876
-0.19017662
0.42430782
-0.008114787
0.21496119
0.17539316
-0.25565657
-0.3233203
-0.14270416
-0.06012524
-0.20567389
0.16048218
0.046194576
-0.20646624
0.23121697
0.02838047
0.33537313
0.48194838
0.2192219
0.11766231
-0.01594165
-0.24239661
-0.08308288
1.1937414
-0.10323911
0.2774343
-0.021993356
-0.24158108
0.010462466
-0.23522335
-0.13349058
-0.030233482
-0.02950416
-0.16301928
0.15315568
-0.45445707
-0.048771087
-0.31780472
0.046152122
-0.3333526
-0.046572216
0.18568441
0.27082357
-0.068244055
0.13456169
0.07184246
-0.084698215
-0.2863935
-0.16173583
0.022439802
-0.25552472
-0.067869775
-1.0265757
-0.042962275
0.11468564
-0.2436328
0.07374226
-0.24931383
-0.1315113
-0.03266511
0.0803595
0.5455348
-0.011213941
-0.1721341
-0.26794082
0.12360877
-0.37665963
-0.11135373
0.058054425
0.9209423
-0.5000379
-0.015209611
-0.19027893
-0.17972387
0.06522786
0.13549308
-0.23302379
-0.33001813
0.294983
-0.0743789
0.22006445
0.13890986
0.055981025
-0.19480966
0.0667602
0.056178056
0.42498603
-0.4719386
-0.0898785
-0.5586883
0.18763162
-0.08231208
-0.16710088
0.6603688
-0.2024017
0.041828156
-0.23009524
-0.36703295
-0.033030227
0.1657625
-0.03269893
-0.18631165
-0.13012458
-0.10407999
0.17401396
-0.010418762
-0.2063668
-0.04564959
0.27121043
0.051836755
0.1852392
0.18426019
-0.32056898
-0.015083082
0.16086635
0.4216375
-0.0084531605
0.19782887
-0.029483508
0.3124574
0.02940344
0.17480254
-0.5629348
-0.036240906
-0.19791754
-0.12872112
0.12734969
0.005665157
-0.050891336
0.10645882
0.03748873
-0.01650383
0.35371754
0.2567814
0.018784165
0.25234905
-0.5532065
0.15677892
-0.007486739
0.26613867
0.16840738
-0.42114666
0.3257497
-1.1247177
-0.19881433
0.017879555
0.81204885
0.24865367
0.2059441
-0.14625148
-0.008640399
0.17718591
-0.5303941
-0.08085875
-0.54260254
-0.051502924
0.5281555
-0.2604504
-0.056009956
0.03924341
0.03766122
0.09647156
-0.26272446
-0.5156483
-0.10620707
0.09785852
0.10272046
-0.055212382
-1.000397
0.117597826
-0.10363296
-0.013033164
-0.7270194
-0.2960188
-0.14284351
-0.040261477
-0.021579511
-0.060884763
-0.15340719
0.20631088
0.25881475
0.040130913
0.07411394
-0.030207621
0.00046844393
0.09897683
0.20007704
-0.26268408
-0.041076563
-0.7932185
-0.113803245
-0.011808753
-0.3188765
-0.2705847
0.09426084
0.51977783
0.0186031
0.059273932
-0.08212165
0.54766953
-0.3580118
-0.07096783
-0.5501006
0.06480834
-0.23652221
-0.19787297
-0.16899894
0.17291737
0.48495302
0.31235725
0.30015978
0.23737472
-0.27846655
0.5045414
-0.40176672
-0.08805102
-0.21207537
0.10626628
0.07637323
-0.60294956
0.07529798
0.25311032
-0.08296873
0.56200844
-0.70088935
0.14653377
0.7070216
-0.19325835
-0.06988583
0.113723315
-0.16165559
-0.036259495
-0.4087008
0.27903697
-0.60340303
-0.23317474
-0.25481853
-0.99091476
0.277646
0.25756785
-0.28695062
-0.29508364
-0.27545077
0.17320181
0.3503872
0.22429979
0.24030964
-0.1699311
-0.00016681795
-0.3201436
-0.3524919
-0.13204771
0.28670895
-0.14938255
-0.6277372
-0.24362855
-0.2101562
-0.16937149
-0.004959371
-0.22577219
0.21849108
0.16686168
0.35454267
0.28493154
-0.033606183
-0.148151
0.099518426
0.21602532
-0.036324777
-0.3118659
-0.23655662
0.74878997
0.0033056396
-0.20710544
0.13552193
0.13520183
-0.19870122
-0.23990732
-0.85182756
0.2118816
-0.12477514
0.2671097
-0.07080712
0.832211
0.14615285
-0.24667348
0.004725977
-0.16405159
-0.28710002
-0.5687363
-0.34344187
0.2626958
0.29314327
-0.34069932
-0.41304523
0.11899161
-0.05341776
0.22224778
0.24360351
0.2811903
0.22711167
0.1952107
-0.36560708
-0.06761746
0.10102913
-0.54334694
0.16541705
0.6438949
-0.086013824
0.0783585
-0.23179682
0.16915491
0.26525056
0.59948593
0.112133294
-0.7283574
0.20312263
-0.3154448
-0.058426846
-1.9053618
0.20031048
0.18712883
-0.44189537
0.801259
-0.20807269
-0.04283246
-0.3065725
0.19558513
-0.056450196
0.14158186
0.21954276
-0.51728183
0.29213318
0.75245154
0.3261176
0.13287814
-0.23876798
0.18341519
0.40773267
-0.1975376
0.03961311
-0.058148522
-0.10367302
-0.12896234
0.15461257
3.8414674
-0.17928664
-0.06573511
-0.01776385
0.048868727
-0.18670014
-0.3085905
-0.16397874
0.13671753
-0.43788832
-0.70048815
0.31228453
-0.019233575
-0.16142426
-0.18842314
0.3156277
0.10973576
-0.95481735
0.1885219
0.46412742
-0.3305894
-0.32433814
-0.13258098
-0.22075596
-0.07987559
0.27609986
0.045826353
-0.3262036
-0.39818507
-0.071837395
-0.320072
-0.17833243
0.3654489
0.11435819
-0.25535366
-0.32819134
-0.024666024
0.27720904
-0.0093738
-0.0016660744
0.014573753
0.19876197
-0.17907639
-0.19916737
0.30351084
-0.5996941
-0.20366451
-0.06422262
-0.9664321
0.068696655
0.057078127
-0.12928864
0.60744226
-0.71535003
-0.044330243
-0.04738334
-0.06183392
-0.19001576
-0.014363423
-0.4953253
0.23823293
-0.06641357
-0.59569776
-0.2777758
0.28993315
-0.11666612
0.3895446
0.29053345
0.098842785
0.083885916
-0.28441474
-0.04455437
-0.5948539
-0.15768272
-0.021450209
0.19276096
-1.2221758
-0.0027725382
-0.33635667
0.2877857
0.024000697
0.16275685
-0.2089383
-0.49778205
-0.06638125
0.21550497
-0.11541251
-0.10288439
0.3212116
-0.98890847
-0.0942272
-0.43760088
0.45977435
-0.21401513
-0.26703405
-0.010801359
0.6875756
0.03914304
-0.15563518
-0.8060513
0.015621623
0.411789
-0.32614174
-0.026692793
-0.055835128
0.098744094
0.10763092
-0.021933967
-0.15510483
-1.0867136
0.18163495
0.27393138
-0.21616998
-0.06616227
0.12663336
-0.15406303
-2.2053308
-0.00038700167
0.17197886
0.14799869
0.23205659
0.5650694
-0.29997173
-0.05448298
-0.11039492
-0.15418999
-0.11767015
0.015185176
-0.17951816
-0.075823665
-0.09239457
-0.3311371
0.12852205
0.54839146
0.31821644
0.25692743
0.23467726
-0.24047166
0.25143757
-0.12322601
0.2336402
0.3118712
0.04659885
0.20647128
0.07841354
-0.039806053
0.23077035
0.12117313
-0.11022542
-0.16016072
0.4495257
0.43697977
-0.016207084
0.23842525
0.34413707
-0.32593462
-0.08153376
-0.009812902
0.697232
0.0673216
-0.20953573
0.77641606
0.21085458
0.12551817
-0.22242793
-0.11536551
-0.36405644
0.07444083
-0.067011625
0.053108647
0.2906923
-0.06304045
0.40457946
-0.111614354
-0.04427247
0.323257
0.35357782
-0.28318816
-0.17239058
0.122169174
-0.25810403
0.0408897
0.009870479
0.14738177
0.17872304
-0.028799351
-0.033885773
0.25382972
0.12722042
0.36148995
-0.43627277
0.23545991
0.21070415
-0.2022731
-0.1254855
-0.046339232
-0.056130152
0.037489157
-0.043790303
0.11702567
-0.04291091
-0.27412522
0.23951231
-0.19318837
0.5778677
0.11281488
0.22907855
-0.15992166
-0.39088932
0.12194927
-0.6934549
-0.46455845
-0.31961894
0.09341932
0.46920395
0.17923553
0.14995791
-0.09652549
0.39226028
0.1986357
0.3174914
-0.5444875
0.12641609
-0.030575398
0.5977634
0.2202473
0.40387467
-0.06500049
-0.069250606
-0.426812
0.18431881
0.020337561
0.52949417
0.19724745
-0.08318078
0.21431723
0.9827042
-0.03349756
-0.1763018
-0.058505177
-0.011691421
0.48850253
0.10747524
0.043468602
-0.06999212
-0.024105212
0.11525422
-0.19702426
0.4293556
0.29631895
-0.01966018
-0.10544072
0.29921743
0.12397468
0.021363905
-0.12251806
-0.19890918
0.048547283
-0.012034482
-0.2840276
0.34226525
0.35691914
-0.07892534
0.005542052
0.22452646
0.19242185
-0.16536081
-0.17730863
-0.044715274
0.32078278
-0.124772765
-0.09137817
0.31418607
-0.20517288
-0.24525285
0.15376878
0.3228198
0.6299202
0.5724368
0.03487213
0.03167926
-0.3657167
0.052443586
-0.13201101
-0.10340676
0.1530996
0.040160883
-0.1330549
0.125248
-0.27041337
-0.19527276
-0.093889214
0.2751025
0.1306769
0.2174216
-0.5454446
0.014396189
0.39447305
0.11360739
0.01669499
0.015721355
0.24878415
-0.35626036
0.4579799
0.12806517
-0.05764171
0.08225975
0.03751411
0.2730449
0.21292388
0.30063686
-0.21727565
0.28897896
0.07558115
-0.080855645
0.113357976
-0.06685821
-0.023268458
-0.055671852
0.10538756
0.08546567
-0.14197727
0.15736035
0.24586867
-0.3391757
0.46642104
0.121665
0.60849154
0.1720465
-0.6442697
-0.29054952
0.33397374
-0.12649636
0.258377
0.2992788
0.18644671
0.5683573
-0.09067046
-0.18975034
-0.049160246
-0.71035063
-0.12316351
-0.036440372
0.44674528
-0.16626756
0.1366679
-0.07733883
-0.028260041
-0.26207766
-0.010488762
0.1787403
-2.2935505
0.49436536
0.026891615
-0.17734091
-0.6671651
0.25716525
0.18150066
-0.5244682
0.3069483
-0.13572554
0.23585014
-0.072530285
0.28125662
-0.024833309
-0.21493173
-0.28811505
-0.045812257
0.43925846
0.060878605
0.13796298
-0.29989398
-0.72644085
0.11431067
-0.2536549
0.085012786
-0.01967153
-0.0028409609
0.17670691
-0.50190216
0.3333652
-0.1546582
-0.120215684
-0.219715
-0.13630451
-0.0887645
0.2587728
0.35674712
0.17195559
-0.2549419
-0.11258056
-0.43160093
-0.36118484
-0.07842676
-0.32987228
-0.043429703
-0.17339465
0.36557367
-0.5734105
0.1455751
0.1894129
0.46415138
0.2597805
-0.14762859
-0.17201164
-0.10487217
0.49500307
0.55302274
0.008594474
-0.11546617
0.12842123
0.25751242
-0.06963417
-0.041676275
0.049357925
-0.23659617
0.22814707
-0.51257205
-0.030339707
-0.03770229
0.1532243
-0.18810184
-0.06459263
-0.7312122
-0.254198
0.008787828
-0.06399562
0.10162391
0.062311456
0.24170406
-0.36371195
-0.19610496
0.017399749
-0.12880422
-0.2436772
0.21582614
-0.22283146
-0.121287204
-0.45051846
-0.20660779
0.13673946
-0.024830956
-0.12785189
-0.46755
-0.58979964
-0.4120706
-0.3251623
-0.3448729
-0.5577449
0.54028237
-0.32898852
0.12770328
-0.39604366
-0.21200311
0.37668756
0.08656646
0.0407097
0.17234488
-0.19088772
-0.18648064
0.13278303
-0.35371614
-0.6792227
0.18461092
-0.15942067
0.32898888
-0.080443084
0.089247525
-0.2785912
0.003553956
-0.073096596
-0.23902158
0.16542642
0.19354832
-0.41100836
-0.48464227
0.04987344
0.0740328
0.14402434
-0.620945
0.15465946
-0.28105792
-0.0049966383
-0.4547378
0.18185765
0.15754408
-0.21407123
-0.37583163
0.021117903
0.46143615
-0.31644282
-1.3482147
-0.7342523
0.21360025
-0.07814131
-0.5046522
0.053902097
-0.4517123
-0.08385807
-0.033063825
0.2784214
0.21329172
-0.0061483644
0.12836312
-0.3839001
-0.08847536
0.2416678
-0.49200216
-0.40657166
-0.47944978
0.20073663
0.38034177
0.114904515
-0.1159121
0.17456412
-0.0654985
1.6628124
-0.11115868
-0.6343887
-0.18171334
-0.042256813
0.15367301
-0.37105677
0.26870897
-0.03005448
0.110771276
0.7151678
-1.2482526
0.22407627
-0.1868634
-0.048395053
0.27603218
-0.29023477
-0.02297434
-0.12458571
0.24428205
0.18995312
-3.4861584
-0.2572318
-0.19481318
-0.18039848
0.28808287
-0.20212863
0.09188643
-0.33793446
0.33830693
-0.22086729
0.33959323
0.79914856
-0.18563512
0.22047871
0.9310922
0.30731013
0.17224231
-0.10397776
-0.15117982
-1.8336668
0.14667444
0.11839937
-0.67297584
0.6941045
0.2730571
0.33354366
0.7777656
0.18544036
-0.31788942
-0.5442556
-0.23289023
0.3941977
-0.55436367
-0.88350236
-0.37170398
-2.4850254
0.08663024
-0.49380702
-0.073315665
-0.18037571
-1.811172
-0.0013067769
-3.1392052
-0.22375649
-0.09735503
0.3042646
0.2916682
-0.270199
-0.07105707
0.24568552
0.23471294
-0.18436576
-0.13087356
0.36423373
0.3137334
0.17801146
0.9373676
0.1596068
-0.018901244
3.9049494
-0.0039063343
0.21556157
0.07232849
2.3577564
0.9915266
0.18852179
-0.04249084
0.084181726
-0.08462581
-0.10891001
-4.53567
-0.2763681
0.030859422
0.24966098
-0.30305958
0.25230286
-2.2262592
-2.3680046
-0.27910814
-0.025666267
0.78624874
0.04440124
-0.20531264
0.26486987
-0.19771913
0.26465368
-0.13353355
0.50597614
0.041107677
-0.3369439
-0.11347812
0.5292333
-0.1274939
-0.08750544
-0.13002807
-0.30890772
0.06690848
0.07985976
0.33955473
-0.4255713
0.015674757
-0.18933499
-0.4365327
0.23464952
0.5074144
0.072949424
0.3604898
0.040088505
0.3104296
-0.12547255
-0.08191682
-0.52540076
0.111572094
0.30092052
0.06260221
0.86486316
-0.10459221
0.1245405
0.33907574
0.03598813
0.33968493
-0.06829149
-0.5359467
-0.29757923
-0.18736093
-0.26698023
0.2594272
0.1958563
-2.5105312
-1.1643716
-0.23941764
-0.008006736
0.34643462
0.15600252
0.47927663
0.08219391
-0.084867634
-0.098847024
0.19693589
0.4031201
0.20273799
0.2434712
0.15135422
0.13100734
0.1448292
-0.28944755
-0.6406276
-0.46156496
-0.19052166
-0.21998556
-0.09069451
0.38083786
-0.386565
-0.37155977
-0.1530724
-0.03626873
0.053532727
0.40114775
0.05080391
-0.36547858
0.059642002
-0.012499867
0.10604114
-0.055470813
-0.85694
0.04489222
-0.016248316
-0.20457926
0.30059576
-0.3882879
-0.19991797
0.11527767
-2.5998404
0.012619976
0.15392965
-0.13501452
0.010830422
0.18724783
-0.25170287
-0.8119964
-0.18269104
0.024604395
0.029004464
-1.0708587
0.6380977
0.0331533
-0.15457171
-0.1319673
0.10085469
0.286775
-0.17093588
0.57309556
0.22449405
0.335669
0.07814872
-0.15612784
0.13824299
-0.3852761
0.2230326
-0.2894764
0.19791631
-0.056086443
-0.20899314
-0.0915308
0.0825647
-0.050101936
-0.09948362
0.07634328
-0.05191882
0.07963982
0.5275673
0.3764706
0.3386261
0.3051487
-0.23855643
0.39474005
0.0044732518
0.022055984
-0.12712471
0.16089931
-0.10680395
-0.04351191
-0.20997632
-0.26794207
-0.22755022
-0.0070826784
-0.06948479
-0.29286087
0.20301773
-0.08742794
-0.060769796
0.34280866
0.3448818
0.49787155
0.09097958
0.08118899
0.056477197
0.02047852
0.11750943
0.47874945
0.07610727
-0.13857818
-0.05704611
0.43805084
-0.2480316
-0.7136035
-0.08398518
-0.16858885
-0.10695073
-0.14364722
0.19724093
-0.03724758
-0.031054324
-0.2168984
0.06227865
0.20413387
-0.21006548
-0.25142786
-0.0017161359
0.09478473
0.08511899
-0.3569126
-0.075168386
-0.020483084
0.17543723
0.07247628
0.3592935
0.32767034
0.047242325
-0.30841255
0.20959084
-0.23566991
-0.07083969
-0.13245678
-0.25357357
0.08733223
-0.0049610436
0.10512728
0.050585575
0.004091148
0.067284375
-0.47371674
0.026638234
-0.15835707
0.27049223
-0.32285878
-0.13174388
-0.23852603
0.046423983
-0.36747354
0.11105917
0.1152113
0.14248209
0.068294704
0.7741806
-0.11752326
0.035996683
0.16009094
0.42314667
-0.066894464
-0.25777715
0.19793524
0.16951524
0.20577028
-0.19653508
-0.20299004
-0.04538326
-0.20901966
-0.046602212
-0.2304383
0.20119986
0.10748686
0.12715527
0.2320889
-0.26087743
-0.017907584
-0.046793133
0.035157252
-0.16157392
-0.3354065
0.31340668
0.2603531
0.27778405
-0.31942946
0.0369129
0.29850233
0.21379158
0.2720152
-0.028941026
0.009141572
-0.014508108
0.33881125
-0.28758004
-0.3437871
-0.085486814
0.029307501
0.07158677
-0.21673214
-0.27996245
0.4227195
-0.32306764
0.050382175
-0.08237909
-0.02485585
-0.27942672
0.078449614
0.03966756
-0.010523707
-0.11026173
-0.28235185
-0.027105106
0.33943257
0.180196
-0.11117525
0.13030587
0.09697805
0.034981746
-0.3702784
0.30449057
-0.001024743
0.25823948
0.34688926
0.052786794
-0.3081953
-0.14071357
-0.49465472
-0.20314145
-0.15298901
-0.44272426
-0.209238
-0.29851183
-0.22644155
-0.2222197
-0.19996159
0.6694119
-0.14578359
0.079291604
-0.1470761
-0.032192994
-0.11542769
0.20120607
-0.052838378
-0.39431688
0.19409555
-0.11266853
0.33706698
-0.010074482
0.025527121
0.14602046
0.059346996
-0.3437163
0.06791748
-0.08936709
-0.44012818
-0.5035578
-0.2229756
-0.14471173
0.09416529
-0.17812635
0.11153502
0.13346174
0.16525067
-0.088096246
-0.28690764
0.18595617
-0.21124758
-0.35428065
0.21846701
0.23201221
-0.046783995
0.008078174
-0.2889695
-0.26134625
0.073672354
-0.17055337
-0.0038748372
-0.017828647
0.22664745
-0.2962024
0.030476324
-0.294803
-0.2720325
0.2626357
-0.3289318
-0.124489084
-0.39039615
0.058698237
0.037334338
-0.022792721
-0.34321243
0.11718494
0.028769378
-0.29904154
-0.009982042
-0.98543
0.11856112
-0.14032881
0.18333691
0.19988583
-0.31190866
0.35384235
-0.011817034
-0.19209233
-0.21907863
0.20492665
-0.14289993
-0.22837369
0.13186868
-0.29481927
0.09103024
0.20491399
-0.228414
0.03696833
-0.2040616
0.13184904
0.05604671
-0.2546963
-0.24882793
-0.25419715
-0.103091754
0.09790023
0.091677725
-0.11021785
-0.37535095
0.042473998
0.24079673
-0.03756736
-0.30000907
-0.2797392
0.103119075
-0.18280834
0.19961256
-0.171932
-0.27949858
0.13700116
0.1836739
0.21115623
-0.24657987
0.30319983
-0.016300138
0.10137782
0.07064984
0.18368606
-0.05877426
-0.014546826
0.0948035
0.17868699
-0.4304907
-0.37672916
-0.17982343
-0.14568965
-0.04760931
0.58690894
0.24201962
-0.42694983
0.094391085
0.0074121444
0.2702416
-0.23919646
-0.18353458
-0.06622742
-0.27505052
-0.112463385
0.41877785
-0.14699326
0.06870837
-0.099801965
-0.09768293
0.19622885
0.22738585
0.32193035
-0.16853681
-0.24001801
-0.114228725
0.072640754
0.1062017
-0.32572645
0.069512926
-0.38894573
0.03283215
0.31308573
-0.05121612
0.25949126
0.017063541
0.1813392
-0.5056852
0.26400015
-0.061747633
0.038717017
0.13887171
0.3153298
0.10071089
0.23431933
-0.2300743
-0.06455568
0.05740106
0.19992812
0.33408237
0.106515646
-0.03820856
-0.18213378
-0.36823234
0.3346162
0.3466063
-0.06424035
0.11104591
0.16015649
-0.0031619554
0.22008243
-0.17077915
-0.011067921
-0.16284786
0.067598626
0.3389546
0.47609344
0.20797345
0.17276037
-0.07888029
-0.079658754
0.1189843
-0.24760343
-0.034321528
-0.123228215
0.21927553
-0.02110272
0.020985957
0.27260336
0.26306143
-0.13403559
0.23761651
-0.008593226
-0.12029503
0.21886778
0.17098713
-0.16995676
0.23508762
0.1490422
0.2541287
-0.074530035
0.2921727
-0.40843186
0.45228228
0.27972022
-0.14232148
0.37998992
0.4021596
0.477463
-0.18869759
0.9428914
1.2912686
0.08004962
0.20784403
0.2087504
0.076266766
-0.6108766
0.38987347
0.48823988
-0.026761368
0.14600311
-0.34540182
0.22468415
0.2671973
-1.1134818
1.5043143
0.09180003
0.10616534
-0.23983194
0.032741517
-2.4104924
0.14329028
-3.2742395
0.4465167
0.2280498
-0.29231223
0.6625283
0.40272534
0.47618786
0.3843052
0.14326282
-0.057919126
0.28034967
-0.23015483
0.9298996
0.8871894
-0.037419915
1.067852
0.9898908
-1.3737153
0.06934828
0.17945832
-0.40290397
-0.08168728
0.9004135
-0.07169127
0.951712
-0.59761506
0.31289625
-0.80012655
0.006506316
-0.23495883
-0.8147535
-0.4348068
0.013499489
0.27977014
1.0377446
-0.2859586
0.83373725
-0.94155777
0.13154872
0.6134972
-0.34376535
-0.81270206
0.5572442
-0.7561144
-0.22460036
-0.424321
-1.8433998
-0.13851522
-0.14462395
0.22033823
-0.43734702
-0.19918208
0.13221592
-9.125277
0.7701512
0.29292402
-0.41686028
-0.0441519
-0.076058775
0.27814358
-0.1821224
-1.7371488
0.2101201
-0.6024758
0.14720035
-0.0397819
0.060655963
0.37731645
-0.22470388
-0.065340996
0.92689556
0.8897926
-0.010457264
-0.33875763
-1.265288
-0.22341779
-0.06932686
-0.76971656
0.09751044
-0.16535065
0.17844306
1.6156965
0.08780554
-0.74336636
1.671246
0.48965615
-1.2146069
-0.005803317
-0.20430829
-0.3241275
0.07020071
0.041756254
-0.014530901
0.24287224
0.37334833
-0.15688671
0.30248836
-0.022974402
-0.16734895
-0.13557935
0.23006707
-0.29817903
0.0035761246
0.023667617
-0.2872757
-0.19330207
0.2490099
0.16049719
-0.41883802
-0.42552903
-0.07528619
0.066628836
-0.031460192
-0.5905142
-0.0065526264
0.4847723
0.5123498
0.051303063
-0.39714494
-0.42532873
0.26668322
-0.12286171
0.58615816
-0.3509207
-0.075478874
0.20351484
0.41358685
-0.35093886
-0.037417788
-0.17325625
-0.1808738
0.103680745
0.11967367
-0.4684747
-0.08470655
-0.36323345
-0.34156564
0.054520898
-0.1681587
0.119161874
-0.50296366
0.17946649
-0.65889406
0.53878313
0.63906986
0.09840627
-0.09874393
0.28076833
0.12231996
0.00928735
-0.31091255
0.08020009
0.14046729
0.01600165
-0.6958152
0.097126245
0.15577063
-0.049145658
0.15466806
-0.10463589
0.009672344
-0.18278402
-0.58302486
0.35870957
0.15061437
-0.21895516
0.13980155
0.06315839
-0.36062214
-0.43700558
0.11336428
0.36722642
-0.112790525
0.05857716
0.35446838
-0.21984378
-0.12684499
0.03256354
-0.22082873
0.088548034
-0.48102927
0.7009287
-0.30814016
0.010454531
0.07395181
-0.34766138
0.22053736
-0.26599556
0.12595108
-0.25435242
0.23599958
-0.51648057
-0.31599215
0.004697591
0.2942603
-0.059004307
0.39372927
0.042066123
0.26196915
0.03189808
-0.010063455
-0.17188628
0.27627677
-0.18108232
0.30474132
-0.085964866
0.5118029
-0.20606962
0.22381371
-0.34305608
0.1478847
-0.22340515
-0.26407558
0.09947269
0.36250883
-0.32418415
-0.115887344
-0.19608441
-0.13253872
0.031910975
0.040712904
0.12256958
0.33528486
-0.11604396
-0.021132218
-0.24153008
0.28924674
-0.19586857
0.24694
0.19011164
0.23148887
0.24015807
0.12290278
-0.40735802
0.13540533
-0.18192737
0.08621319
-0.12312172
-0.23511219
0.092652306
0.082256235
0.11713528
0.20333636
-1.052698
0.040400892
-0.20399977
-0.045157883
0.08792364
0.029489554
-0.05276954
-0.24479036
-0.2749026
0.027232032
0.044752903
-0.24294072
-0.24137019
-0.28429604
-0.2790431
0.15211579
-0.17597993
0.37479857
0.13198642
0.13048007
0.05853649
-0.5077935
-0.019084392
-0.17808996
0.057941455
0.008623367
-0.20319429
0.15145664
-0.25685364
-0.13263296
-0.19590563
-0.07774473
-0.8489516
-0.3185277
-0.43233764
-0.15787245
0.117162615
0.20779887
-0.1992184
-0.070279576
-0.038984176
0.43859932
-0.37029052
0.006509921
0.2971728
0.101239555
0.07707465
-0.38363338
0.0589542
0.19083425
0.21427909
0.31806666
-0.5008194
-0.12725578
-0.17094816
-0.04786717
0.07049182
0.15030298
-0.06501069
0.27106473
-0.07607527
-0.30431652
0.03284933
-0.07965215
-0.13121852
-0.36658227
-0.060282886
-0.09539122
-0.19650984
0.102472514
-0.2828443
-0.14399742
-0.012105644
0.31384772
0.20740494
-0.0057743597
-0.25283328
0.11758788
-0.20449913
0.2318561
0.12101662
0.105853006
-0.16957444
-0.045858268
-0.242066
-0.046369195
0.261488
-0.2837986
-0.22827779
0.029397879
0.18882713
0.22780082
-0.32389566
-0.22214538
-0.2737669
0.25633347
-0.24680838
-0.15000865
-0.15587172
0.095297515
0.18049206
-0.06984697
-0.32127234
0.14827134
-0.53667694
-0.096565016
0.04437767
-0.09837198
-0.032784037
-0.14630696
0.08146913
0.057155546
0.16348165
0.108026266
-0.27137
0.050862756
0.30069327
0.19765452
-0.11310556
-0.24730489
-0.08793901
-0.11789744
-0.15780152
-0.2096512
0.33631974
-0.3159542
-0.15473652
0.010919616
0.055112895
-0.24446818
0.10531893
0.14956327
0.018396067
0.21611594
0.19430445
-0.4340178
-0.6249203
0.11698785
0.17824116
0.12962916
-0.38452026
-0.2004857
-0.18585493
0.11547356
0.09700219
0.030650277
-0.14725083
0.20901476
-0.19146168
0.13991389
0.12666014
0.012807932
0.40348458
-0.09061946
0.0727592
-0.3847398
-0.31235865
-0.085207514
-0.010918224
0.011227468
-0.12061931
-0.08981473
-0.026984747
0.32521293
0.12487234
0.5254338
0.10924636
-0.055921435
0.41523615
0.041040402
-0.20987143
0.11847527
-0.31025097
0.016470376
-0.023092728
0.112622336
-0.37590015
-0.22657028
-0.062339503
-0.10446303
-0.08921289
-0.18865958
-0.17537202
-0.17611922
0.24362691
0.14342253
-0.17638077
-0.06051526
-0.22140065
-0.62264997
-0.039562464
0.53678924
-0.035133153
0.13062517
0.38896373
0.121095195
0.14960463
0.45241377
0.17302054
0.2644088
-0.30476883
0.3243084
0.042491216
0.128021
-0.3359394
-0.23337293
0.23903088
0.15134224
0.28127316
0.09058389
-0.13210759
0.12111043
-0.3048104
-0.3859974
-0.04335103
0.18953729
0.19380417
0.061454087
-0.3891109
0.34871873
-0.30182612
-0.28841534
0.06296123
-0.24656819
-0.06467573
0.0040476597
0.19201055
-0.13506053
0.23100282
0.25273767
0.0889791
-0.23842001
0.12953675
0.26532403
0.19111772
-0.2933905
-0.07966171
-0.0621126
-0.20343374
-0.05762955
0.15161389
-0.18263002
-0.0019438608
-0.0049753166
0.3005675
-0.07430332
-0.03922103
0.38460398
0.24393971
-0.12958157
0.20266639
0.24857052
0.31049767
0.091963686
0.32045004
-0.18102443
0.24339493
-0.15070973
0.17090659
-0.30245423
0.28925687
0.22039168
-0.15617584
-0.24524347
-0.21094458
0.07319375
-0.033589322
-0.13952525
0.12829648
-0.10688286
-0.2997693
0.100624
0.35755554
-0.13378215
0.03268533
0.078573816
0.1861889
-0.205203
0.23362151
0.28401914
0.041400783
-0.17718174
0.10267303
0.15607615
0.065182
-0.08744408
-0.24688625
-0.12364725
0.39169234
-0.35529864
-0.10276307
-0.43320644
0.1788531
0.28245983
-0.23170358
-0.04071011
0.02174735
0.1003186
0.3693081
-0.07355065
0.33730572
-0.18178841
0.31211638
-0.028649403
0.107346185
0.24280092
-0.20007247
0.035770964
0.22798088
-0.14410377
-0.33562943
0.37100604
0.05174882
0.0815527
-0.22293867
-0.05042514
0.1364143
0.14684995
0.08528713
-0.15356989
-0.31675398
0.21711658
-0.2924208
-0.2902048
-0.16055468
0.07409319
0.49419168
0.25668955
0.03143913
0.29655308
0.13120677
0.31215972
-0.0858329
-0.06034375
-0.065490164
1.4347453
-0.05035129
0.28576398
0.6355608
0.20770088
0.1803662
0.33628178
0.9168477
-0.10627852
-0.7737262
0.16527662
0.384429
0.1849151
0.16049847
1.9162619
-0.9709444
0.3913667
-0.8865046
-1.537133
0.09565946
0.24001832
0.15288065
-0.5161939
0.3834683
-0.6301898
0.24606434
-0.19081242
-0.38142958
0.63783646
0.23741563
-0.623225
-1.3632973
0.2767563
-0.15510772
-0.30325276
0.8694499
-0.30921167
0.9236697
0.58132887
0.24743825
0.36304018
-0.29372147
-0.34285352
0.113878526
-0.0012585998
-0.25569198
-0.076597735
-0.8325284
-0.40844133
-0.17807564
0.10902581
-0.14768337
0.3393502
-0.12021009
-0.025873514
-0.8193458
-0.08086129
-0.89611167
0.62125343
-0.15123005
0.5368665
0.3386684
-0.7604824
-0.7578657
0.08781328
-0.17122495
0.04476842
-0.40832323
-0.51626796
-0.08865366
0.59604555
-0.124999285
0.66076416
-0.3499494
-0.63975316
-0.26468062
-0.06570732
0.14939174
0.35810882
-0.26680744
-0.1480834
-1.2436099
-0.117095895
-0.22215873
0.48163518
0.0119487755
0.069201745
-0.9402628
0.23351768
0.54366684
-0.55709755
0.105538845
-0.05286004
0.8299414
0.17383298
0.30757475
0.004358719
-0.0587368
-0.2917065
-0.21248665
-0.39093193
-0.038578555
-0.031944234
-0.24112159
-0.17750858
0.08687685
-0.29065913
0.38078585
-0.1706408
0.28044075
-0.16433138
-0.079231985
0.18023467
-0.12312757
0.37725627
-0.6009706
0.64236313
0.10523095
0.3953217
-0.15368818
-0.19344595
-0.38943088
0.20299593
0.021727337
-0.032833207
-0.10850269
0.23593956
-0.44646788
0.0062356633
0.469447
-0.14624877
0.17483133
0.06248777
0.033404954
0.5334864
0.12167822
-0.11961158
0.26512662
-0.0082759075
-0.078358814
0.15975165
0.24447036
-0.024023129
0.08826268
-0.00742964
0.85651624
-0.17346933
-0.036871903
0.26173368
0.18872698
0.2671018
0.09109234
0.11607941
0.25328156
0.32709578
0.090782285
0.19575039
-0.23805778
0.21923894
0.030889262
0.37710744
0.12467989
0.41528302
-0.022696668
-0.26708913
-0.06396234
0.40486115
0.3713165
0.08991921
-0.14296429
-0.015335395
0.010437819
-0.0029434024
0.39763057
-0.55550706
-0.26177368
-0.074295804
-0.103337966
-0.09170763
0.10943936
0.04577531
0.32772636
-0.033448856
0.03368732
0.13485979
-0.044624563
0.12233952
0.18464234
0.12037085
0.0873763
-0.021860052
-0.30460507
-0.124421164
0.013279146
-1.4399287
0.021531127
0.1749144
-0.62383574
-0.4460056
0.16812915
-0.27050692
-0.5279828
0.0063769063
0.13614653
0.124532185
-0.061360296
-0.060409438
-0.039137416
0.051282164
-0.26242727
-0.41977298
0.099871725
0.018316427
-0.01804989
-0.21002507
0.041941345
0.48837885
-0.107582286
-0.055539098
0.15358816
0.3461229
0.172098
-0.027779253
-0.06830219
-1.4468371
0.068911575
0.02557482
0.26234168
0.59721035
0.27514935
-0.2950159
-0.34322765
-0.33281544
0.15111709
-0.48790175
-0.49919966
0.22822352
-0.048639446
-0.5943863
-0.28675914
-0.06767232
0.011965969
-0.1181477
-0.08761023
0.5152056
0.19543841
-0.4183398
-0.21709143
0.122803636
0.7726357
-0.32617146
0.12404319
-0.09349161
-0.008146354
0.123832226
0.076645225
0.06617832
-0.11901971
0.06575177
-0.37260455
0.2657972
-0.09474355
-0.029020853
0.08657036
0.43123776
-0.047319826
-0.15527193
0.3712226
0.027863076
0.013319845
0.10875759
-0.11421971
-0.1204402
-0.30791298
-0.14521286
0.32707855
-0.13198808
0.1295525
-0.14245625
-0.1271707
-0.35999963
0.417971
0.10360056
-0.08301303
-0.054884013
0.12430706
-0.2449982
0.2083411
-0.11344019
-0.012009765
-0.08505931
0.023182606
0.12757507
-0.02016986
-0.028322605
-0.025721658
-0.08520574
-0.076501325
0.2715937
-0.21770424
0.2111039
-0.008948964
0.0716688
0.20394397
-0.3786
0.07251936
-0.020854237
0.17774962
0.06032913
-0.025753906
0.8251747
-0.0957954
-0.02340249
-0.21304773
-0.13258095
0.059435047
-0.33608824
0.24752694
0.10445956
0.27175042
-0.03452367
-0.2949244
0.1420621
0.062620796
-0.18778476
0.17591704
-0.8101042
-0.035153277
-0.40291017
0.079337075
-0.04414287
-0.0163019
-0.26715285
-0.1688005
0.11297608
0.30424392
-0.2837383
0.05023697
-0.23656195
0.12396813
-0.19844982
-0.013066246
0.24709849
-0.06343453
0.037552718
0.28061166
-0.0028515114
-0.35348627
0.17164393
-0.3459055
0.31706202
-0.09380304
-0.017947659
0.33017388
0.08825324
-0.072558306
-0.18215829
-0.02966751
0.23330496
0.073941864
0.26047623
-0.040839154
-0.087359264
-0.15538779
-0.06698422
-0.27711916
-0.27065516
-0.058579404
-0.30551657
-0.2302683
0.2553831
0.11779901
0.10536176
-0.32344067
-0.06987585
-0.012712983
0.15194649
-0.19456927
-0.15529859
0.189837
-0.024617786
-0.17139684
-0.23182766
0.29687142
0.010582966
-0.01569806
-0.0003091632
-0.35151684
-0.17767641
-0.109584875
0.059408307
-0.14438973
0.22349642
0.13107389
0.18595456
0.16827297
-0.22493649
-0.008695992
-0.057174508
0.09562118
-0.15628305
-0.16455656
0.52443206
0.06311836
-0.07323448
0.17375971
0.21790871
-0.311008
0.12483494
-0.24370192
-0.10551398
0.03384826
0.017346166
0.18418325
0.45811877
0.2399088
0.19190595
-0.0028230099
0.18095373
-0.23625161
0.23737553
0.21212347
-0.23168465
0.11521395
-0.29956007
0.051303107
0.05799664
-0.2807257
-0.24846137
-0.32115743
0.030699942
0.24364485
0.0026046885
-0.046817753
4.1833617e-05
0.27067554
-0.2119219
-0.1637183
0.16291255
-0.2361286
0.056270286
0.10915223
0.33881742
-0.110260114
0.0613734
0.2538584
0.016999811
-0.31978333
-0.3961557
-0.2410552
0.0032449518
-0.29742566
0.11014262
0.20836939
-0.38536406
-0.04740843
0.43948424
-0.28953487
-0.28998774
0.37980273
-0.10251177
-0.23349385
0.25952992
0.0415035
0.09795348
-0.2521935
-0.16617233
-0.15563042
0.09371249
0.20692277
-0.24031466
0.033643894
0.11220512
-0.29496935
0.032777645
0.08054653
-0.21329886
0.05465587
-0.284142
-0.3108416
0.1085612
-0.071566805
0.28187126
-0.3500893
-0.17042503
-0.12954973
-0.045081723
0.23628438
0.37944472
0.29478782
0.2702108
-0.07290331
-0.24038066
0.24965361
0.38832942
0.25058597
-0.3839077
-0.29516912
-0.04825088
0.10414402
-0.098344736
-0.29241264
0.13910602
0.10891278
0.14929858
-0.006666193
0.25346613
0.13458394
-0.2453712
-0.2624065
-0.1018101
-0.41826802
0.40027738
-0.16939782
0.13746196
-0.22434294
-0.0022850372
-0.2799413
0.21040943
0.48387215
0.030265342
-0.1017761
0.14289169
0.36638618
-0.032617148
0.2564812
0.04720814
-0.23863988
-0.12862009
-0.34627557
0.11089759
0.19057298
0.323369
0.017099747
-0.27365157
0.106016934
-0.0585601
-0.09176973
-0.28854907
0.26741657
-0.016201086
-0.115686096
0.018129535
-0.2810256
0.04135426
-0.1574922
-0.16286309
0.20236857
-0.35867605
0.1962559
-0.3384802
-0.23069806
0.26152372
0.08676908
-0.22150193
-0.113255605
0.079121344
-0.1963163
-0.048045617
0.18359229
-0.07554909
0.15023665
0.15002131
0.07848205
0.28072459
-0.19487923
0.23653336
-0.11354305
0.21889076
-0.03289198
-0.026803924
-0.24214886
0.31229705
0.17864048
0.060753778
-0.2710107
-0.23054355
0.05317236
-0.16980582
-0.19086812
0.3548388
-0.043580037
-0.08061418
0.01864343
-0.28076404
-0.21372034
-0.29515925
-0.04856315
0.39128143
-0.18302973
0.0
-0.05875017
-0.07895591
-0.023962034
0.059605435
-0.17721109
-0.09571039
-0.045471497
-0.04322969
-0.09495861
0.016798696
0.0003977662
-0.005623735
-0.06159444
0.00805241
-0.07899774
0.022907112
-0.043176882
0.036457065
0.26414013
-0.028380916
-0.041724112
0.030212937
0.046022933
-0.08285087
-0.024614181
-0.06985018
-0.10080671
-0.26860943
-0.0816332
-0.089384586
-0.042092834
0.173212
-0.10240933
0.009745617
-0.077819265
0.055410113
-0.071040094
0.049456436
0.034297932
-0.012965861
-0.060140263
0.06920912
0.04851577
0.07992777
-0.052171573
-0.039990596
-0.027161205
0.048548907
0.08434189
0.026992818
-0.15633984
-0.1794756
0.13812146
-0.16916525
-0.0017290525
0.0077492655
-0.06722407
0.052406806
-0.018839529
-0.09553569
-0.03327947
0.017652085
0.014675456
0.05224454
-0.18744107
-0.013112133
-0.0787526
-0.07683597
0.09646676
-0.09664908
-0.03012723
-0.07273298
-0.013155821
0.023539236
0.004556065
-0.012860152
0.040044874
-0.056567106
0.049432464
-0.11301407
0.03244196
-0.032485824
-0.0952023
-0.14132869
0.022773236
-0.07168141
0.03993723
0.007211912
-0.108619146
-0.081184804
0.028012933
0.084509686
0.10234362
0.014180247
0.008859123
0.1017075
0.049943894
0.09385197
-0.006250663
0.06309453
-0.056751776
-0.023472305
-0.0369855
-0.2822628
0.0
-0.099539295
-0.046407755
0.036127515
0.013550112
0.04278123
0.0026013383
0.019140642
0.044802178
-0.11567129
-0.020619923
0.019673351
-0.08461639
0.017251048
0.0
-0.1359919
0.07471804
0.04881146
0.24470538
-0.103063054
-0.3618337
-0.09904823
-0.030589197
0.1042528
0.048578903
0.06808618
-0.06727202
-0.06859039
-0.14917678
0.07317668
-0.09031454
0.04354415
-0.0893653
-0.0767167
0.20289151
-0.08840612
-0.07966999
0.047633026
0.07766167
0.17453788
-0.06441318
0.19494419
-0.13285741
0.33948684
0.15300384
-0.07758713
0.03832546
0.13345356
-0.1653237
0.2352104
0.157285
-0.07035314
-0.077363014
0.13951072
0.0873754
0.106929265
-0.07603371
-0.14442435
0.029726554
-0.04558917
-0.15934312
0.011331673
-0.07332382
0.06474935
0.074939236
-0.047429908
0.16232571
-0.19925393
-0.18486844
0.19793338
0.109991044
0.08650507
-0.10497805
-0.08886285
0.11798853
-0.0022737645
-0.10705696
0.06449159
0.037446402
0.04663447
-0.13055466
0.05195335
-0.32212093
0.042048942
0.059575245
-0.05245537
0.03429996
-0.23098885
0.037561286
-0.07076288
0.13110594
0.6759093
0.09798168
-0.16504052
0.053491652
0.52918637
-0.05136764
-0.105737686
0.09371194
-0.5229313
0.06709966
0.06675712
0.10082678
0.10095629
-0.15928286
0.3457357
0.46839973
0.09530202
-0.20855299
-0.061086245
-0.09308533
0.39158973
-0.25909585
0.061191004
0.07477177
-0.27143833
0.076865084
0.041337427
0.057456907
0.09886933
-0.20510241
0.08403518
-0.14472435
-0.084662616
0.12860316
0.14053926
-0.101409934
0.081236266
-0.15862994
0.35956138
0.096514024
-0.051145315
-0.042972926
-0.23301919
0.19907704
-0.05206164
