9
2
80
1
relu
line
1
0
0.41078585
0.15004167
0.16377491
0.034165137
-0.19189817
0.30200708
-0.25652134
0.23399532
-0.5267207
0.27588654
-0.59376067
0.18064173
0.17933372
-0.22502215
0.6864563
-0.18461746
-0.7139669
-0.2814628
-0.53881353
-0.012736687
-0.008958299
-0.25576234
0.21642947
-0.08027893
-0.04009968
0.08022403
0.22591653
-0.01416459
-0.19603522
0.18596613
-0.31434664
0.3538766
0.2634871
-0.67270035
0.06396744
0.3242284
-0.5811125
-0.5699658
0.26450908
-0.20914817
0.4853927
0.41231143
0.9163326
-0.13805383
-0.1445192
0.7830577
0.6945864
0.16956207
0.14904034
0.76311517
0.2998669
0.4963705
-0.12790377
0.43434548
0.24981391
-0.6966957
-0.17303646
0.19035172
0.4002713
-0.59519404
-0.11480584
-0.0855842
0.80807173
0.04298898
0.2542566
-0.13095698
-0.18526696
0.46704242
0.15520525
0.2847941
0.6131877
0.46057642
-0.14258988
0.2778336
0.028504647
0.069886714
-0.34625533
0.10755185
-0.38122553
0.1496504
0.5746663
0.19228494
-0.7441973
-0.85478145
0.09409141
-0.2416989
0.6968117
0.13396077
-0.44513902
0.037641115
0.06407524
-0.17128734
-0.3282562
-0.1593021
0.111840665
-0.3590939
-0.57190675
0.626299
0.338258
-0.23422544
-0.5707468
-0.71063244
-0.06102769
0.06883168
0.7192329
0.71138394
0.34683093
-0.0008717213
0.6401413
0.5212965
0.9170255
0.1873161
0.43802497
0.032443225
0.26459312
0.085126795
-2.4609668
-0.5253919
0.26988852
0.32140064
0.3041749
-0.6795235
-0.53179574
-0.61818427
-0.19301376
0.6760316
0.44617522
-0.32388642
-0.32269776
0.1926043
-0.21487413
0.29950953
0.23394895
0.6981667
0.0064251437
0.29941496
-0.37747985
-0.5824936
-0.4022614
-0.19986637
0.6871981
0.42559555
-1.3365747
0.038429227
0.24890828
-0.06531733
0.59613883
0.51911163
0.5298581
-0.40302935
-0.32490122
-0.5483483
0.2861299
-0.17083049
0.4288695
-0.29920134
-0.119028926
-0.45846653
-0.083990134
0.20428912
-0.34376022
0.24220008
0.5787395
0.1317816
0.062906094
0.03783298
-0.68469316
-0.41361716
-0.060852017
-0.2203376
-0.25806862
0.29383716
-0.7511578
-0.15160514
0.51359797
-0.31356734
-0.5169375
-0.269356
1.0385305
-0.54877084
0.53227806
-0.6998525
0.488009
-0.66204643
-0.40714142
0.048447512
0.62613004
0.029241217
-0.053200684
-0.6660117
0.67477196
-0.5943294
0.91366273
0.2921939
-0.57843834
-0.027017169
0.27732345
-0.41727906
-0.62099624
-0.16620946
0.73961353
-0.25454947
-0.34766102
-0.8117475
-0.40860912
-0.671725
-0.52872986
-0.23501982
0.26715374
-0.08543295
-0.7532576
0.90071917
-0.1600567
-0.8040553
0.40636292
-0.6540609
-0.20227987
0.45560685
-0.2174865
-0.16084339
0.4176308
1.0645399
-0.104923435
0.022532934
0.48406017
-0.034826547
0.9527925
0.71116686
-0.033861518
0.2866813
0.013425291
0.1747213
-0.19371332
0.6658811
-0.013204996
0.43131834
-0.23458928
0.41834602
-0.49882078
0.6449645
0.6000165
0.85911953
-0.75767785
0.56408745
-0.25938714
0.075355396
0.29565
-0.2182402
-0.66202503
-0.42478582
-0.535577
0.58855766
0.22605053
-0.2528735
0.4931543
0.7400824
-0.6312224
0.19644177
-0.292244
0.1639388
0.44865835
-0.2477547
-0.63290757
-0.11594111
-0.5315646
0.38356665
1.146287
1.0470895
-2.051257
-0.46011952
-0.9934332
-0.32682338
0.18148783
-0.1970987
-0.69584846
-1.1695718
0.64128375
-0.06838011
-0.117359646
-0.46824905
0.10396255
0.5336057
0.23501162
0.42297316
-0.13883917
0.3494352
0.58027756
-0.016093707
-0.1857245
0.7628422
-1.9793695
0.22612341
-0.7301176
0.6882515
-0.70597833
-0.075069
-0.38157043
0.5514442
-1.7145799
0.826535
0.24511804
-0.15953682
0.07666141
0.4312254
-0.79816765
-0.45627815
0.049068913
-1.072879
-0.6418035
0.6163473
-0.5638635
-0.77108
0.9163105
-0.5622153
0.257264
0.16887002
-0.27362686
-0.5472529
0.3253544
-0.65970325
-0.05313314
0.7525003
0.67876995
0.27140677
0.44509068
0.37742934
-0.7943302
0.16367303
0.5650417
0.8652819
-0.06524715
0.30516258
0.8753165
0.064743064
-0.47790673
0.37696642
0.033435635
-0.71297085
0.48985416
0.7541871
0.3051298
0.32053113
0.042455148
0.7603861
0.7295526
-0.65046066
0.71818686
0.60369164
0.20026882
-0.29687643
-0.9801993
-4.5799956
-0.79874414
-0.3609945
0.668299
0.36892736
-1.4771681
0.73008317
-0.6433189
-0.57855535
0.5736668
-0.7767795
0.6272282
-0.6138391
0.90326387
0.775583
-0.19662553
-0.32556084
-0.16554993
-0.25986868
-0.6612434
-0.57667756
-0.44916302
-0.7407113
-0.15692279
0.41715357
-0.78722966
0.28440347
0.090542376
-0.38562545
0.39801416
-0.16428328
-4.068686
-0.7448251
-0.53225744
0.065667875
-0.518323
-0.2719038
-0.7254956
0.95969397
-0.064249754
-0.03883916
-0.49351904
-0.16959968
0.23953073
0.32180914
-0.6196546
-0.013735283
-0.5326493
-0.54203826
0.5886019
-0.11789551
-0.4237464
-0.27073172
-0.4495182
0.82198465
-0.29573917
0.2668804
-0.039698992
0.3775732
0.2912554
0.6196349
0.0756333
0.2932209
-0.439183
-0.75505465
0.3981645
-0.16021562
-0.27043548
-0.052326463
-0.22922014
0.23317778
0.13258861
0.0911805
-0.5410247
0.19599824
-0.33878037
-0.673215
-0.77773625
-0.7273439
-0.2502212
0.5610566
0.14501882
-0.7227403
0.2787278
0.22299218
-0.24018139
0.5590952
0.18688744
-0.5459975
0.6353396
0.5712094
0.46142045
0.17693585
0.5631812
-0.6097495
-0.6348601
0.15228358
-0.6284733
-0.41523203
0.7508751
0.6184012
0.18146881
-0.90456057
-0.19729556
0.09109946
-0.7939589
0.6929321
-0.13009757
-0.065631
-0.5602007
0.39164466
-0.24021839
0.258193
-0.15537465
0.4201714
-0.19219232
-0.66749215
-0.79873765
0.066122286
0.2214576
-0.3774939
0.5705536
0.32220697
0.40294322
0.65202564
0.23717487
-0.5784247
0.13848583
0.52962506
0.25836772
-1.296463
-0.3670007
-0.21170041
-0.9500549
-0.57074577
-0.22671014
0.63685495
0.055793665
-1.6240814
-0.06888099
-0.6755078
-0.15880072
0.4950236
0.23044729
0.015679287
0.45601514
-0.6524065
-0.22086439
0.14618756
0.47575295
0.25593734
0.37209913
-0.47942027
0.10594922
0.18051372
-0.772145
-0.37368748
0.4151849
0.16427326
-0.7031496
0.080909155
0.5141914
0.46161047
-0.43546715
-0.09999488
0.3855053
-0.6377487
0.70116603
-0.4363866
-0.19224523
-0.14215177
0.49236906
0.2832631
-0.53101474
-0.017786026
-0.21200293
1.0061929
-0.41864514
-0.4243524
0.91644925
0.116950266
-0.2596864
-0.043694787
-0.5705025
0.49634206
0.5208324
-0.3351299
-0.307858
-0.5139642
-0.12702547
-0.23153616
0.3849658
0.25313827
0.33480227
0.14015923
0.43331277
0.02388283
-0.24009782
-0.18189457
-0.4425373
-0.055029154
-0.73847044
0.37079802
-0.32700455
-0.734591
-0.53862274
0.3273934
-0.010581137
-1.4122736
-0.652395
-0.7234213
-0.26276124
0.23602717
0.2853286
-0.40208945
-0.020195067
0.27676728
0.5531433
-0.44149008
-0.51296306
-0.17517284
-0.542401
-0.3768503
-0.81115746
0.33759588
0.6969716
-0.43222246
0.6005598
-0.71689034
0.13706264
-0.7866832
0.09197588
-0.16674769
-0.7950463
0.14382763
0.12184814
-0.65580326
0.30953196
0.3688736
-0.15887453
-0.21927728
0.93936104
0.27355304
0.6633133
0.36687794
-3.203766
0.12141655
-0.11568452
-0.59635127
-0.30171728
-0.16874766
0.3396282
0.30466533
0.6115225
-0.45948607
-0.3416228
0.17886284
-0.27331614
0.7864928
-0.5922538
0.49476558
0.4871723
-0.022784635
-0.283857
-0.20075092
-0.63926816
0.074563734
0.67830014
0.73506445
0.801048
-0.028301748
0.057175186
0.78392875
-0.75570726
0.52889764
-0.36811143
-0.13869245
-0.45828944
0.037817568
-0.019872487
-0.15219533
-0.46948406
-0.66103065
0.33430123
0.70365983
-0.43069527
0.8963343
0.5745081
0.97308016
0.64779884
0.38748598
-0.7274142
0.74527013
0.6771211
-0.60745114
-0.69160366
0.5792744
-0.1660522
0.84673613
0.7795555
-0.39070138
0.81760085
0.40224737
-0.5614989
0.124792695
-0.49637416
-0.25850368
-0.39020684
0.7872474
0.11949242
-0.70476264
-0.73212314
-0.39261413
-0.004686415
-0.13125563
-0.51200396
0.75487196
-0.16481274
0.026577652
0.3496497
-0.16709177
-0.56274235
0.10015538
0.26682195
-0.57167906
0.1664166
-0.17925414
0.6005582
-0.43252456
-0.2793942
-0.3774028
-0.65080297
-0.61945915
0.7375811
-0.1331712
-0.6280695
0.5310229
0.028884828
-0.53970504
0.62407166
0.53062105
0.5091313
0.5348811
-0.21953613
-0.2963608
0.4503423
-0.6327426
0.5004749
-0.054023605
0.297073
-0.48724785
0.6014641
-0.23086123
-0.5322211
0.60267025
-0.5113122
0.2637768
-0.34803554
-0.3551171
-0.48566893
-0.47247726
0.61373067
0.62235177
0.32003558
-0.3141926
-0.14710104
0.23767282
0.6703677
-0.32301447
-0.08131204
-0.11105903
0.0
0.07184018
0.07472923
0.124934986
0.0
-0.07998607
0.12242108
0.03911194
0.08490636
-0.0074136634
0.09246036
0.07424416
0.0
-0.013434388
0.21624362
0.0
-0.0044984804
0.19474979
-0.01737846
0.0
-0.12342126
0.0
0.0
-0.045986596
0.1458296
0.12211146
-0.03918913
0.0
0.2551304
0.08039138
0.12622309
-0.0796854
-0.023224073
-0.0038472838
0.0158679
0.19802515
-0.102809034
0.0
0.09959705
-0.034121014
-0.12428564
0.0
0.075103864
0.0
0.0
0.009425314
0.0
0.0
0.04819871
-0.07849459
0.0687918
-0.12337135
-0.025442598
-0.05089773
0.0
-0.031532176
0.0298163
0.0729039
-0.03899199
-0.056383554
-0.15797435
0.051387366
0.0
0.07214589
0.12358351
0.05245076
0.0
-0.06765422
0.0
0.0
0.08143612
-0.07914191
-0.09218891
0.06910859
0.0
0.050805572
0.07271046
0.016565833
0.07368326
-0.30852374
0.05493179
-0.08432088
-0.22798988
-0.56546056
-0.086039886
0.09925154
-0.3046575
0.58758557
-0.3931404
-0.43879476
-0.38169438
-0.1575608
0.23024446
-0.051923618
-0.12420031
-0.0944055
-0.4085526
-0.5287131
0.06924534
-0.0857853
0.67588955
-0.026926368
-0.013449818
0.32457826
-0.44575945
-0.48451012
0.15490995
0.06237492
0.3480655
0.57309884
0.4416241
-0.16141757
-0.057195917
0.445861
-0.62689936
-0.71105707
0.40948355
-0.07015042
0.15155554
0.120720595
0.3841759
-0.046304673
-0.20263174
0.26264554
0.23297137
0.17924975
0.04998964
0.2559566
-0.25990498
0.29801005
-0.09410647
0.049288105
0.068400495
-0.19171458
-0.05803819
-0.5085614
0.23917298
-0.19931406
0.08153178
-0.6107737
0.85223484
0.3662611
0.08528027
-0.110130064
0.38773116
0.60023654
0.052057415
0.2788708
0.2056694
0.15448204
-0.14021009
0.19715054
0.022026634
-0.049852725
-0.116137564
0.28072307
-0.18181047
0.45105982
-0.0765315
