9
2
80
1
relu
line
1
0
0.51562154
0.5263149
0.15361328
-0.15194294
-0.0070804986
0.32096937
-0.041551653
0.5564763
-0.54611355
0.08003119
-0.0855109
0.14349183
0.12146157
-1.1149745
0.54483974
0.02321801
-2.086566
-0.33179152
-0.5074279
0.16204791
-0.025666127
-0.25576234
0.093169905
0.15552028
0.13990633
0.05830918
0.16706598
0.10323628
0.3103572
0.15438698
0.16137923
0.3897404
0.12575029
-0.44668102
0.19121689
0.15106337
-0.9039877
-1.6468128
0.13369487
0.090741694
0.601258
0.28393218
0.83510655
0.044388544
-0.17952815
0.29331926
0.13216768
0.055413008
0.1276406
0.90961224
0.13572109
0.6157001
-0.39456102
0.2236585
0.041715987
-0.55794066
0.50586265
0.35741267
0.7759788
-0.17101721
-0.04003483
0.14411367
0.43904796
0.092817135
-0.17986543
-0.25524622
-0.12436259
0.8850885
-0.41895935
-0.0368843
0.56790096
0.4393206
0.39906737
0.556957
0.18233246
0.22284628
-0.34625533
0.031058868
-0.27021563
0.018420702
0.4351832
-0.13450368
-0.7666515
-1.4018651
0.055135187
-0.02950807
0.89928627
0.13179654
-0.076514
0.07866465
0.1339404
0.1413477
-0.26212877
-0.52224797
-0.043722898
0.084992066
-0.8364638
0.42241102
-0.15324871
-0.32649496
-0.7691869
-0.71063244
-1.0992404
0.15299278
0.45202732
0.57117605
0.5148639
0.28169954
0.3677696
0.55192995
0.033442944
0.08485746
0.26488596
0.08144488
-0.18365015
-0.09881195
-1.106957
-0.8012699
0.30883732
0.50586075
0.12104696
-1.1736903
-0.527876
-0.5057426
-0.098919384
0.72654563
0.41197488
-2.4640117
-0.34583253
-0.029482778
-0.2534551
0.14658752
0.4150293
1.114235
-0.16665399
0.17197122
-1.7595195
-0.17511949
-0.59592783
-0.09810553
0.17877601
0.2634094
-0.53843033
-0.19417106
0.27958098
0.14723495
-0.13495693
1.0533199
0.90733796
-0.27032462
-0.39191514
-0.5695447
0.087095015
-0.12942751
-0.21128032
-0.010058575
-0.119028926
-0.4258741
0.24369192
0.21067388
-0.27932286
-0.28295562
0.5455156
-0.098863125
0.15934655
-0.19139273
-0.8275058
-0.71935105
-0.46177116
-0.424533
-0.4645265
0.12477434
-0.59238714
0.20757711
0.25321242
-0.4824009
-0.20968822
0.16088001
0.92842853
-0.6372954
0.5194669
-0.6998525
0.0788763
-0.6892328
-0.59694844
0.03470162
0.57452464
0.10969246
-0.32329094
-0.7486919
0.5218476
-0.5057641
0.9298409
0.30561724
-0.5493919
0.10392748
0.319052
-0.15658827
-0.5002084
0.438692
0.7430775
0.21045136
-0.017582392
-2.5988457
-0.26015672
-0.7625706
-0.36809593
-0.32624692
0.24459349
0.06620042
-1.0197382
0.9420498
-0.32220656
-1.1985579
-0.03604777
-1.3692547
-1.0012553
0.6099847
0.27524894
-0.21416378
0.1347848
0.5100777
-1.0426519
0.103949174
-0.20745264
0.25250578
0.8889857
0.89280254
-0.52656776
0.61810434
-0.36873332
0.15659395
-0.71644604
0.5089922
0.3240573
0.2946039
-0.23458928
0.729586
-0.13807458
0.47245842
0.7326347
-0.8361437
-0.7658878
0.4142882
-1.0589092
-1.2918537
0.16479206
-0.5902281
-1.133511
-0.7894462
-0.7549104
0.15808013
0.5801402
-0.9281891
0.7464982
1.0255649
-0.8998275
0.20163323
-0.09272341
0.0712307
0.10657844
-0.2477547
-0.13748474
0.0077800206
-0.21772718
0.30360317
0.9409615
0.6686186
-0.029629165
0.020891001
0.036734276
-1.2470025
0.14183064
-0.0114235
-0.30029076
-1.5404097
0.9919442
-0.67944974
-0.11086184
-0.07447214
0.077468224
0.9007642
0.84475267
0.81987125
-0.7743669
0.5206519
0.5842502
0.4300664
-0.18237148
0.8809764
-0.022462253
0.345862
-1.8867196
0.34790662
-2.7680159
-0.088591
-0.028547887
0.36480933
-0.18255672
-0.65265834
0.2065056
-1.1699595
0.18362708
0.34235668
0.1590952
-0.64147276
0.6684366
-0.36104617
-0.34459564
0.5123192
-0.20908566
-0.7941902
-1.0030168
-0.49657544
-0.01523301
-0.28056595
-0.27362686
-0.59838927
0.12017675
-1.2091466
0.043987982
0.46876824
0.66912836
0.8333521
0.78317183
0.39554843
-0.21714775
0.7187854
0.22484893
0.59386474
-0.6339113
0.7707124
0.62664115
0.45500168
-0.88002956
0.51579803
0.009324933
-0.69034773
0.86988145
0.71042305
0.49260935
0.32053113
0.71316826
0.9910921
0.28867298
-0.5491925
0.46711373
0.25245374
0.89640045
0.0269511
-0.22271386
-0.42751312
-0.82796526
-0.54980725
1.0094486
0.5553676
-0.3457719
0.4583483
-0.0913512
0.24432991
0.56107515
-0.3877524
-0.14967011
-0.26769117
0.85674477
0.69109154
0.50961643
0.2252925
-0.18187502
-0.8731521
-0.32544667
-0.5017341
-0.1955039
0.061284106
-2.6106544
0.66080314
-0.019364374
0.62237644
-0.47319677
0.028878948
0.43116134
0.15364747
-0.8016923
-0.6732343
-4.648571
-0.3970646
0.18973002
-0.59379023
0.60898095
0.86393523
-0.60171294
-0.02754242
0.4828097
-0.4026258
1.5232753
0.52487177
-0.6196546
-0.21435723
-0.7266575
-0.45402598
0.57022166
-0.053677488
-0.46790907
0.22070271
-0.070453644
0.48078093
-1.3389236
0.0801653
-0.036350675
0.39588735
0.32867885
0.3240672
0.017918147
0.1408582
-0.12835686
-1.0775133
0.08842464
-0.5444234
-0.20114657
-0.06860607
-0.39408568
0.23317778
0.26912525
0.35494155
-0.8221859
0.35923922
-0.6840866
-0.87307006
-1.3756746
-2.6329074
-0.40340078
0.71352875
0.28630617
-0.71214324
0.4925659
0.29196852
-0.50993615
0.6744923
0.50463724
-0.97189474
0.4130476
0.13007158
0.23807035
-2.0555372
1.0253252
-1.0166137
-2.09644
0.12229633
-0.6387338
-0.45959672
0.7568189
0.6017726
0.14214933
-1.588102
0.07697058
0.40975156
-2.502848
0.3616339
-0.44291815
-0.040354684
-0.7022155
0.33556223
0.5958936
0.29651454
0.19367337
0.24658032
-0.14041676
-0.31366757
-0.28723234
-0.44993046
0.06435658
-0.35500288
0.45110908
0.44442722
0.45788223
0.8824942
0.23717487
-0.33464015
-0.31603348
0.3569324
0.27372187
-1.8293704
-0.3670007
0.21697733
-0.8458679
-8.409607
-0.1666073
0.47310832
0.7730613
-0.8739328
-0.15165827
-0.023942066
0.17132905
0.4302054
0.2864998
-0.1778439
0.24742807
-0.012496883
-0.43291062
0.61166376
0.9012344
0.25593734
-0.0325612
-0.17208503
0.60968435
0.09039591
-0.43444678
-0.22779301
0.24047612
0.33409062
-0.78804106
-5.9172606
0.43942216
0.72797424
-0.7886326
-0.26839682
0.44220018
-0.04761722
0.27766788
-0.6908945
-0.8742581
-0.24869566
0.7907581
-0.22080734
-0.22627506
0.21186778
-0.42847422
0.42140028
-0.41864514
-0.1285327
-0.42564535
-0.0548976
0.033687394
0.02743084
-2.3436606
0.16848823
0.21144775
-0.4736779
0.37871388
-0.5402397
-0.43456683
-1.4804871
0.7639474
-0.16877481
-0.07478206
1.1945544
1.0656147
0.21105526
-1.0208136
-0.6696764
-0.25715744
-0.055029154
-2.102155
0.26850182
0.1372963
-0.8262656
-0.53862274
0.88931954
0.3262836
0.43115082
-0.7156018
-0.8208766
-0.26276124
-0.16554452
0.6039731
-0.72318697
-1.4045037
-0.019303558
0.28297377
-0.68241525
0.13623695
-1.1026372
-0.15980843
-0.36116892
-0.81302416
0.41414165
0.9068712
-0.5181677
-0.30774197
-1.1085448
0.33929625
-0.7866832
0.4572031
0.43224484
-0.5881252
-0.26260924
-0.06466239
-0.737454
0.2102889
0.46000484
0.10048835
-0.67073286
0.5239341
0.19003724
0.7873748
0.38370523
-0.43923667
-0.13425322
-0.33886176
-0.3330194
-0.9923636
-0.39018962
-0.3050499
-0.040496014
0.91992354
-1.1434003
0.28596783
-0.05719668
-0.27331614
-0.02571762
-0.015169159
0.16647467
0.72682387
0.26394448
0.3071751
-0.13880453
0.0036542995
-0.68870807
0.98976743
0.9967751
0.19349103
-0.65171546
-0.5429106
1.1695478
0.1142723
0.524567
-1.0216681
-0.06982015
-2.347521
0.040832594
-0.078529224
-0.15219533
-0.526249
-0.77533597
-0.086544156
0.79657763
-0.43069527
0.9647218
1.2199355
0.7177406
0.82161504
0.49059564
-0.7441086
0.55542046
0.44927394
-0.29444548
-1.0295112
0.59910226
-0.05791297
1.0070019
0.76162493
-0.20827886
0.8359991
-0.08816896
-0.28340846
-0.105481215
-0.7674191
-10.693849
-0.34445655
-0.4063187
-0.18593484
-0.70476264
-0.41659868
-0.12608041
0.5002855
0.2435145
-0.581914
1.0039629
-0.2647333
-0.0099403085
0.17732723
0.27762267
-0.354937
0.5029258
0.012410533
-0.3211971
0.1339638
-0.3395416
0.663009
-0.48184177
-0.34372276
-0.081336424
-0.04598905
-0.32443905
0.58873826
0.04194501
-0.62939036
0.5887035
0.028884828
0.48403552
1.105699
0.6253465
0.16792317
0.42607617
-0.14136727
-0.8086678
0.7397131
-0.43632993
0.65190923
0.15756465
0.40372282
-0.4402345
0.7937364
-0.13833496
-0.11983912
0.45861542
-0.70225674
0.25146824
-0.9759531
0.12782088
-0.37284347
-0.47247726
0.26273558
1.1443733
0.26113275
-0.20071515
-0.14710104
0.36856747
0.5535165
-0.8878628
-0.082823314
0.33215794
-0.033208188
0.2987225
0.48390934
0.37414697
0.11957191
0.02884522
0.13064693
0.16321798
-0.2627586
0.14025271
0.49732867
0.34301355
-0.08863673
0.71693486
-0.033613123
0.20652238
-0.38210207
0.197639
0.24964602
0.0
-0.43411675
0.618002
0.7162081
-0.15744615
0.4452292
0.2360983
0.5614316
-0.15541364
0.5819437
-0.17874089
-0.31410918
-0.116928756
0.007583035
-0.345764
0.41682774
0.32821986
0.08178971
-0.05919274
-0.35871205
0.03789926
-0.31256628
0.19034429
0.23588641
0.056249093
-0.10771653
-0.45087105
-0.023046564
-0.08024342
-0.18217075
-0.21252742
-0.05974886
-0.28676203
0.17653938
0.2477164
-0.32445085
0.3027447
-0.2528062
0.10274076
-0.09247605
-0.03388713
-0.19593826
-0.018621529
0.14249818
-0.11355014
-0.030692374
-0.34437084
0.0826348
0.032379217
0.35986018
-0.021343987
0.29101413
-0.24151392
-0.35846406
-0.20184243
0.0
-0.33012375
0.078634664
0.3037026
0.19285344
-0.7451001
0.022864547
-0.5280162
-0.6155303
-0.3237141
-0.37962964
0.39004377
-0.6382676
0.4899431
-0.528832
-0.37660667
-0.2493658
-0.44342145
0.2578088
-0.53627014
-0.65079767
-0.35436246
-0.39628747
-0.605015
-0.54818857
-0.0857853
0.47973588
-0.553962
-0.30490506
0.34082678
-0.22404921
-0.30386084
-0.536696
0.61602074
-0.067757614
-0.5069416
-0.3999477
-0.34399426
0.30625167
0.71685964
0.4973279
-0.3814765
0.032549147
-0.5417455
0.384154
-0.68231046
0.50113773
-0.2624887
-0.44768015
0.4673247
0.37850347
0.43579745
0.044795416
0.42660922
0.44669282
0.20292316
0.30219305
0.24983224
0.7760648
-0.36217624
-0.6270553
-0.37488618
0.44369435
-0.6355825
-0.11323132
-0.31888306
0.22956836
0.48672268
1.3938134
0.48803493
0.49752134
0.80507916
-0.40322652
0.21799663
0.60468584
0.1559074
-0.25459772
0.7286605
0.6069096
-0.34560376
-0.116137564
0.7007296
0.46636966
0.32247987
-0.28941217
