25
2
80
1
relu
line
1
0
0.26034418
0.07780511
0.14764851
0.03266749
-0.021970876
0.27445844
-0.014768417
0.35827166
-0.37250662
0.3470056
-0.3535047
0.13028945
0.11485304
0.12111174
0.17378019
0.037227582
-0.347281
-0.027308447
-0.17641118
0.43714204
0.0039916476
-0.073316306
0.06922699
-0.0119646685
0.25464877
0.074309796
0.32992038
-0.025507484
-0.19251329
0.19478928
0.36895108
0.0640854
0.12166077
-0.42118698
0.07174735
0.13014148
-0.9179207
-0.6112455
-0.0051020016
-0.20413971
0.20860477
0.18381523
0.17489487
0.33793807
-0.102443516
0.45568633
0.2727436
0.17744303
-0.15887171
0.44600192
0.024959827
0.2381774
-0.10172996
0.17966487
-0.3965834
-0.13347085
-0.4703169
0.25280556
0.054733243
0.14042802
-0.04570425
-0.0034133669
0.44442976
0.12054429
-0.014885305
-0.104872316
0.22714148
0.2868289
0.026781054
0.06444509
0.20973869
0.27634582
-0.08080051
0.0509958
0.029163051
-0.062885106
-0.13123372
0.12689707
-0.107778594
-0.0070719523
0.33478355
0.099313036
-0.8978778
-0.3916027
0.12661068
-0.3471409
0.4227207
-0.006267863
-0.04584722
-0.038260832
-0.09784623
-0.08769777
0.2673795
-0.05836637
0.17615767
-0.14125808
-0.31691784
0.2603472
0.4488645
-0.23709665
-0.204012
-0.62002707
-0.090197064
-0.20934121
0.6230164
0.35944006
0.2775339
0.013849069
0.53636706
0.04054487
0.15996175
0.34947556
0.094687544
0.15415269
0.13308874
0.086330794
-1.0122106
-0.30961215
0.22621848
-0.3311372
-0.06584259
0.16321765
-0.5154306
-0.32770973
-0.029649423
0.31239972
0.5464611
-0.42038637
0.021779273
0.24598953
-0.077493146
0.16399981
0.16450244
0.4804532
0.15556172
0.46505007
-0.60240656
-0.10157927
-0.2786475
-0.47504672
0.505049
0.18370537
-0.5086708
-0.18333435
0.21375968
-0.023002883
0.16713364
0.17765576
0.39461446
-0.19114295
-0.16802396
-0.32900897
0.075741485
-0.10762879
0.21873891
-0.21323064
-0.40852726
-0.27306128
0.04829625
0.21500345
-0.15761155
0.08004229
0.4205861
0.04473201
-0.03690418
-0.094310276
-0.47533628
-0.23115578
0.048822563
-0.19349535
-0.100100495
0.22562726
-0.036399182
-0.10290875
0.4007334
-0.24846677
-0.27222744
-0.10690673
0.3732828
-0.44358608
0.15251434
-0.7488643
-0.109296575
-0.5262982
-0.03844292
-0.13246386
0.415095
0.023731556
0.22186889
-0.2902926
0.45915914
-0.01895028
0.51854247
0.2560493
-0.22276513
0.11236341
-0.39466348
-0.5990752
-0.37241256
-0.95713437
0.23796737
0.07002309
-0.031704776
-0.5081253
-0.36627215
0.036211707
-0.2388297
-0.33662876
0.50492835
-0.27500948
-0.1323242
0.41030166
-0.15824549
-0.2569543
0.21034832
-0.04410305
-0.3627305
0.20365821
-0.13679789
0.0054585026
0.28407437
0.19609123
-0.2859203
-0.2418511
0.3694487
-0.06938217
0.3473663
0.24357834
-0.048066743
0.20441027
-0.17399463
0.1048328
-0.28162038
0.42333168
-0.12766987
0.18658821
-0.2880582
0.23225936
-0.28011683
0.45607445
0.47086385
-0.11998168
-0.37899315
0.25957766
-0.06708485
-0.3170837
0.09471715
0.06810362
-0.0921009
-0.5309111
-0.47177312
0.28392318
0.05002322
-0.27269915
0.13458443
0.44529498
-0.5043295
-0.18899345
0.20118819
-0.037073266
0.04465154
-0.43790856
-0.20403354
-0.117098376
-0.09546241
0.33660814
0.44385943
0.2360832
-0.2288373
-0.21192032
0.10896437
-0.12547229
0.20873182
-0.042772725
-0.14555643
-0.3404735
0.28299686
-0.32596794
-0.14257713
-0.17355853
0.18997812
-1.7867767
0.1556028
0.23964387
-0.077334285
0.25875893
-0.015614087
-0.03747237
0.2108579
0.42567626
-0.029774157
0.39560255
-0.31644073
0.40626657
0.052547164
-0.11018364
-0.42070177
0.13808736
-0.100800134
-0.104846925
0.6672534
-0.42713663
-0.038954157
0.26225933
-0.28088525
-0.4275727
0.3621221
-0.47487503
-0.058951337
0.32382905
-0.056934837
-0.46264797
-0.87746775
-0.4681519
0.07494786
0.01698337
-0.11368335
-0.1641163
0.37297988
-0.15615304
0.082648516
-0.011643785
0.12765352
0.008725627
0.41599607
-0.23128511
-0.40765244
-0.14839697
0.116609015
0.39918366
-0.065495595
0.21859305
0.21811001
0.030408364
-0.020978302
0.3515564
0.001653329
-0.45083225
0.54012346
0.36688387
0.23297137
0.18694949
0.3900105
0.5223367
0.060742974
-0.30734408
0.1893167
0.26991284
0.41159564
-0.27253908
-0.44330162
0.021263417
-0.24663116
-0.17255703
0.49831536
-0.20865066
-0.42142
0.14292708
0.26921028
-0.4154995
-0.047096133
0.037462838
0.22003436
-0.56835103
0.3609093
0.29220667
-0.52018845
-0.2073957
0.108716816
-0.12726754
0.14214452
-0.21121255
-0.19564
-0.46321663
0.08984223
-0.08182537
-0.49702105
0.10133261
0.12310343
-0.1896273
0.3409182
0.1660778
-0.3514649
-0.3789798
-0.29623026
-0.12561767
-0.048864037
-0.047882058
-0.31754956
0.32157284
0.04842547
-0.023303509
-0.6109728
-0.15495208
0.20186329
0.18771674
-0.22743435
0.12243575
-0.2700584
-0.41237885
0.4427531
-0.061928947
0.058132056
-0.24597867
-0.3184218
0.0731126
-0.19783269
0.1339106
-0.19166842
0.25918198
-0.03596454
0.36698714
-0.29511854
0.37850446
-0.2640769
-0.56408143
0.10838575
-0.109050855
-0.80906343
-0.23554537
-0.47430086
-0.06813875
0.21659751
-0.23924544
-0.46664324
0.26179597
-0.36245653
-0.75985295
-0.23340228
-0.385845
0.029699354
0.5825033
0.1525032
-0.46564272
0.33855262
-0.016559526
-0.9550279
0.18443878
0.17917058
-0.65593946
0.2927681
0.18443175
0.16414616
0.27244475
0.07497115
-0.5683746
-0.26658982
-0.010624214
-0.14924733
-0.20083235
0.6994812
0.305927
0.06623748
-0.6515592
-0.26698926
0.16457033
-0.23099521
0.40419525
-0.17862508
-0.18187045
-0.31702024
0.28348312
-0.17456746
0.041888833
-0.17175642
0.19811186
-0.01970495
-0.2054252
-0.50895256
0.053932242
0.2452392
-0.22803514
0.28153825
0.07214278
0.346632
0.22660267
0.027222885
-0.28994843
0.20652235
0.2910793
0.12121786
-0.24421212
-0.024221595
-0.077406675
-0.39963517
-0.3891182
-0.2779135
0.29884243
-0.10908752
-0.51341814
-0.052686337
-0.031551663
-0.109803386
0.24471812
0.1484003
-0.26125532
0.42563817
-0.3877653
-0.27387384
-0.078529656
0.36819384
0.23183459
0.089462
-0.3064857
0.24078234
0.060873613
-0.42385796
0.26987493
0.16318493
-0.000807031
-0.18747018
-0.23775218
0.08847735
0.48343357
-0.065747485
-0.20738475
-0.25069436
0.13861272
0.09971009
-0.12856564
-0.44043657
-0.49922925
0.32358697
0.30426788
-0.066198766
0.05606214
-0.163381
0.40594953
-0.08367023
-0.26021573
0.16475686
-0.096639514
-0.15064242
0.099127814
0.1250325
-0.33248502
0.4034949
-0.13370535
0.16548035
-0.2882509
-0.1135704
-0.37360808
0.4471983
-0.11260407
0.15072618
0.12778248
0.25180185
0.036718164
-0.3822452
-0.09415827
-0.11666479
-0.033017486
-0.5433967
-0.06084825
-0.23232132
-0.45606875
-0.4359378
0.18411043
0.1873928
-0.43516546
-0.42538926
0.20335393
0.06220679
0.3444076
0.32746184
0.11344126
0.048020285
-0.030026678
0.16108696
-0.0075990898
-0.11315813
-0.023777181
-0.2426876
0.23114681
-0.40514582
0.17129113
0.27002272
-0.18408184
-0.07923997
-0.48444954
0.22361454
0.20317616
-0.1897054
0.11825277
-0.3845063
-0.07923683
0.3149025
-0.041761555
0.20737459
0.07101308
-0.014152578
-0.36326772
0.49703327
0.13808033
0.32506996
0.20318829
0.3641154
0.29582164
0.060505264
-0.15044698
-0.32454544
-0.19362192
0.3748519
0.23300113
0.43033105
-0.27778286
0.15873629
-0.019431144
-0.050918825
0.376259
-0.47105956
0.12554578
0.076066814
0.056094654
-0.5397699
-0.38386908
-0.1226165
0.3088387
0.44475156
-0.13116382
0.39422974
-0.04593286
-0.45664063
0.31743035
-0.2036774
0.34578353
-0.54484886
-0.024009215
-0.3853384
-0.35685453
-0.115574546
-0.09131718
0.05426156
-0.39528903
0.08797594
0.40280417
0.06391086
0.48713893
0.49259135
0.1258233
0.3858647
0.4268972
0.3937664
0.4790057
0.043259587
-0.2926182
-0.53991336
0.41870195
-0.24223514
0.3369127
0.50022507
-0.36444128
0.10715754
0.18328558
-0.46968612
0.15117109
-0.23536204
-0.21396376
-0.19189373
0.49499092
-0.1301578
-0.28960028
-0.7020841
-0.08689648
0.07046066
-0.07203846
-0.6054762
0.3367799
-0.084397204
-0.20553254
0.03778143
-0.036407083
-0.25518698
0.09625762
0.29552734
-0.054663848
0.38427278
0.34698254
0.11449272
-0.43329573
0.46277046
0.12801412
-0.21473114
-0.28241688
0.37705848
-0.10847487
-0.17869493
0.2691933
0.102444075
-0.5517383
0.36614513
0.29314193
0.33207786
0.25589246
-0.026839005
0.23462468
0.38336173
-0.2899714
0.06522244
-0.13429213
-0.19542643
-0.5109268
0.3335204
-0.21308313
-0.7816681
0.31774384
-0.4514115
-0.16629913
-0.2261674
-0.2344201
-0.34119287
-0.28348634
0.5532639
0.29845044
0.114018835
-0.1663678
-0.09247571
0.059940368
0.35958165
-0.01304716
0.078263015
-0.43789384
-1.3605248
0.031002272
0.026656955
0.06352956
-0.2912174
-0.29441994
0.16210106
-0.12567694
-0.3359657
-0.35537097
-0.24933952
0.11678693
0.51744676
-0.14523174
-0.10666023
0.026789501
-0.4135268
-0.13934909
0.03725471
0.37420794
0.13808669
0.110899076
0.11576402
0.34678972
-0.35068947
0.1509293
0.35156333
0.41512683
-0.4422165
-0.082103975
0.11161799
-0.35084242
0.16951132
0.07699743
0.23187435
-0.44806278
0.129574
-0.0573534
-0.5797943
-0.00601862
-0.08871006
-0.39826277
-0.41992912
-0.10747876
0.49433416
-0.23607528
0.38122007
0.09846521
-0.086352766
0.10393886
0.4674131
-0.25497124
-0.25857994
-0.30906543
0.41260877
0.39507145
-0.1813498
-0.29513234
0.21243136
0.22906218
0.054573745
0.16331099
0.093333445
0.18681897
-0.2656149
0.2605672
0.3169703
-0.31085837
0.37078428
-0.46303704
-0.69320875
0.0013048347
0.35880485
0.40098166
-0.24742545
0.43179855
0.39094532
0.4376741
-0.04932055
0.014140973
0.31035423
-0.15386052
0.2523209
-0.27977324
-0.3024195
-0.32301477
-0.03766202
0.3738997
-0.3696007
0.2812071
-0.50765216
-0.32024258
-0.03687378
-0.08888484
0.1938033
0.079772875
-0.9066303
-0.4310637
-0.19679683
0.33833274
-0.06324841
-0.26415443
-0.2430328
-0.1001108
-0.41594368
-0.1848181
-0.26430887
0.30556482
0.41186962
0.2702283
0.22722872
-0.09532943
0.06635069
0.3040818
-0.27721187
0.12300521
-0.315756
-0.23434532
0.47448584
0.381718
0.026400834
0.2942181
-0.2040022
0.123651154
0.0063619968
-0.311311
0.55557305
0.24164388
0.2030238
0.070803694
-0.08495734
0.10252068
-0.008891345
-0.60072637
0.17806874
-0.7733778
0.333985
0.04691625
-0.15211318
0.21558706
-0.059994414
-0.32798007
-0.14170781
-0.49560902
0.36039498
-0.062529944
0.49971
0.024190258
-0.09619147
-0.338043
0.06384925
0.43727043
-0.092321046
0.2483281
-0.024752019
0.37319127
-0.44168532
-0.03648818
-0.14581792
0.5324512
0.44637153
-0.006127923
-0.10683859
0.13005976
0.6087061
0.084641665
0.28598425
-0.124660105
0.44258693
-0.4672765
0.25793833
0.10535502
0.09156751
0.18675333
0.5660882
0.5488421
0.63143665
-0.43634638
0.35973692
-0.09864754
0.34763414
0.5288709
0.48889098
-0.11747972
0.17457967
-0.16378582
0.27896017
-0.08446542
0.2737871
0.47285417
0.0064389687
0.1845981
-0.7921893
-0.49217686
0.40197966
-0.30080584
0.18159625
-0.1260457
-0.4514636
-0.103896335
0.079176225
-0.17922431
0.17656319
0.2321482
-0.23838541
-0.49420378
0.15370256
-0.5134616
-0.13049239
-0.31559548
0.45608297
0.30484465
-0.007944815
0.4696321
-0.14210196
-0.4217899
-0.3281829
-0.08997259
0.2093569
0.2767857
-0.37112647
0.26291764
-0.13284342
0.49940187
-0.15215647
0.61990434
0.184085
-0.0014495159
-0.099451385
-0.41532552
0.4150539
0.4593191
0.0077776075
0.22313191
0.32685575
-0.14797105
-0.4652241
0.034856953
-0.5195315
0.2590175
-0.017376296
0.3392787
-0.44863063
-0.23109527
0.4049251
0.010248154
-0.12618056
0.260046
0.13829833
-0.36735427
-0.032995384
0.029197328
0.089327686
0.26408732
0.10608635
-0.036787197
-0.016868308
0.114574246
0.043967254
-0.04575855
-0.1153823
-0.22034368
0.45260182
-0.29240638
0.0757205
0.009676942
-0.52424693
0.34069228
0.016712055
-0.00050606095
-0.27184516
-0.17662396
-0.5382931
-0.18690687
0.24905095
0.30116966
-0.3297006
-0.12821521
-0.32549357
-0.38920367
-0.13228035
-0.3423338
0.2926928
-0.33928922
-0.29598975
0.28101057
-0.5072603
-0.09216914
-0.2894475
-0.32864127
-0.15182573
-0.4258153
-0.18738657
-0.0084202215
-0.22403248
0.23320854
-0.43953228
-0.29740006
-0.4605051
0.11192487
0.006536566
-0.30343947
0.34174308
0.22108829
-0.4362537
0.35757136
-0.019916404
-0.15319557
-0.27540496
0.29315788
0.40491036
-0.19450584
0.04551676
0.19438478
-0.23165628
0.29817834
-0.043463677
-0.28281575
0.22331867
-0.05230812
1.005057
-0.11847081
0.6191535
0.41765165
0.30308574
0.3508099
0.6039507
0.16981655
-0.04880426
0.1924367
0.34832528
-0.46224898
-0.08919049
0.5358572
0.29343832
-0.05365506
-0.14466128
0.012627391
0.2322449
0.35093692
-0.0026590172
0.0027274375
-0.38665146
0.11603532
-0.008154767
0.5976234
0.2763908
0.1395112
-0.08298502
0.27493677
-0.77996385
-0.3196839
0.3600087
0.22096041
-0.015628677
-0.072161436
-0.43787143
-0.2390191
-0.061080053
0.21282761
0.05093863
0.7129468
0.06633299
0.55332506
-1.2421855
-0.19648163
-0.4987312
-0.29267424
0.30568564
-0.058057617
0.14499381
-0.069702946
0.5090023
0.3081695
-0.03180796
0.33026853
0.079550415
0.16911991
-0.25518417
-0.24340226
0.16296671
-0.3852605
0.009670636
-0.15857431
0.24898385
0.31618014
0.24160239
0.1431807
-0.31384417
0.40452823
0.46073705
-0.21267577
-0.030833734
0.08198174
0.050684508
-0.41795948
-0.41887432
-0.42780805
0.42580727
-0.38452405
-1.5623791
0.05998429
-0.24107955
-0.07491784
-0.17721847
0.5656509
-0.26114404
-0.14739068
-0.40058523
-0.34228072
0.295091
-0.019439355
0.11044737
-0.3336356
0.033407066
0.2793718
-0.13428146
0.16842777
0.0873864
0.44824556
-0.007899684
0.24610282
0.24198908
0.113076285
0.18540615
-0.051241122
0.5423773
0.019612325
-0.27815366
0.2794637
-0.28421313
-0.32502946
0.15521502
0.32051408
0.16632248
-0.30064213
0.23411839
0.072513886
0.07243397
-0.35846704
-0.1479752
-0.33791783
0.23649007
-0.0031938262
0.48775214
0.3613985
0.5537337
0.018978547
-0.07653621
-0.325518
-0.40789628
0.45258236
-0.30050164
-0.3970552
0.54555184
-0.07318438
-0.003658843
-0.554671
-0.18900326
0.24055976
-0.10284015
0.38630685
-0.6253026
0.06879828
-0.32935947
-0.083927624
0.27651396
0.5064601
0.42404407
-0.40671825
-0.69133204
0.12084132
-0.3964971
-0.6264732
0.153266
0.41165355
-0.15114689
-0.0138445515
0.14102802
-0.28096107
0.29019094
-0.21759883
0.46584862
-0.21224089
0.30584684
-0.038781203
-0.67994
-0.17546001
-0.05827946
0.14163727
0.23163992
-0.582844
-0.077555045
-0.43946457
-0.52415216
0.10362006
-0.396928
0.14003243
0.118365146
0.10884223
-0.26955566
0.0026983828
0.14334823
-0.33026674
-0.651281
-0.261273
0.5414951
0.33443356
-0.21101278
0.511156
-0.00095300464
0.086624645
0.117375374
0.3686844
-0.4357757
0.007502171
-0.14619064
0.04269598
0.017190987
0.2253866
-0.0483581
0.30238414
0.11595941
-0.0071798414
-0.1894334
0.21986254
0.43599638
0.3306524
0.5219697
-0.31494203
0.25872704
0.116474286
0.8820482
-0.5791725
-0.47183752
-0.39375925
0.10653565
0.41333625
0.19568872
-0.011535466
-0.39192837
-0.474269
0.25957286
0.12015802
0.004346791
-0.2508709
-0.3511235
0.0040868213
0.057673026
0.20398432
0.17328225
0.12223596
-0.30042875
0.3164119
0.3677419
0.056916136
0.17891039
0.28010088
-0.11149334
0.3416298
0.042182945
0.22122517
-0.07997774
0.20189485
0.27975598
0.109001264
0.6984138
-0.2567056
0.4589339
0.33261096
0.57054806
-0.17543544
0.31351522
-0.00888664
0.43332615
-0.4178839
0.2529379
0.50349694
-0.33746064
-0.40225247
0.20779312
-0.062769964
-0.26352665
-0.046481397
0.13487281
-0.12910135
0.1924183
0.20807815
-0.112907946
0.4227816
-0.19724366
0.11172066
-0.41399124
0.17842814
-0.3849645
-0.27622774
0.209691
0.12752421
0.035872944
-0.16136868
-0.122863986
0.15994455
0.14070478
-0.061505366
-0.30871063
0.2413286
0.18440549
0.33667213
-0.062232547
0.20087647
-0.16158399
0.13538945
-0.063409336
-0.6435356
-0.47477782
-0.36420062
-0.19063592
0.088885434
-0.27113998
0.16277596
-0.43710417
-0.40084034
-0.27839077
-0.09170812
0.2894425
0.10515746
0.14717367
0.37253958
0.24059814
0.018968754
-0.18452774
-0.036874827
0.4478434
-0.111011006
0.35884702
-0.043470357
0.025559857
0.45345747
0.023674987
0.3198398
-0.22689208
-0.31345442
-0.12558083
-0.23011167
-0.12263219
0.34806064
0.38446882
0.38471025
0.16889921
0.4836291
-0.3056351
0.19679984
0.20738988
-0.37929934
0.25085732
0.5883534
0.07995053
0.24619202
0.21046391
0.38036835
-0.07249833
-0.6888835
-0.06624525
-0.26629472
0.11032066
0.8293606
-0.45889312
-0.3075916
0.06534354
-0.103794426
0.07357578
0.017607827
-0.27766678
-0.27720428
-0.8181228
0.20425095
-0.44710368
0.55942315
-0.044487223
-0.011467868
0.58051383
-0.29498798
0.36989874
-1.4878137
0.38127723
-0.5114908
-0.40859747
0.21676593
0.039393816
-0.021450978
0.27251923
-0.09983074
0.16759185
-0.17985974
0.159106
-0.32418817
-0.10210754
-0.29182386
0.020742405
0.08919365
-0.36713886
-0.24935104
-0.08956102
-0.3256755
0.2532003
0.09797426
0.4099824
0.18446708
0.409316
-0.35369208
-0.34230205
0.42715383
-0.36591384
0.34404898
0.35270056
-0.10819085
0.13606392
0.3732262
-0.003048466
-0.43238294
-0.16747177
-0.04092974
-0.34276846
-0.11524249
0.014025035
-0.17969984
-0.16098998
-0.552673
-0.16311485
-0.16973858
0.37886897
-0.042883947
-0.664806
0.4380978
0.32552767
0.28994656
0.21553798
-0.11812755
-0.7065484
-0.45474795
-0.01566504
-0.22311094
-0.020716406
-0.03219419
0.068912975
0.123497255
-0.29645556
-0.010550972
-0.4461836
-0.10444336
-0.19530344
0.45247006
-0.08405061
-0.10042267
-0.08679227
0.056579325
0.1126139
0.51866955
0.40134132
0.6070186
-0.30262658
-0.009764284
-0.4875252
-0.23673451
0.1270277
-0.34064275
-0.43368018
-0.21370463
0.019056475
-0.12992173
-0.0902834
0.32685658
0.47270265
0.3500565
0.4755909
-0.2261891
0.4451182
0.04327136
0.052279625
-0.13275886
0.20091851
-0.22854002
0.2992993
0.26613
-0.5944803
0.44500425
0.5396514
-0.30767143
-0.10493947
-0.18309097
-0.029943032
0.2506792
0.19181675
0.21995676
0.42054367
0.36577803
-0.36503658
-0.042663418
0.4189956
-0.0005408844
-0.44531342
-0.2881483
-0.03426678
0.12285338
0.43327406
-0.6216789
0.45642138
0.17432913
-0.13179545
-0.16101992
0.14707024
-0.41314277
0.07112759
-0.29368764
-0.20726073
-0.31733403
-0.54399866
0.021702418
0.12140893
-0.22492582
0.4721557
0.54891944
-0.3783733
0.4125476
-0.264555
-0.16526021
-0.4244782
0.48219496
0.52365685
-0.2445043
-0.38952017
-1.4814794
-0.17047164
0.09298003
-0.41795632
0.51209813
-0.3688631
0.025194813
-0.43228766
0.004174286
-0.39810976
-0.103920065
-0.6738699
-0.08379165
-0.29514197
0.061711907
0.46846548
-0.12182594
-0.14084971
0.4975941
-0.1770932
0.29949763
-0.33638993
0.21924463
0.3040072
0.38874108
0.19167043
-0.43636358
0.27880675
-0.014003627
0.20400888
-0.104763605
0.14364651
0.42813644
0.44059977
0.09300089
-0.094888955
0.66189796
0.18416359
-0.19720969
0.16666488
0.34642643
0.29035905
-0.34486014
-0.35265517
0.3934954
0.18374553
-0.13834782
0.20610987
-0.5495235
-0.17677248
0.045379996
0.3447735
-0.33225247
-0.02250677
-0.22519264
-0.709638
-0.2492057
-0.24553674
-0.083802186
-1.3488286
-0.24962863
0.14521293
0.08985568
0.039248794
0.50804925
0.3824456
0.27546373
0.3006273
0.50826055
0.45296133
-0.23568724
0.32288793
0.23387195
-0.09846304
0.3393365
0.35252258
0.25663516
-0.25033435
-0.15402307
-0.2585812
-0.060011063
0.26301417
0.4189213
0.015790673
-0.48672718
-0.7129712
-0.018417468
-0.9633574
0.23192576
-0.17438723
-0.019794654
0.4476164
-0.62260777
0.44783914
0.2872202
-0.14739288
0.16988838
0.022121713
0.19209933
-0.30110428
0.14204454
-0.24662165
-0.009879139
0.23595917
-0.41494846
0.19781591
0.28372803
0.2174894
0.3083567
-0.38582534
0.29892272
0.3173716
-0.080127925
-0.3318355
0.004818862
-0.15064228
-0.39279497
0.33205247
0.32900628
-0.0110464655
0.34898317
0.26858094
-0.48873433
0.2330333
0.21838786
-0.30462334
0.2246353
0.02130165
0.32663608
0.04418018
-0.5280367
-0.36456394
0.36121252
0.382145
0.13413692
-0.5767463
-0.09248781
0.28615028
-0.24213824
-1.3052472
-0.15355253
-0.6483677
-0.08270734
-0.07790568
0.1741719
-0.2848074
-0.10968678
0.25935888
-0.1705755
0.1653568
-0.11974563
-0.51037925
0.36503288
-0.15748322
-0.03991272
0.4156442
0.053974796
-0.57549924
-0.14923416
0.39412454
0.26314762
-0.27384347
-0.22806454
0.09573524
0.0033180988
-0.52356946
-0.17526887
-0.4710488
-0.14769301
0.2648172
-0.03290608
0.04678574
-0.49954954
0.48418626
-0.49203098
0.52411395
-0.4307036
0.11870785
-0.2465998
-0.016937934
-0.14380097
-0.09387386
0.09308484
-0.118429355
0.0456549
0.41295832
0.40507695
0.25807253
0.1233849
0.2156912
0.107037924
0.4883301
-0.0405046
-0.06999404
-0.6022548
-0.23836352
-0.13920377
-0.16724356
-0.09563133
-0.29664943
0.5163856
-0.20618124
0.37394804
-0.18153362
0.42459747
-0.25616863
0.44813848
0.23063003
-0.058108807
-0.16987002
-0.39240307
-0.14843534
0.45552957
-0.15264711
-0.23048621
-0.63274056
-0.04448681
0.22971042
0.10668031
-0.5884061
-0.28976583
0.19004053
-0.39123276
0.06303496
-0.33800462
0.0048642345
-0.27433756
0.12891836
0.44261315
0.027065763
0.2600738
-0.16348584
0.3158634
-0.0017286178
-0.059409503
0.22563097
-0.45356053
-0.5062719
0.24218298
0.01851077
-0.45675045
0.25737607
-0.013577738
-1.0203652
-0.058590125
-0.14933306
0.15561287
0.43491012
-0.027682927
0.17515288
-0.3961631
-0.5054659
-0.2783497
-0.44504142
0.085653216
0.16180223
-0.20952626
0.2854435
-0.40091494
-0.010401377
0.37212616
-0.19792296
-0.21489783
-0.37081903
0.21323557
0.23363072
0.11361983
-0.37075168
-0.3938087
-0.19188394
0.19363967
-0.08393664
0.09244318
0.0828588
0.23776534
0.34033743
0.37046343
-0.12946822
0.18626894
0.32473207
0.049921118
0.44845352
-0.23885047
-0.48117614
-0.2302856
-2.6024394
0.33151037
0.34132063
0.38206512
0.07390384
0.15271616
-0.4177912
0.59962684
0.08482902
0.1030009
-0.13028866
0.13294312
-0.18824703
0.40947282
0.24674806
-0.10164137
-0.1496651
0.2062964
-0.118765526
0.30942705
-0.28789622
0.06699491
-0.22862129
0.3028658
0.03642992
-0.08932458
0.13375814
0.24312548
0.0631004
-0.39769447
0.38744903
-0.2910208
-0.11910524
-0.10154454
0.15213227
-0.34693676
0.33714786
-0.25698584
-0.11039661
-0.12998433
0.8475916
-0.023393849
-0.4231264
0.10532057
-0.52115124
-0.06252333
-0.6905854
-0.36653444
-0.44111776
0.23284574
0.2103538
-0.20077449
0.4876578
0.41423225
-1.6417804
0.056402702
0.16257316
0.42662314
0.061730277
-0.0109316185
-0.32122663
-0.13836335
-0.19105121
-0.02193132
-0.17088294
-0.48374242
0.28672364
0.43298107
0.19476862
0.18891266
-0.14768006
0.07504543
0.39387524
-0.23235911
-0.043750774
-0.18078378
0.2246186
-0.22005704
0.3009283
0.41038486
-0.17678939
0.29896158
0.33080077
-0.44989023
-0.040523358
-0.08164847
-0.05079915
-0.2174071
0.403348
-0.12668033
-0.08675152
0.23847911
0.21698412
-0.42106888
-0.2323425
0.28839698
-0.44905698
-0.25782576
0.14752498
-0.15145162
0.4137118
0.12081769
-0.2654456
0.38887647
-0.07472163
0.07131749
-0.14336996
0.37042347
0.052345768
0.27099934
0.18566535
0.025696501
-0.05195459
-0.1133892
0.13583443
-0.38773534
0.22515444
-0.3485729
-0.17539811
0.45823824
-0.15989143
-0.17042962
0.24051696
-0.10288583
0.10599028
-0.11004116
0.11020395
-0.20594996
-2.6969461
-0.15186764
0.31714824
0.27187946
0.022621242
-0.23032664
-0.08044185
-0.20712353
-0.10000119
0.13359854
0.38762206
0.3104041
0.29610968
0.3630119
0.047760606
-0.35308695
-0.55863583
0.045544226
-0.34299013
-0.30654296
-0.8616864
-0.42168707
0.121409036
-0.29362428
0.17627086
-0.3611149
0.36925983
-0.29005617
-0.13305789
0.36103383
-0.21698476
0.018661072
-0.34655714
-0.23863165
-0.24083944
0.43297747
-0.151175
0.1972408
0.1149968
0.28448927
0.06171417
-0.15984498
0.09417284
-0.2830547
0.22805138
0.29721346
0.2285611
0.30220494
-0.3103735
0.14580815
0.18182097
0.21865855
0.00410842
0.21230881
0.24637604
0.2786954
-0.20772728
0.25151575
0.40046656
-0.24320498
0.059558574
0.18544717
-0.26250657
-0.01580304
0.33868372
-0.057211284
-0.20017874
0.37442464
-0.13116162
-0.25599527
0.06644567
0.08745995
-0.08010098
0.4472136
-0.21117158
-0.380372
-0.1689014
0.38514495
0.30629727
-0.37387344
-0.122424394
-0.06794988
-0.25133604
-0.15826257
-0.28639126
-0.20643084
0.37817454
-0.15879597
-0.18695176
-0.02966659
0.20169581
0.2397887
-0.2015621
0.23312469
-0.13660328
0.100834824
-0.08290923
-0.05323734
-0.23589326
0.19939047
0.27817765
-0.23514648
-0.14827663
-0.29585832
-0.13586816
-0.023356011
0.2005102
-0.29270837
-0.21715298
0.15653747
0.17975701
-0.22265075
0.1106155
-0.16425094
0.21343397
-0.08939452
0.10233092
-0.061535608
-0.14776981
-0.03547425
-0.12225866
0.12046429
-0.18519104
0.13826367
-0.1349254
-0.12037245
-0.080492884
-0.19036107
0.17094396
-0.14609154
-0.15300477
-0.12873657
-0.1357027
-0.21145248
-0.1540354
-0.10304801
0.083867274
-0.21637414
-0.10637366
0.117747165
-0.117514506
-0.13027935
0.06693816
-0.060550224
-0.1967386
0.12124339
0.12334462
-0.20399864
0.115176946
0.18119036
-0.1742742
-0.12628569
0.14674503
-0.27914065
0.30307522
0.15170671
0.15677345
-0.26023987
-0.1700571
0.14876726
0.19906288
0.09753806
0.32400244
0.1943383
0.14256617
0.14278972
-0.085644715
0.09899587
0.17825761
-0.20783985
-0.15905844
-0.1135803
0.13376488
-0.14726698
0.143299
-0.101151705
0.22735281
0.05191885
0.11494906
-0.04720999
-0.020622429
0.08924218
0.10800773
0.14827663
0.17785935
0.14241485
-0.16994561
0.11961596
0.028048113
-0.05317273
-0.14553148
0.09515219
-0.22017606
0.094307855
-0.23277251
