49
2
120
1
relu
line
1
1
-0.42149192
-0.5919956
0.11591443
0.29859275
0.8266142
0.16414757
0.8752678
-0.09070698
0.09968663
0.18248212
0.01803545
-0.007005399
0.21876621
-1.4081317
-0.34701052
-0.63075334
0.24780127
0.1673184
-1.298806
-0.12842968
0.08622676
-0.30893317
-0.07220882
0.65447533
-0.23543105
0.32024455
0.020901829
0.029779986
-0.10726815
-1.0854354
-0.20106284
-0.05171582
-0.10141864
-0.19365014
-0.24410647
-0.27443376
-0.85516864
-0.136707
0.15617846
0.00035208097
-0.7562415
-0.11105786
0.0060101445
0.023253443
-0.30982032
0.1599173
-1.9769619
-0.11726241
0.15712617
1.0880241
0.18193601
-1.743673
-0.7096683
0.16225123
0.24985588
-0.14405194
0.07074389
0.100569375
-2.6435866
-0.017116904
1.8652899
0.10879666
0.4419474
-0.2205072
-0.28883648
-0.12216393
-0.19330995
-0.040933367
1.2764002
0.08994993
0.08715018
0.21648303
-0.40322945
0.111149095
0.26733303
-0.3452322
-0.4548517
0.12022823
-0.010384631
-0.8099206
-0.08015007
-0.25461254
-0.61138874
-2.5004568
0.9570367
1.752475
0.15766418
-0.33428758
-0.10004805
0.10096097
0.11938591
0.036748294
0.28131554
0.8313919
-0.13321537
0.16988304
2.5370736
0.15923947
-0.3535866
-0.3959225
-0.25286013
0.17005809
0.9144331
0.22238564
0.9709115
-0.17816465
-0.08558965
-0.0980955
0.10382584
-1.0514407
-0.8520214
0.011037249
0.23652357
-0.2588102
-0.18594162
-0.049344208
0.31654763
-0.26063645
0.29573637
0.100509316
-0.25175738
0.606346
-0.27740076
-0.06595406
0.4124216
0.2989581
0.1317648
-0.39501792
-0.14990065
0.2214281
-0.26559812
0.47304904
1.0919017
0.17885698
-0.77229637
-0.15967855
-0.31026456
0.3398196
-0.20834935
-0.13038835
-0.31288645
1.6138701
0.041591514
0.24850363
0.13237275
-0.59458756
0.36239925
-0.022763006
-0.11044197
-0.1048949
-0.41032133
-0.058347374
0.5875067
-0.6293326
-0.3086028
0.1634013
0.8425378
0.07866965
0.1803621
-0.24885572
-0.0996217
0.31586692
0.123753265
-0.16352817
0.9184268
0.006054789
-1.2889453
0.10334307
-0.2727021
0.5241569
0.31728715
-0.31309316
-0.020355506
-0.14610858
0.23857099
-0.092895515
-0.19794518
0.36262208
-0.794224
0.6482231
-0.07644658
0.0693084
-0.17602853
-0.18766563
0.03844886
0.30378518
-0.4680252
-0.08192648
-0.3729665
0.05754838
-0.19588502
0.25039056
-0.6898671
0.37726057
-0.24567702
0.22710212
-0.3380444
0.10491642
-0.16150188
-1.9324462
0.041228008
-0.14054658
-0.0182991
0.37103888
0.37076548
0.28519264
0.2003386
0.0988144
-0.038080722
0.11132129
-0.5253705
-0.3087576
0.8306781
-0.017097771
-0.22784686
0.14334026
1.0022379
0.19146205
0.15672974
-0.031634714
0.2116277
0.35048473
-0.9402026
-0.23214777
0.55599755
-0.26337665
0.5524842
-3.9382722
0.036860406
-0.25315535
-0.6892647
0.29304737
-0.34237865
0.27772588
-0.79441494
0.011026757
0.052628506
0.10053142
-0.93919945
-0.012337556
0.77072424
-0.18725832
0.05829959
0.07317826
0.38255358
0.12778158
-0.9095376
-0.37308854
0.75558233
0.0004183948
0.64297986
0.2029941
-0.056806196
0.06876644
-0.18106632
-0.6642048
-0.5116227
0.13547602
-0.2146307
-0.004699859
-0.17154716
1.7905041
-0.78900814
0.29558912
0.011217512
-0.34761566
-0.19115403
-0.10885098
0.0051381807
0.107701436
-0.26997447
0.12120449
-0.16039413
0.2183138
-0.0393641
-0.23830679
-0.5061044
0.2452098
0.2064075
-0.33083788
0.23214772
0.3287523
0.38384968
0.059888847
0.37305984
0.3350547
0.8075094
-0.10091178
0.23068398
0.3246782
0.21055384
-0.26562244
0.14166468
-3.5278409
-0.22182924
0.30123225
-0.08499638
-0.20543903
-0.3585694
0.34530243
-0.0050466354
0.11982624
-0.07126765
-0.24026668
-0.051812105
-0.12950319
-0.30954117
-0.38995194
-0.75229937
-0.34485883
0.25596854
-0.19923465
-0.42241162
0.049311765
0.34464902
-0.14410128
0.8370325
0.33852524
0.0005184203
-0.14582333
0.005048596
-0.41501474
-0.4251205
0.24996619
-1.568416
-0.15806726
0.29566818
0.20836006
-1.9433826
0.13611132
-0.7597585
-0.68073267
0.27744877
0.14611137
0.5707239
0.25794
0.47104597
0.0038706681
-0.21949844
-0.12660216
-0.2381139
0.5469109
0.034842458
-2.764209
-0.013038772
0.11866313
-0.2638979
0.87400734
0.11935143
-0.08290801
1.2669995
0.06730464
-0.26123235
-0.1350731
-0.034272186
0.13318187
-0.24135232
-0.49496672
-1.3946065
0.08507158
0.095662996
-0.59603953
-0.7314288
0.34935036
-0.27325436
-0.324706
0.56399906
-0.47461063
0.5410304
0.2555775
0.18053399
0.34140998
-0.1959032
-0.09268288
-0.62106246
-0.59842217
0.73878497
0.09793836
-0.06984996
0.28846973
-3.1185308
0.42094043
-0.014910589
-0.2715898
0.010777754
0.0140963085
-0.29453862
0.43462762
-0.012826347
0.4800833
0.025919283
0.12636767
-0.01730117
0.22796738
0.22838932
-0.2570471
0.015268775
-0.047247123
0.12854695
0.49092954
0.31714368
0.048867382
0.24574755
0.38310763
0.17291571
-0.13615443
0.6139826
-0.2978468
0.03626956
0.12206416
-0.2605845
-0.7551127
-0.31911936
-0.34777156
-0.20296487
-0.31527492
-0.6355464
0.59642076
-0.15095064
0.5473213
-0.08497601
0.20378566
-0.14974284
0.104480445
-0.39441752
-0.102475315
-0.81631005
0.21773134
-0.7109124
-0.9149685
0.0130181145
0.23593767
-0.9642512
-0.3076609
0.78608316
-0.33454427
0.3275629
-1.8390368
-0.4560659
-0.16464114
-0.24999817
-0.8106484
-0.14730862
0.44905663
-0.15285996
-0.4442357
0.22030601
0.18776329
0.06535971
0.25986162
-0.65665185
0.20756356
0.05062802
-0.18371293
0.38570386
-0.17739381
0.32335213
-0.6449151
-0.5736596
-0.22982775
0.5603205
1.4019986
0.10709847
-0.29155877
-1.1411824
-0.06689029
-0.14404507
-0.24962084
0.034550607
-0.024900036
-1.1865667
0.15768403
0.22040194
-0.20599613
1.0967928
-0.002596514
0.0008011653
-0.38415444
-0.27900004
-0.0069151134
0.25961417
-0.39649826
-0.5083569
-0.16163047
0.25329918
0.0568963
0.51471466
-0.16578688
0.4562225
0.0819602
0.13018654
0.12789583
-0.073553905
0.00026703425
-0.16891441
-0.64118207
0.26207122
-0.29749998
0.17461842
-2.99612
0.10862993
-0.21757054
0.00031170386
-0.12768872
-0.23359857
0.12295775
-0.27826524
-0.020208528
-0.25530446
0.07181407
0.030605903
-0.108342044
-0.636912
0.1462088
0.031446964
-0.10070378
0.33619204
0.066481605
0.061329123
-0.116280295
0.6633103
0.23634546
-0.009072148
0.08541412
-0.20730719
-0.038277805
0.31306636
-0.2580552
-0.3901751
0.4513579
-0.43958294
-0.40486455
0.063594945
-0.068995126
-0.43728438
-0.14131998
0.034261383
0.04622152
0.22025825
0.3747385
-0.23035236
0.34225687
0.2764389
-0.07334402
-0.22104806
0.34542122
-0.7501475
0.23474133
-0.15057562
-0.20392731
0.8944
0.27938965
-0.4209009
0.27564442
-0.259754
0.21651292
-0.07963232
-0.3132901
-0.2574213
-0.49541092
0.3069755
0.025553945
-0.60836303
-0.30446753
-0.009082943
-0.54982555
0.061390217
-0.5136833
0.2774341
-0.06926448
0.07927543
-0.44877523
0.13356362
0.6391808
1.0208042
-0.84540987
0.105573185
0.500447
-0.011814041
-0.34098628
0.73337525
-0.035901617
-0.09208233
-0.35546598
0.21198967
-0.12739125
0.22521575
0.011549644
-0.9813295
-0.41549316
0.18321261
1.3033293
-0.0664778
0.06649535
-0.017645804
0.023322765
-0.16092218
-0.409061
-0.13676757
0.2081454
-0.20830142
-0.15700203
0.16677897
0.05721598
-1.0630281
0.12078996
-0.97053736
-0.04488426
-0.24519643
-0.04064244
-0.10075856
2.0553286
-2.9285953
1.4373068
-0.32191688
-0.09843931
-0.7753919
-0.14942451
0.27295107
0.18664101
0.06502837
-0.16286333
0.028439492
0.105063446
-0.27465996
-0.15179974
0.12824535
0.11180211
-0.10892707
-0.116859175
-0.66553724
0.45303348
-0.74808484
0.11601505
-0.0026355386
-0.0109912455
-0.88705057
-0.2775107
0.12107149
0.14567164
-0.067454524
0.09729367
-0.24302259
-0.24735633
0.46543238
-0.06367555
1.7699859
0.25461674
0.02275708
-1.110438
-1.7290397
1.3887755
0.22690037
0.070772976
0.23054338
1.5467889
0.30611634
-0.33898568
-0.15474792
-0.049771994
0.63822514
-0.027039245
-0.0017859034
0.24179214
-0.050487638
-0.30780953
1.005636
0.51457477
-1.0665497
-0.0038732495
0.0022121305
0.2756121
-0.76249224
0.23513426
0.29491228
0.02073435
0.08427559
0.22525132
-0.077183016
1.2302669
-0.07380895
-0.11329184
-0.32161313
-1.2495453
-0.016552795
0.5210485
0.3848378
-0.24205881
-0.21915743
-0.065121934
-0.011795691
-0.18995467
1.4004391
-0.5379278
0.34401518
0.07473632
-4.517941
-0.17450544
-0.1333673
0.027381597
0.32644293
0.2166304
-3.5033214
-0.16854458
0.48823148
0.030202832
-0.15685147
5.258595
-0.0145210745
-1.0676472
0.6180498
0.12338596
0.19434804
-0.27303368
-0.285768
-0.35083726
-0.14218904
0.00967891
-0.32886568
-1.317487
-0.16843772
-0.9054563
0.24543059
-0.030038165
-0.5073076
0.40822616
0.38125327
1.8098524
0.122029126
-0.2692445
0.1387808
-0.7117814
-1.4479911
0.9708533
-0.55484986
0.33272704
-0.36948147
0.22798997
0.66227716
0.44802818
-0.24358913
-5.8347244
-0.44353238
-1.5080189
-0.03721613
0.2968966
-0.85557586
0.82863617
0.07575338
-0.23724282
0.5282869
-0.10962295
0.20737277
0.6356993
0.3205729
-0.29369032
-0.13371234
-0.5540841
0.1961033
-0.09356519
1.6512257
-0.6778143
-0.021974102
0.13648194
0.4075126
0.044781536
-0.5913899
-0.14449401
-0.8281531
-1.2522413
-0.9210138
-0.29219416
0.15302853
0.3394694
0.10577828
0.06673733
0.13756135
1.0566093
0.024039805
-0.44740364
0.933753
-0.11515272
0.32745022
0.14995953
-0.27924496
0.1842474
-0.5316482
-0.5842389
1.0716351
0.75948876
-0.30934608
0.28337082
1.0379518
0.3431364
0.27997994
0.08884064
-0.43529692
0.2186439
-0.0930834
-0.24977413
0.08482862
-0.09618833
-0.17566149
0.07404422
0.90174806
-0.16586494
-0.27553424
-0.21356109
-0.24358591
0.13515766
-0.3916141
-1.0680438
0.54517925
0.10468959
-0.3412228
0.049320955
-0.24847184
0.7848139
0.35280266
0.057506427
-0.2627563
0.7288645
-0.323139
-0.6737943
-0.09557726
0.551867
0.3952803
-0.1233011
0.73466915
0.08627385
-0.021988807
-0.6469552
-0.17300029
-0.18005782
-0.32255667
0.06092587
-0.16500342
0.25321615
1.0141379
-0.058990147
-0.7390431
0.46834257
-0.24440771
0.5525029
-0.17963262
-0.3836949
0.2041277
-0.046388615
0.07547608
-0.1393345
-0.33385083
-0.3144827
-1.0256925
0.27585503
0.2499025
-0.3443728
0.044302195
0.17651218
-0.042399254
-0.12958512
-2.0947704
-0.8020312
-0.010030188
0.36375928
-0.45008177
0.18435426
-0.08600954
0.15599747
0.23749018
-0.5786333
-0.43298012
0.013502624
0.17656139
-0.29198548
-0.23963931
-0.054558128
-0.33254892
0.35716325
0.07262565
-0.07013941
0.30417374
-0.24618942
0.03934534
-0.15091994
-0.34869784
-0.28377342
-0.11364005
0.14625567
-0.2742971
-0.28461957
-0.46571013
0.124992184
-0.31336135
0.07913775
-0.16810453
0.16176063
-0.21174347
-0.045355123
-0.13825104
-0.36224613
0.06746685
-0.24733038
0.3374615
0.15618974
-0.6271087
-0.3226815
0.5207793
0.28057986
1.5470842
-0.14783917
0.33908078
-0.32094237
1.0773379
0.2681415
-0.29575253
0.2146859
-0.33653
-0.16346501
0.22476658
-0.4366717
-0.61515343
0.71508175
0.16360466
-0.59717715
-0.67465144
0.13926224
0.82449996
-0.39539868
0.18134622
0.2515183
-0.23190023
-0.6537341
-0.123166695
-0.39803115
-1.5865127
0.24427466
-0.70494336
0.2621371
-0.08999279
0.13869272
-0.34597814
-0.06873493
-0.23829365
0.25561354
-0.66692173
-0.2518386
0.8296352
0.38518006
-0.021396141
0.035041485
-0.45569232
-0.7933074
0.24885078
0.2314128
0.035217036
-0.19313656
0.26455814
0.00970621
0.7797959
0.24280226
-0.244973
-0.084168546
0.41029584
0.12209707
0.053685267
0.18196894
-0.48884377
0.42951584
0.001263208
0.037971437
0.106397666
-0.17549647
0.36950713
0.39493626
-0.3752559
0.36234358
0.011637207
0.005925387
0.4035361
-0.027962174
-1.250482
0.1422434
0.4227579
0.031123845
0.17434369
0.025074024
-0.0636102
0.40663677
-0.17645797
-0.33789623
-0.11826892
-0.12742853
0.3448182
0.08385774
0.1114268
-0.6480747
0.06224984
-0.11656493
-0.3719204
0.21896979
-0.31267902
0.46140367
-0.028914569
-1.2067932
-0.49392068
-0.34510398
0.24966374
0.12840742
0.29729387
0.17379549
0.38566127
0.18995436
-0.15672836
0.40703407
0.32148927
0.29761472
-0.088923655
0.041950237
0.46775976
-0.46753177
-0.032535885
-0.20958112
0.5694996
-0.34290045
0.16756943
0.18927176
0.27461925
-0.53682345
-0.030564921
0.8108374
0.11073464
0.056327853
0.11248455
0.15567535
-0.69869393
-0.45869067
-0.14192003
0.21045214
0.008651026
-0.22625694
-0.23016258
-0.43808603
0.43525785
0.41279247
0.031392116
0.16610728
0.18544155
0.22707136
-0.18070062
-0.15503661
0.33401603
0.3524628
-0.36479297
-0.044072263
-0.7808079
-0.26090533
-0.04307282
-0.38123205
0.09647053
0.15257159
-0.87041724
-0.018071815
-0.70941544
-0.32206887
0.006407716
0.1715162
0.62659734
0.07098743
0.44922766
0.37546983
0.068711355
-0.7651233
0.3163059
0.5463615
0.6017006
0.029474992
-0.16297695
-0.10061939
0.43796712
-0.1450251
-0.24497445
0.3976866
0.23097232
0.2756526
-0.33554265
0.07242215
-0.43410873
0.0696904
-0.10917544
0.025936276
0.15495655
0.12507762
0.29996145
0.10350465
0.6932229
-0.25837553
-0.21383646
-0.29096508
-0.49312398
0.17906262
0.111884475
-0.063969746
-0.07843461
-0.033957515
-0.12210498
-0.20092428
-0.01293629
-0.0845058
0.23803295
-0.21631512
0.19889456
-0.14004427
0.22314857
-0.32433474
-0.21914627
-0.19104882
0.026115138
0.17220183
-0.5293413
-0.45763278
0.060635384
-0.038298007
-0.042673256
-0.32904813
-0.083689936
-0.031540804
0.11303474
0.25470358
0.33470753
-0.33493686
0.17206818
0.18357311
-0.14163071
-0.10469043
0.044281375
0.07409966
0.1483545
0.030472709
0.07249094
0.07871924
0.23045826
0.076415196
-0.2682885
-0.26785558
0.20355664
0.20722552
-0.22609524
-0.107697465
-0.28318748
0.17379071
-0.22573169
-0.0013327029
0.247627
-0.027371805
0.5357416
-0.44100258
0.011962007
0.8921925
0.10112827
-0.22689512
-0.6050062
-0.16314816
0.5445436
-0.014033332
-0.26210868
0.13921472
-0.17787823
0.042147607
0.7064672
0.2980481
0.020887606
0.45612067
-0.24246325
-0.3082761
-0.36084816
0.24010861
-0.16300209
-0.048473813
-0.3241423
0.15327698
-0.112195484
-0.08508486
0.4790626
0.31354603
-0.23857583
0.37245923
-0.20168923
-0.5621173
0.34181488
0.14820498
0.07307028
-0.395336
0.15034239
-0.11648914
0.26692414
-0.20998566
-0.21482329
0.4926927
0.32082504
-0.30313727
1.1347005
1.1973453
0.04228234
-0.10715552
-2.2181857
-0.5425567
0.067961104
0.77583
-0.29821193
0.17955041
-1.1220369
-3.8464365
0.8029234
-0.8922409
0.68290675
1.4044263
0.51891375
-0.14120716
1.8367492
-0.18476823
0.1169821
0.14673108
0.20081447
0.12502131
0.26559463
-0.059970617
0.46970546
-0.89797693
0.24226728
0.534332
0.9447181
0.0062994584
-0.010841224
-0.8209159
-0.32386243
0.24373013
-0.042584684
0.9045287
-0.31830493
0.7734116
-0.27319884
-0.6585577
0.006885241
0.41162452
-0.90685076
0.09308988
-0.16212425
0.22922796
-0.0060964674
-0.75284046
0.19332618
2.337816
0.8085052
0.17149119
0.06070277
-0.81315905
0.19732791
-1.05581
0.59671056
0.0021502376
-0.7205449
-0.2704563
-0.89340425
-0.20578997
-0.23500976
0.24745284
1.8389333
-0.06444929
-1.3018682
-1.1622298
-0.33014238
-0.313728
0.9414889
-0.20831062
0.17237562
0.43692115
0.21313295
-0.319406
0.38220832
2.0029364
-0.032876916
0.64197373
0.42284095
0.14030653
0.563644
-2.2540169
-1.0652403
0.06273979
0.20745522
-0.08414716
0.8008529
0.072776146
-1.1959275
-1.1176376
-0.19924788
-0.17297065
-6.805195
-0.40551126
0.6720448
0.5037471
0.10975074
-0.7832893
-1.5951073
0.06073949
-0.66502845
0.64675075
-0.07754052
2.5926845
-0.5056026
0.20023441
-1.9846781
-0.8361951
0.05890824
-0.6560374
-1.0408589
-0.219379
0.16214488
0.78867686
-1.9160999
0.103197284
0.7559674
-0.4556565
-0.12569878
-0.5747823
0.1024535
-0.24955285
-0.07007966
0.21084444
-0.32240197
-0.08498648
-0.99746054
-1.2674466
-0.6937987
0.823097
0.37262422
0.082286306
0.21251886
-0.08034572
-1.1424836
-0.0007805669
-0.29952577
-0.13486713
-1.5938874
-2.3309278
0.27443495
1.5673685
-0.14500435
-0.8909443
0.31454048
0.3152047
0.17243002
-1.008935
-0.5657975
-1.1312666
-0.30449128
0.14564988
-0.09497576
-0.15630852
-0.5140737
0.38797396
-1.3724258
-0.31768307
-0.093243286
0.35766622
-0.86676973
0.19336438
-0.118654974
0.20101011
-0.24619186
0.37297744
0.14767238
0.19558458
1.6329703
-1.2950557
0.08845472
0.20842518
0.17850572
0.8771795
-0.25531372
-2.906904
0.2082648
-0.7013926
-0.14482561
-0.06047499
0.42467472
0.5028065
0.17479166
0.42909634
-1.8499568
0.42124
-0.735931
-0.2345487
-0.13884073
-0.41855702
0.004563123
0.552106
0.5051066
-0.32578447
0.068438165
-0.056972038
0.07258722
0.5747595
0.3530778
0.12534636
-0.11404336
-2.2173352
0.19201909
0.31893212
1.0632337
-0.29700702
0.6076335
0.4556546
-0.860761
-0.055079386
-3.1075125
-0.7502323
-1.1235031
-0.19028823
0.7226388
0.55752164
0.48942775
-0.7169492
0.30882815
0.10157662
0.08931139
1.6064516
-3.3039582
-0.060474813
-0.21191554
0.05341829
-0.13029644
0.5609768
-0.20590438
-0.026847014
1.5452671
-0.57567906
0.32436213
0.28179142
-0.4942884
0.26855338
0.58879197
0.3185878
-0.033437353
-0.20169865
-0.46372867
-0.27792302
-0.2708502
0.18121658
-0.23840171
0.12765363
0.029413493
-0.3512167
-0.7649183
-0.0036878313
0.49808723
-0.3504759
0.6521343
-0.1405238
0.35101005
-0.16093124
1.437048
-0.14987203
-0.111778945
0.0018215441
0.54968596
0.91772044
-0.26120073
-0.9692558
-0.15340379
0.6796125
-0.01663275
-0.31490314
-0.4677419
-0.11363113
0.33673412
0.022324175
0.4257275
0.36218598
-0.004874142
0.40950084
-0.17366438
-0.13603722
0.30625388
0.08307152
-0.55451435
-0.34473258
-0.5422971
-0.21597488
-0.3417504
0.48093605
0.19597456
0.50056386
-0.16527842
-0.25339627
-0.2205456
-0.1280151
0.52243894
0.22105198
0.44458777
-0.914406
-0.103229664
0.1415528
-0.63259465
0.031822234
-0.0627174
0.20786984
0.35832152
0.6216602
-0.6470196
-0.05835913
-0.15787517
-0.17423202
-0.22614987
-0.036332857
0.41539812
0.7831454
0.78353655
-0.09021455
0.04147636
0.39322183
-0.6668047
0.9023887
-0.16610602
0.3677686
0.05837669
0.2422031
-0.39324808
-1.1893414
-0.057818055
-0.35556015
0.10671126
0.3160986
-0.30628657
0.11451736
-0.62020713
-0.17713347
-0.07870836
0.21742466
0.07050575
0.664679
0.059877142
-0.2865029
-0.0900276
-0.26760134
-0.16454285
0.38366908
-0.05690599
-0.07704723
0.28048232
-0.2629767
0.608403
0.44632715
-0.14652741
0.3620483
-0.27885506
-0.25954676
0.31749415
0.31066105
-0.24026361
0.3978678
0.044945538
0.21734892
0.27172893
0.15517361
-0.27204156
-0.2579777
-0.18230897
0.20611478
-0.3593129
0.3395121
0.14345069
-0.41854864
-0.09109585
0.22562292
0.076913126
-0.35431045
0.122797854
0.1830566
-0.6384498
-0.14500852
0.1566138
0.06396786
0.49797767
0.22922926
0.8761936
0.45701897
-0.5198056
-0.44185546
0.2748118
0.10098602
-1.3692667
0.22892344
0.3971449
-0.067100376
0.012663633
-0.23954172
-0.24119306
0.31455445
0.011633229
0.5510628
0.116273895
0.21469095
0.08587434
0.65655273
-0.13124464
-0.29559687
-0.10577788
-0.30706358
0.7354694
-0.07284534
0.025203804
-0.55331117
0.37438446
-0.7684415
-0.03471725
0.0452264
0.40999416
-0.03597231
0.10772653
-0.6577798
-0.69438696
0.0682452
-0.039119147
-0.12443416
-1.8516988
0.7754924
0.3529535
0.08087914
0.31235766
-0.023941299
-0.40468428
-0.33427298
0.2835591
-0.093116075
0.74409235
0.121813044
0.3927076
-0.88492745
0.20547514
0.23918635
-0.61420685
-0.0047124536
-1.1610147
-0.011674526
0.7829581
0.22530459
-0.09682201
-0.42956644
-0.7886745
-0.69075227
0.39467558
-0.63791376
0.017512115
-0.22014575
-0.64107615
-0.14384785
0.1309957
0.29377338
0.3992298
0.22009365
-0.78327924
-0.4305144
-0.7210682
-0.094589785
0.09642603
0.3046639
-0.346463
0.9545794
-0.25073725
0.19004531
-0.009085715
-0.3947729
0.26799968
0.1785515
-0.6393255
-0.03747748
-0.15780231
-0.030337593
0.1462119
-0.0632637
-0.39282745
0.18670996
-0.14124995
-0.04486169
-0.18633245
0.15966216
0.21586436
-0.18736733
-0.095868036
-0.085051656
0.11965591
-0.32096967
-0.27495942
-0.018959582
0.32205915
-0.11329698
-0.3677024
0.014938235
0.11467051
0.3542191
0.5299134
-0.13517925
0.42556956
0.31341204
-0.1543722
0.30670866
-0.43828204
-0.36568245
-0.13976757
0.18776399
-0.78216094
0.16017611
0.39070123
-0.18332092
0.24985594
0.068168186
0.30413824
-0.056395408
-0.2226969
-0.17873628
-0.25546387
-0.07146537
0.11794558
0.02453741
-0.31648365
-0.06891372
-0.05085017
-0.28442514
-0.053844456
-0.2571683
0.42916763
0.04189107
0.1954601
0.04366958
-0.37515485
0.32347998
-0.22920668
-0.188691
0.007916969
-0.02053097
0.19600494
0.026864327
-0.29117897
-0.28585008
-0.22985011
0.21044728
0.17559491
-0.12991974
0.007895179
-0.11275368
-0.30274954
-0.3262927
-0.13461208
0.11683912
-0.6211812
0.20517634
-0.22736701
-0.9279534
-0.2536201
0.10373392
0.6824376
0.48705906
-0.014462927
-0.09702634
-0.08472553
0.16273941
0.24196205
-0.34745535
-0.6410873
-0.35356665
0.32151404
-0.38272962
0.03710152
-0.20054874
-0.28509012
-0.4256054
-0.36774328
0.061749924
0.28066382
0.24615775
0.35767075
-0.37906507
-0.15188925
0.40085298
-0.35380572
0.2616739
-0.4175147
0.055689562
-0.030278994
-0.043125395
-0.111544944
-0.3530567
0.48077294
-0.113723174
0.14191155
-0.16732685
-0.25713345
0.4281521
0.13447334
-0.19097972
0.5486696
-0.37697992
-0.7267513
0.86688364
-0.3658397
-0.4474878
0.6162166
0.18676575
-0.0072693946
-0.096166134
-0.3651187
0.02962994
-0.34472054
-0.4738815
0.55902624
0.43968636
-0.39018854
0.34601712
0.2411781
0.018911514
-0.31797057
0.3207097
-0.38201803
-0.11737687
0.008725961
0.21172363
0.30251554
0.2988904
0.10189209
0.8657413
-0.23395243
-0.34334475
-0.30309024
-0.4669724
0.3007115
-0.2305745
-0.028520895
-0.21021664
0.2856675
-0.230186
0.3351844
0.4597319
-0.23835301
0.21126395
0.71049374
-0.14729673
-0.4254041
-0.03793338
-0.6083008
0.12042138
1.085352
0.21527228
0.5092477
0.06842983
-0.037482113
0.7474211
-0.22865629
-2.1207402
-0.5686902
-0.14372891
0.53457797
-0.17404442
-0.29735884
0.111130476
-1.2611586
0.33273527
0.16306353
0.025281897
-0.38993672
-0.040871844
0.5579548
-0.046640728
-0.17774405
0.23666486
0.19781202
-0.16274336
-0.029084258
-0.22846258
0.31851095
-0.2830894
0.114239946
0.39440438
0.046977986
0.44872338
0.5967798
0.20990558
0.68725836
0.09683427
-0.30862445
-0.08611289
-0.30129322
-0.23906253
0.6828421
-0.28797323
0.9997514
0.08592601
2.069248
-0.17252594
1.007593
0.44672415
0.32367748
0.17553599
-0.052044272
-1.4463729
0.23312329
-0.62660885
-0.2630869
0.34478724
-0.32817385
1.0365982
-0.25822216
0.2546724
-0.41812542
-1.2869716
-0.9511674
-0.29382953
0.119061165
-0.13360566
-1.3662642
1.1921998
0.6115208
0.25136468
-0.3817455
-0.0534676
-0.4737096
0.14243001
0.106309555
-0.5584002
-0.00094670046
0.12423247
-0.24602067
0.09300928
0.11173022
-0.7357858
0.15372647
0.4228992
-0.03621115
-0.16237885
0.055011652
0.2663358
-4.972168
-1.0762472
-1.4254459
0.62777627
-0.103764646
-0.20367585
-0.7730992
0.24458851
0.00088725635
1.0701567
0.4443722
-0.5678106
-0.028075233
0.07079874
0.3111338
-0.0646545
0.097070105
0.54120547
-0.23471223
0.28032205
-0.20275621
0.04420359
-0.3081585
-0.32566458
0.4948902
0.10461372
-0.26254237
-0.3087798
-1.0419297
-0.7869538
0.6856882
-0.006603109
0.24639311
-0.2540831
-0.050314784
-0.30092588
-0.40683192
-0.17292608
-0.08388041
1.0407269
-0.28542212
-0.36989963
-0.072648324
-0.0009610355
-0.37083328
0.06645176
-0.22136296
0.09645312
-0.61671984
-0.026949689
0.2759751
-0.2969269
-0.03234878
-0.13607459
-4.4175444
-0.14469135
0.37833783
-0.22340605
-0.07073528
0.1884153
-1.8496308
-0.026511807
-0.051687423
-0.33416012
0.22072788
-0.18537132
0.15110521
-5.2813625
-1.6522017
0.1829006
0.32294226
0.22282317
0.3620661
0.1244651
0.26764023
-0.024293285
0.05708174
-0.15477735
0.22404985
-0.7223124
0.30594224
0.6262175
0.6503632
-1.2940974
1.1758385
0.13820577
-5.641296
-0.464979
-0.22337823
-0.24143592
0.21153836
0.14313409
-0.05648859
-0.24018888
-0.40338904
-0.20528041
-0.16576679
-0.24652028
-0.91122025
-0.0115646655
-0.047149703
0.0332948
-0.42262816
-0.01171163
0.09379042
-0.15134265
-0.30768415
-0.13124585
-0.20845927
-0.028019518
-0.16007084
0.07781247
0.25704575
-0.20425582
0.23907709
0.33390227
-0.24752767
0.046379
0.016763879
0.3511871
-0.25964025
0.33646318
-0.22509396
0.1806557
-0.44385955
0.11781327
0.056604803
-0.37234166
-0.08411044
0.17836353
0.23773296
0.09945778
-0.0912478
-0.17790328
-0.036320806
0.5010197
0.3066484
0.43121362
-0.07602293
0.0535885
-0.075274386
-0.28720903
-3.915088
-0.37573335
0.7311633
0.03230095
-0.003989771
-0.2714751
-0.4526623
-0.02611901
-0.3498377
0.40355766
0.4481476
-0.1484427
-0.19950528
-0.26582056
-0.56582046
0.06091035
0.2134142
0.8019201
-0.2368075
-0.34796706
-0.14466225
-0.2374543
0.08438658
0.70488673
-0.16739988
0.7428271
-0.11800477
-0.45411357
0.37104294
0.2706636
0.15997885
0.20028299
-0.42255756
0.42568412
0.022635313
-0.068502486
0.093205705
0.344048
0.5678751
0.22394747
0.1102069
-0.16564055
0.5008854
0.326151
-0.27533677
-0.058642212
-0.12627025
-0.104496256
0.11608387
0.11929986
-0.45150462
0.19622341
0.43459332
0.5154156
0.17631105
0.09218219
0.5707711
0.19030778
0.018897025
0.122001715
-0.06984068
0.008915403
0.5317228
-0.3431817
0.45964116
-0.5075167
0.35368565
-0.56567955
0.07251811
0.36599046
-0.121109664
0.1630579
-0.5873
0.16241954
-0.083779216
0.21350446
-0.35073632
0.774307
-0.15604533
0.14811368
-0.10246439
0.37789446
0.02149033
0.08332772
0.14002572
0.22309348
0.43126488
0.117039084
-0.07633676
-0.06982833
-0.052901983
0.34842148
-0.04858249
0.28404406
-0.0038493967
-0.25315446
-0.26891124
0.30822924
-0.49170458
0.41874832
-0.005338478
-0.23467644
0.5620927
-0.28668326
0.29778486
-0.2829615
-0.2622012
0.17019714
-0.2387328
0.56288034
0.076180324
0.28017178
-0.29644763
1.1552142
0.4018039
-0.16528055
-0.013169296
0.34498587
-0.16183062
0.09017911
0.13760954
0.46465
0.43466407
-0.29129422
0.17166631
-0.011045992
-0.076065846
-0.05641784
-0.33633122
-0.3087599
0.26240408
0.4473477
-0.35086355
-0.4659339
-0.08199211
0.2091515
-0.41696334
0.02712712
0.04105912
-0.13076366
-0.52763826
0.06895608
0.4856926
0.13772468
0.15950592
-0.33329028
-0.416874
-0.38399196
-0.11990786
0.41603556
0.14964041
0.21364456
-0.5009899
0.36194682
0.023730045
-1.0560936
-0.007141094
0.2048923
0.6150235
-0.19703126
0.5949684
0.24798512
0.0900066
0.13704431
-0.318099
0.7648458
-0.50296885
-0.2756776
0.082005024
0.31881246
0.41451043
0.25405538
-0.09841639
-0.38711858
-0.14888097
0.3897397
0.04410322
-0.38250053
0.11633104
-0.011336074
-0.2680337
-0.08498792
0.12710686
-0.13590688
-0.67036223
0.5546491
-0.044866357
-0.35466793
0.21237741
-0.1463946
-0.5990774
0.043411892
-0.11115416
-1.2958515
0.18592805
0.21749242
-0.52481294
-0.08322127
-0.42499757
0.028027736
0.17083596
-0.024412308
-0.07323921
0.23582259
-0.11214381
-0.06922686
-0.1667591
-0.330682
-0.17117836
0.09899694
0.30848294
-0.021713803
0.44068742
0.16697857
-0.11290022
-0.31934735
0.19603792
0.09920981
-0.21162127
-0.19630352
0.06842334
-0.33509135
0.032989044
0.28571323
0.2523864
-0.25703847
-0.30935556
0.075022124
0.5969649
-0.32713076
0.28265566
0.08124549
-0.30520967
0.12544313
-0.23030703
0.22903097
0.13277106
-0.13488375
-0.2602312
0.13299602
0.1406992
0.04577403
0.15910996
-0.32755867
0.012596238
-0.15766615
0.062430885
0.36469385
0.19469444
0.08585577
-0.18272176
-0.28034225
0.170763
0.20361017
-0.3128223
-0.05601235
0.22803198
0.15776685
-0.09886862
0.031556424
0.2331572
-0.24137777
0.29038325
0.023405047
-0.37512147
-0.12591198
0.29620117
0.10255083
-0.26852277
-0.012000818
0.17469622
-0.3686553
-0.29807147
-0.05482386
-0.05133663
-0.34809348
0.06557998
0.093904264
-0.179343
-0.24994066
0.09830034
0.15576494
-0.33404168
0.31614402
-0.24181406
0.018280774
-0.0068202335
0.44673946
-0.09247274
-0.07250251
-0.07050242
0.08546095
0.10579762
0.33734772
0.059583306
-0.005151579
-0.29817507
-0.068366714
0.34363145
0.1545992
-0.35820302
-0.0021505435
-0.27729017
0.20418084
0.15149409
0.021283595
0.05801005
0.13582526
0.25783744
0.011498143
0.21523908
-0.30780187
0.005482715
0.18962619
-0.036998242
-0.110470235
0.12610711
0.03051035
-1.3257917
-0.089331545
0.54374015
0.5211438
-0.41483882
0.19479845
-0.1470226
-0.48449636
0.31343165
0.109969825
-0.76264644
-0.6461799
-0.033605516
-0.14393564
0.17522238
0.15400508
-0.4903794
-0.12994584
0.096539594
0.110698335
0.096287556
-0.087377585
0.30588588
0.36402753
-0.006460607
-0.30042058
0.0059709544
-0.51787335
0.06628153
-0.93673384
-0.07416077
-0.11902694
-0.9046473
0.05581569
0.23002064
0.27500063
-0.052981835
-0.46164116
0.27354854
0.017233256
-0.023252932
0.5201078
0.23310468
0.15981518
-0.07801188
-0.09400374
-0.15346038
-0.11756237
-0.36336502
-0.01389929
0.7252781
0.06872508
-0.08890286
-0.0064557306
0.05486306
0.56481844
0.28537643
-1.0626882
-0.42124322
-0.007872591
-0.058268767
0.14949298
0.08652809
0.17703068
0.2902545
0.2653534
0.20524648
0.38913333
0.49864066
0.31850109
-0.34456748
-0.11210097
-0.569213
0.70254934
-0.28453362
-0.22736046
0.17496806
0.4433854
0.22530067
0.45153987
0.0074195224
-0.006327014
-0.26201147
0.02747605
-0.10348764
-0.04909778
0.25043356
-0.15083377
-0.062093664
-0.004373864
-0.14388089
-0.44732305
0.00890955
-0.20223683
-0.037723396
-0.025564454
-0.685599
0.42943576
-0.5521135
-0.64552045
0.14173084
0.10299047
-0.7158275
0.056050736
-0.08010523
-0.05757284
-0.0059268665
0.029231526
-0.04984459
0.9195033
0.1790669
-0.10595983
0.07535499
-0.00013257992
0.18460537
-0.078522906
0.072509445
-0.2126983
-1.5118898
-2.5897675
-0.32478473
0.14076555
0.23350377
-0.059625074
0.61728245
0.9807573
0.14320895
0.18302734
0.57219285
-0.06151125
0.109307006
0.4550833
-0.17584485
-0.61229545
-0.23397672
-0.012301864
0.15894648
-0.11478469
-0.30611342
-0.7924591
-1.5788485
0.0090398025
-0.029609809
-0.10820964
0.07676139
-3.715037
-0.90808284
-0.12795274
0.31188095
-0.7521765
-0.15924664
0.2956122
0.0797134
-0.28246784
-0.12571993
-0.1984077
-0.5719376
-0.7202876
0.29107633
-0.06725452
0.04304795
-0.33007354
-0.07431164
-0.16057926
-0.41500476
0.0069669187
0.04923329
-0.116858125
-0.2677909
0.20487511
-0.27086237
-0.38614395
0.20870835
0.6782811
0.30197307
0.034139946
0.9622016
0.21811491
-1.0395598
-0.58317006
0.63755625
-0.03210481
0.19087574
-0.13089474
0.08686328
-0.17845885
0.91966295
-0.12888184
0.3521232
-0.15150914
-0.11093535
0.898411
-0.5754398
-0.031421836
0.26376313
0.36246946
-0.8795904
-0.14564921
-0.3082046
-0.095681705
-0.28895095
0.023834884
-0.4506018
-1.6961923
-0.17509806
-0.23786886
1.4416206
0.544171
0.3863401
-0.9534733
-0.026911248
-0.017237972
0.30514985
-0.19834054
-0.10606664
-0.040339805
-0.1569143
0.17115653
-0.4660696
0.42448047
-0.24879211
-0.053258628
-0.259786
0.4042504
0.05729609
-0.045028947
-0.022846252
0.002038362
0.02807446
-0.09425658
-0.31530452
-0.23281592
0.0760661
-0.52520907
0.39467317
0.033933356
0.14537974
-0.49534827
0.39515725
-1.0731302
-0.093629956
-0.18212715
-0.22053398
-0.046597198
0.50994605
0.0481774
0.17385115
-0.25250587
0.29583064
0.09939897
0.06787647
0.19659433
-0.2935071
0.38393563
-0.12309228
-0.13980381
0.091674626
-0.097989306
-0.511954
0.07985762
0.08365241
0.09943699
0.10031192
-0.33918014
-1.6789383
-0.52236223
0.25513384
-0.05204407
-0.18230034
-0.29702628
-0.17547962
0.23694123
-0.61798424
0.2940255
-0.22636032
-0.5471672
0.08538651
-0.18572761
-0.33340308
-0.31392467
-0.26426688
0.061844993
-0.62904024
-0.5571915
-0.38470492
0.24706405
-0.13277991
0.019794583
0.15093791
1.3048053
-0.2272501
-0.102422126
-0.441474
0.45117557
0.030954149
-0.28606272
0.3758965
0.13083531
-0.30382985
-0.15536718
0.51484334
0.54511
0.6963634
0.11645368
-0.07815275
0.080630064
-0.17841908
-0.24525347
-0.14649124
0.49128866
0.17677832
-0.24762328
0.47039402
0.040452942
0.1718326
-0.40473267
-0.49382514
-0.041541494
-0.22709465
0.8117021
-0.6229211
-0.04700159
-0.17931966
-0.8065684
-0.019588342
0.011401912
-0.36946696
-0.51707476
-0.040978927
0.12515905
-0.5555523
-0.34683916
0.3006827
0.048181966
-0.41721892
0.059825238
0.34081247
-0.028822511
-0.11819661
0.1425752
-0.7690878
0.18616223
-0.14024648
-0.35318965
0.34618032
-0.77368253
-0.28588697
0.24943957
-0.36731544
0.09968833
-0.21406491
-0.024513984
-0.4881973
0.27771914
0.2097397
-0.21921141
0.30794847
-0.016381824
-0.1340107
-0.49324453
-0.008983977
-0.20160145
-0.015553771
0.18926625
0.1733971
0.3620974
0.10154004
0.123030014
0.2732418
-0.33697617
0.2708295
0.3221126
0.21644492
-0.15005064
0.07669378
0.111470975
-0.43660775
-0.3120194
0.60573244
-0.12822118
0.047358662
0.08475395
-0.37366775
0.09334457
-0.14699332
-0.49795154
-0.11882568
0.17264678
-0.23954308
-0.24379069
-0.0056384383
0.13549435
0.1670833
0.21743096
-0.062999636
-0.67220014
0.030881857
0.15957862
0.1698632
0.018279845
-0.069376215
-0.09684703
0.25755537
-1.2988411
0.0010239386
-0.23934306
-0.1883886
-0.13213524
0.032490794
-0.45485806
0.022835892
-0.1422855
-0.3643636
-0.02624047
0.024861483
-0.37466195
-0.38319722
0.06196161
0.022713099
0.23464285
0.26307485
-0.3010158
0.18277557
0.20369655
-0.2493454
-0.011292056
0.33494803
0.058553677
-0.12777713
0.11050924
-0.21530923
-0.1905816
-0.18629196
0.12289365
-0.059314664
-0.21385914
-0.19443604
0.36959156
0.06621363
-0.35694295
-0.54825103
0.20306559
-0.24357566
-0.106286086
-0.3101369
-0.010718984
0.06112718
0.35643074
0.032322675
0.37775552
-0.16395813
-0.38148183
0.7110871
-0.06693862
-0.50358623
0.35109264
0.45105645
-0.08576797
-0.23438832
0.015470421
-0.21859601
0.095539756
0.09952621
-0.2620635
-0.20083036
-0.7637105
-0.7031779
-0.0400894
0.15378103
-0.029377641
0.19361016
0.09701828
-0.14353585
0.18966152
0.08681444
0.1820562
0.2683093
-0.15551722
-0.6221576
-0.17328204
-0.04952667
0.06221302
-0.006259577
0.04742895
-0.17823257
-0.18554705
0.05452078
0.3364384
-0.108585745
-0.099208176
-0.07608279
0.28062415
-0.21630386
0.2511426
-0.16594023
0.019702174
-0.08722189
-0.20724365
-0.06738774
-0.16061229
-0.0048128115
-0.24849422
0.03966131
0.2679226
-0.33032072
-0.28828055
0.33634332
0.3959884
0.19695891
-0.06314313
0.56679326
-0.0019448523
-0.27199456
-0.26403573
-0.18392847
-0.25926
-0.3680257
0.06429544
0.30300388
-0.20743755
0.23357023
0.34048128
-0.24194492
-0.16306041
0.09654623
0.26822478
0.24937974
-0.11842379
0.032350127
0.3204149
0.21211542
-0.325325
0.07893595
0.064798914
-0.35338643
0.07946658
0.2128571
-0.3197908
0.16819443
-0.14267233
0.16191605
0.24330612
0.07280943
0.3176834
0.13119756
-0.12928703
-0.0832544
-0.12316197
-0.21023642
-0.07914241
0.093612954
0.34978846
0.020989826
0.22030368
0.26127136
-0.13971251
0.084328346
0.33950865
0.0867655
-0.28865635
-0.02172883
0.31856132
0.20819567
-0.3114119
0.15146361
-0.32333708
-0.15111046
-0.18882301
0.10943243
0.375573
-0.06557942
0.1592435
-0.0830402
-0.003136431
0.26205644
0.0654352
0.123659536
-0.09992335
-0.1765146
0.2338896
-0.09279816
0.19630918
-0.010532372
-0.44263783
-0.30096906
-0.18534008
0.61693394
-0.26687795
-0.122118354
0.20941135
-0.27938443
-0.11154133
0.16148801
0.117494784
-0.34709418
0.015703239
-0.3397401
-0.32897124
-0.27864906
0.0060648965
0.0025910318
0.13821135
0.09582577
-0.009403831
-0.0045793764
-0.3251881
-0.55588615
-0.20361531
0.124929085
0.06052068
-0.630717
-0.21592689
1.5597694
-0.27808478
0.27485362
0.58257127
0.16506357
-0.2119329
-0.03027828
-0.22686653
-0.11324486
-0.71863616
0.201523
0.6624194
0.3202154
-0.052783806
0.03714124
-0.70655954
0.3563471
0.14045914
0.7061423
-0.7525157
0.34653628
-1.6763778
-0.2520028
-0.22531149
0.027947651
-0.06255661
-0.31572825
-0.14132077
0.43128523
0.12860225
-0.15966167
-0.019204013
0.025679816
-0.22390762
-0.46711996
0.060572714
0.12352282
1.018344
0.105485976
-0.4710585
0.40527433
0.31758827
-0.27138236
-1.7880739
-0.17216675
0.30666652
0.5004398
-2.3495429
-0.8073083
-0.04498416
-0.127032
0.12672141
0.1404987
-0.026090113
-0.47086918
-0.15380985
-0.509025
0.017559167
0.0037237145
-0.13714188
0.60503125
-0.055743385
0.026686996
-0.29230392
-0.18070637
-0.02072379
0.36728048
-0.1320899
-0.14990447
-0.48536628
0.29841954
0.018904906
-0.1389938
-0.703935
-0.15609479
0.06320834
-0.0067369044
0.048357036
0.036922373
0.011140553
0.087182455
-1.867965
-0.195398
0.23974638
-0.3972356
-0.108089305
0.22702391
0.06757224
0.31141427
0.1228252
1.0478123
-0.13831732
0.10451913
-0.103058815
-0.09568031
0.018501297
-0.16988513
0.9859856
-0.2958278
0.023907645
-0.295285
0.5714263
-0.24210367
0.1014127
0.31743637
0.16774492
0.174416
-0.35027838
-0.5270429
-0.41414702
0.109905
-0.30446947
0.10804246
-0.24049442
0.17461891
-0.37857914
0.09203568
-0.11491601
0.2434377
0.16228451
-0.13509357
-0.43137872
0.13622677
0.0037363404
0.110534154
-0.25405064
0.13509482
0.09216571
0.0500665
-0.3088935
-0.102560245
-0.7269524
-0.30474356
0.1489713
0.17120165
-0.16105548
0.10389644
-0.18524897
0.3215577
0.1785914
-0.1798359
-0.43397427
0.03475991
-0.34018463
0.36486548
0.38576698
-0.15334418
0.059900947
-0.2677221
-0.0997504
-0.14591452
0.09423735
-0.2010168
0.3270771
-0.45886314
0.22840667
0.028030213
-0.049998008
0.030043216
-0.17177151
0.29379302
0.34021604
0.08063388
-0.2493618
-0.056931287
-0.064239904
0.19352768
-0.22634055
-0.10253944
-0.1155445
0.09675569
0.23584163
0.28125754
0.12033066
0.18402304
0.2302361
0.084834196
-0.007876672
0.30355725
-0.29871032
0.30190635
-0.25221026
-0.39332157
0.21275541
-0.25107455
-0.075775474
0.05554358
1.1362405
-0.0014297065
0.3135617
0.03479104
-0.1907366
-1.2202339
-0.13114591
-0.10193154
-0.26985916
0.30177826
-0.18384652
0.23442094
-0.022772614
0.47824615
-0.0907525
-1.3141367
-0.18062547
-0.2264369
-0.30683377
-0.21496919
-0.5180415
-0.27181405
-0.24398254
0.03382728
-0.08532907
0.6007015
0.10249008
-0.109465025
-0.23719826
0.2157251
-0.050656885
0.26138365
-0.063411325
-0.12695293
-0.06423799
-1.8967917
0.20194747
0.325392
0.02961935
0.3249407
0.039064154
0.5100095
0.00968948
0.110273354
-0.19158298
0.1268125
-0.1360223
-0.4582479
-0.028726125
0.20513728
0.1610632
-0.41011086
0.15391858
0.097758405
-0.008597024
0.18856333
0.41510928
-0.37223464
-0.1983151
0.064583614
0.008398054
-0.037842676
-0.41884983
-0.09139615
-2.4785675e-05
-0.17959014
0.1433881
0.025091337
0.20178354
0.28778422
0.02656005
-0.3963228
-0.039935526
-0.19727665
-0.0111310715
-0.15622659
0.1645248
0.34373963
0.1195299
0.045997653
-0.07442468
0.32809472
-0.08398737
0.0749409
-0.2892952
-0.24719457
0.022566646
0.56349856
-0.28588793
0.19915324
-0.09299563
-0.07776466
0.25524965
0.1505373
0.8838174
0.0956738
-0.3714121
0.22674997
-0.44498324
0.16595854
-0.03202229
-0.080911264
0.011289195
-0.07076082
0.024453193
-0.203572
0.15693562
-0.03367094
0.088393286
0.4587523
-1.0183561
-0.23216324
0.26249
0.045904785
-0.32136583
-0.14654012
-0.041677542
-0.11106342
0.21813494
-0.27367333
-1.1418779
-0.22623572
-0.23307131
0.109548084
-0.10409144
0.36643386
0.011408046
-0.062403683
-0.25076544
-0.6781677
-0.66745806
0.37838757
1.2093682
-0.07638267
0.43973532
-0.05071371
0.013169532
-0.3340083
-0.03601771
-0.21095239
0.008043533
0.06370878
-0.034197256
-0.0013672687
-0.0741679
0.07446909
0.04107584
0.100238
-0.09184606
-0.020834135
0.012042449
-0.31458664
0.2686039
-1.0324711
0.096563615
0.042104747
-0.07871414
-0.1140434
-0.012945063
-0.13438782
-0.13740747
0.06551314
0.20073693
0.17776771
0.0065895175
-0.020103311
0.02325055
0.48434857
0.107422814
-0.022661991
0.2245723
-0.2250612
0.12952273
0.0038013423
0.078229465
-0.026301727
-0.43771094
0.31136942
0.33475417
0.07429179
-0.08821698
-0.1590557
-0.8140231
0.006649517
-0.19734302
-0.056201465
0.0002561073
0.46524706
-0.03225379
0.08952609
-0.010269136
-0.11741367
-0.2585662
0.025853591
0.09432619
0.14425689
0.12592342
-0.4475924
-0.3045545
0.09071583
0.21902339
-0.071165025
0.3169667
-0.38767144
-0.3873905
0.08877751
-0.029673904
-0.22783531
-0.04242301
0.16017812
-0.13212343
0.20336087
-0.24055518
0.20260574
0.20075741
0.22931987
-0.16037187
0.033314276
-1.0357522
0.04838201
-0.012346375
0.013362791
0.010471394
-0.0686286
0.03128615
0.6724155
0.28313383
0.44187164
-0.10318263
0.039104853
0.1378894
0.10810777
-0.12593728
0.084342405
0.34699708
-0.23173454
-0.058465894
0.10928763
-0.08215412
-0.18448041
0.09686607
0.26121494
-0.23169124
-0.18877466
-0.09524117
0.22172163
-0.2834072
0.37451598
-0.07447756
-0.15449424
-0.046245407
-0.27067268
-0.20685577
0.07064313
-0.43132824
-0.042584486
0.21194988
0.05299949
-0.3586465
-0.0031052164
0.36410522
-0.030314619
-0.19749531
0.06398596
0.44297168
-1.0179071
0.03211798
-0.0172719
0.21044233
-0.09873759
-0.21164334
0.115940645
-0.02734229
-0.13414897
-0.008251119
0.1504573
0.058056004
0.062159594
0.08355607
-0.3247084
-0.23588331
-0.006041009
-0.057721317
0.018715281
0.015843866
0.29558402
-0.21942432
-0.1087263
-0.018090462
-0.2934177
-0.04173708
-0.042942464
0.06449567
0.2006175
-0.29174432
-0.80970585
0.067616634
0.7088441
0.21814692
-0.03681267
-0.033354275
-0.011339641
-0.008611353
-0.42367107
0.25551134
0.20148417
-0.22356443
0.091899805
0.027575701
-0.15593141
0.14128119
-0.10481406
-0.29203862
-0.05995801
0.068356425
0.052630544
0.1827564
0.50744426
-0.075265
-0.041927174
-0.15838358
-0.11417905
-0.20783699
-0.8580266
0.020466367
0.21159236
-0.21085683
-0.34575626
0.00012239814
-0.5529992
-0.26368168
0.004185865
0.13862482
0.27188292
0.041044723
0.025462223
-0.07739253
-0.48382583
-0.71893036
-0.18365441
0.1377808
0.2531096
-0.07371311
-0.097525425
-0.34147942
-0.03961409
-0.3110652
0.23115793
-0.09591754
-0.07265761
0.057399955
-0.32239747
-0.31580552
0.2509595
0.081343025
0.3788876
0.22628412
0.12852795
-0.10883636
0.14450331
0.37797865
0.007477139
-0.07932338
0.04598786
-0.54558927
-0.09392646
-0.267288
-0.14894594
0.42944732
-0.32220903
-0.17056972
0.24840593
0.11447573
-0.001247178
-0.2844404
-0.07747019
0.51006395
-0.14721526
0.39362186
0.77672803
0.39575338
0.2510412
-0.06335926
0.5622862
-0.17094567
0.30933717
-0.00739546
0.08969597
-0.10521959
0.07334319
0.23479566
-0.24094486
0.27487695
-1.6861343
-0.29437706
0.041014165
-0.01774249
-0.19082634
-0.24594277
-0.10792049
0.10878233
0.0803862
-1.1537129
-0.34297445
-0.017860668
-0.6463205
-0.023717785
0.5909723
0.24848686
-0.12938796
0.18213129
0.39819944
-2.510526
0.12949036
-0.3603763
0.21711308
-0.96725965
0.3745995
0.3175885
-0.95987755
0.14204587
0.10613829
-0.088359326
0.20136362
0.200376
-0.028354077
0.14245766
0.21757765
-0.25694624
0.053491563
-0.09206261
0.16532707
-0.10100548
0.3542117
0.18638462
-0.09273192
-0.1995861
0.3555701
0.23337874
-0.30232152
-0.421889
0.18041943
0.15359652
-0.10297464
0.12164829
0.18452412
-0.2625986
-0.71009123
-0.34638175
0.098523326
0.29258063
-0.56150657
-1.8565966
-0.25147286
-0.2756825
0.24369466
1.2562236
0.23529631
-0.34210205
-0.18148024
0.17301297
-0.020334775
0.16900441
-0.07088066
0.09323308
-0.28094745
-0.37610316
-0.18329014
0.029358158
-0.15210404
-0.1722184
0.06820083
-0.31253272
-0.4034969
-0.117682606
0.18840206
-0.21641321
0.14918965
0.22444803
-0.044341106
-1.1409562
-0.076802544
-0.13386232
0.3266123
0.28453603
-0.3743498
0.120936036
0.0037047032
-0.0038141906
-0.025321037
0.017204428
-0.09209856
-0.3302647
-0.118936986
-0.32689613
-0.14191233
0.17024684
-0.7797955
0.16492712
0.11182884
0.23601475
0.008329588
-0.14509314
-0.10154309
0.3065794
-0.06517969
-0.24194029
0.2605384
-0.9007847
0.081150845
0.70290595
-0.46641764
0.307275
0.32567585
0.4912128
-0.3053232
0.12645008
0.100922614
-0.34625778
0.080503225
0.09816758
-0.24487467
-0.00024584387
-0.3454604
0.0993351
-0.27403587
-0.096053906
0.070898265
-0.064729445
-0.042042337
-0.0129954815
0.43948713
0.4957934
-0.42209202
-1.0721052
0.05795001
0.059412654
-0.10741545
-0.11900407
0.52642536
-0.2616767
0.0011532903
-0.2701416
-0.16254719
0.5325299
0.2427823
-0.56145036
0.7057785
0.09577678
0.29104427
-0.016233357
0.31946108
0.2879269
-0.2718394
-0.028078238
-0.23379123
0.29819423
-0.048753835
0.22456287
-0.2192374
-0.05902067
-0.10199543
0.21441743
-0.08596388
0.17147903
-0.12495093
0.047232747
0.049292307
-0.13261485
-0.024341365
-0.23131618
-0.0929864
0.20594645
-0.24286795
-0.40818954
-0.21656449
0.34716386
-0.3067911
-3.501235
0.69532037
-0.7374099
0.4630451
0.11650734
-0.059102815
0.06621966
-0.41107637
0.04824985
0.5721516
-0.103662364
-0.020932294
-0.0135343475
-0.08554009
-0.0019513046
0.1893482
-0.24627282
-0.31566712
0.13580415
0.03983484
-0.01965499
0.18624727
1.402332
-0.2564016
-0.048538502
0.06436632
0.08874939
0.67665815
0.3636055
0.012835763
0.027273059
0.049319327
-0.030970186
0.28471842
-0.30785522
-0.8982273
-0.36261553
-0.22328374
0.19147585
0.61275923
-0.0812653
0.22110777
0.0024835954
-0.25185108
-0.024405811
0.46485204
-0.48003298
0.38396612
-0.39900923
-0.012478113
-0.5759632
0.21294142
0.21467705
0.044297185
0.042503763
-1.094966
-0.058417454
-0.8371743
-0.020130737
-0.18377987
-0.13177362
-0.7734775
-0.12664984
0.14279062
-0.23530707
0.18446794
0.38344687
0.07187408
0.06752606
-0.027587157
0.3089703
0.28560337
0.007945478
0.079957016
-0.09023424
0.57297665
-0.053023957
0.14776994
0.7002586
0.013007086
-0.22656456
-0.007985753
-0.036532514
0.2186589
0.11295645
0.16655274
0.09725173
-0.050140187
-0.094068356
0.19916539
0.41175985
-0.31218663
0.37225708
0.34229627
0.0044049984
0.30697942
0.134673
0.25476372
-0.31660163
0.3435238
-0.559337
-0.023662742
-0.27328882
-0.46173334
-0.25486088
0.0751739
0.25765455
-0.054757524
0.13603145
-0.15104255
-0.15409543
0.079913825
-0.08855594
-0.20480597
-0.23779708
0.021033479
1.0207889
-0.13725635
0.024730919
-0.021204764
-0.016247496
0.28254223
0.19550353
0.018497806
-0.13565247
-0.008612743
-0.20498273
0.15205218
-0.24753323
-0.111538105
-0.10051277
-0.37426957
-0.03671731
0.17913492
0.16603054
0.42906085
-0.11468367
-1.5754689
0.13126992
-0.14371303
-0.087757826
0.12808482
0.017198125
0.09793652
0.20204717
0.061259817
0.01866744
-0.222492
0.46806505
-0.2742536
-1.3643892
0.40424192
-0.20515098
0.29355437
0.24151771
0.07858885
0.168072
-2.6829677
0.3569199
0.23213884
0.003667719
-0.058047466
-0.02898377
-0.23897281
-0.32911402
-0.09886609
1.2430639
0.06576712
0.40957925
-0.46316537
-0.35407898
0.05562191
0.35621098
-0.14848316
0.051195085
0.9755643
0.0052228924
-0.13197775
0.12568773
0.092740715
0.18447812
0.2939278
-0.1012947
-0.34598386
0.23922141
0.1324584
-0.21101683
-0.2037429
-0.013674611
0.12119143
-0.03169158
-0.18653853
0.1997425
-0.2810029
-0.042757537
-0.020945707
-0.056006126
0.01876873
0.3175265
-0.32107836
-0.20629501
0.22662398
-0.12100554
0.20414011
-0.49805197
-0.0041447068
-0.002351242
0.002713461
-0.050345674
0.61242205
0.24614528
-0.026842967
0.24859592
0.2768732
-0.2414232
0.20983225
0.1530938
0.21766073
0.13601889
-0.51519024
0.1901834
-0.4227345
0.093166925
0.241939
-0.24612702
0.3035806
0.282771
0.19013424
-0.09777449
-0.15653148
-0.2242166
-0.4027912
-0.14142601
-0.099463545
-0.05237525
0.14598177
-0.41906476
-0.2841198
0.10611723
0.1685282
0.25703397
-0.20676143
-0.07924193
0.10237147
-0.12031412
0.2696206
0.05241242
-0.70132244
-0.31466076
-0.0064030075
-0.18899934
-0.19541728
0.5820127
0.25335553
-0.17376345
-0.81892604
-0.45603696
0.044143725
-0.32818547
0.1419669
-0.13381918
-0.08647647
0.099793926
-0.67411935
-0.13470507
-0.16483772
0.057205737
0.12118126
0.12658748
-0.24066505
-0.33285254
-0.22754806
-0.835902
-0.00054174534
-0.3284531
0.11781536
0.32798237
0.3300049
0.15391015
-0.020833656
-0.098960444
0.09143939
-0.12438368
0.18751381
0.20524175
0.5114123
0.324752
-0.95055884
-0.060968213
-0.09093797
0.4552468
0.026501562
0.15050551
0.28678668
-0.3019008
-0.04899825
-0.24981076
-0.2624616
0.15867984
0.123448946
0.25480744
-0.130857
-0.45481297
0.080691025
0.111273386
0.23875126
0.42394292
0.31888205
0.253815
-0.23498172
-0.29945526
0.03899921
-0.09051973
-0.26743764
-0.008518032
-0.3688157
-0.117854685
-0.111380816
0.29127002
0.24833909
-0.31251025
0.21475255
-2.236543
-0.19876504
0.30560204
-0.942686
-0.050069936
-0.036666457
-0.3346569
0.58590317
-0.07453107
-0.19275747
-0.3261844
-0.44370043
0.061317377
0.24754547
0.30908388
-0.2752339
0.26803756
0.27708668
-0.21825913
0.33342972
-0.58894473
-0.26661408
0.14497156
-0.029388264
0.09811751
0.25863802
-0.11163038
-0.16277814
0.19388545
-0.16201858
0.08030749
-0.24146914
0.36151037
0.2215822
0.5618021
-0.7037853
0.34017825
0.09227689
-0.31760725
-0.15880114
0.054778166
-0.051011022
-0.16037412
0.14643058
0.032585144
-0.14064169
-0.18257132
0.0066016577
-0.25104433
-0.09831817
0.26576877
0.2963378
0.18361309
0.13068378
-0.538167
-0.26706973
-0.21463929
0.22606887
-0.05758432
0.06485759
-0.02924458
-0.1298784
0.078353785
0.2870848
0.14120147
-0.44090924
0.2066374
-0.1880974
0.48939425
-0.6927331
-0.1024983
-0.3670082
0.10632376
-0.27277178
-0.311497
-0.054457944
0.22964826
0.20141892
0.20124668
-0.11539764
-0.21272406
-0.06110023
-0.3655091
-0.021719307
0.295174
0.93217367
-0.2485273
-0.2696238
-0.31155086
0.64190876
-0.19309573
-0.0964146
-0.2375991
-0.8369069
-0.19966508
-0.33791482
-0.18496582
-0.055649936
-0.0032207135
-0.07846184
0.573821
0.28068826
1.1404217
-0.05842041
0.015448455
0.5214097
0.16942397
-0.13555452
0.050216753
0.11630549
-0.004527867
0.5631551
-0.15132158
-3.5144255
-0.4280973
-0.050548833
-0.12897125
-0.351454
0.23927933
0.23406413
-0.15653329
0.28759927
0.17164004
0.075521536
-0.6723453
-0.24396148
-0.33824152
0.23576203
0.11579286
-0.018133176
0.17636338
-0.31177127
-0.17827809
0.42892897
-0.45716837
-0.05352491
-0.3376307
-0.42439127
-0.17024219
-0.08237138
-0.1581156
0.06020641
0.069632985
-0.03799049
0.1363099
1.0735354
-0.3424453
-0.745309
-0.07558331
0.10870456
-0.4261663
-4.4536223
-0.9053415
0.27208298
-6.1079564
-0.06331134
-0.03187389
0.13588783
0.00093486067
-1.3047737
-0.09948759
-1.2815174
0.2104666
0.50676
0.30410135
0.25121355
-0.38501126
-0.015655393
0.02856059
0.48916852
0.5152409
-0.089219525
0.13970047
-0.64779115
-0.0340964
-0.3148039
-0.06931932
-0.035233065
-0.18846609
-0.29780644
-0.69742256
0.09825236
0.035384227
-0.0030883828
0.1394742
0.25106317
-1.3427337
-0.105462655
0.18503141
0.24842387
-0.25468925
0.37797156
-0.24063046
-0.19721143
-0.25772354
-0.05815345
-0.2022794
2.4842472
-0.22469889
-0.123304866
-0.13891762
0.014831529
-0.11442012
0.190319
-0.083717555
-0.20498362
0.039566655
-0.09501538
-1.3978298
-0.100497685
0.636779
0.8993732
-0.2648475
-0.16541661
-0.25671712
0.2730925
0.09090153
0.06305936
-0.09552793
-0.15512228
-0.11421295
0.06990357
0.69178057
-1.2488397
-0.056634545
0.3456439
-0.025034556
-0.5495964
-0.39601317
-0.025580736
0.14561725
0.4067993
0.12877761
0.5752073
-1.0366989
0.3401394
-0.20067196
0.24462105
-0.08121434
0.15627053
-0.2834737
-0.15193214
-0.10302797
0.8790625
-0.5288396
0.15334374
-0.041349087
0.30754307
0.24036606
-0.011577366
0.032225598
-0.09973406
0.48507634
0.1277777
-0.47970146
0.059516937
0.0040132403
-0.14910671
-0.20344648
0.06873967
-0.37638223
0.1402346
0.600543
-0.2013376
-0.07460319
0.30706593
0.009006411
0.32923394
0.25102222
0.22883111
0.070001364
-0.22545181
0.07382851
-0.9172354
-0.47335306
-0.17646146
0.030958494
-0.31556687
-0.34184068
0.07025514
-0.6880362
-0.607667
0.5047953
-0.11448337
0.24481964
0.67445135
-0.020047922
0.13501936
0.013992493
0.58879775
-0.29557556
0.29404384
-0.29684737
-0.6106493
0.14314201
-0.060079068
-0.4727947
0.045918908
0.2116487
-0.0838218
-0.20423703
-0.124104306
-0.031060325
-0.11185901
-0.12742382
0.2821588
0.1778446
-0.002283237
-0.0058722794
0.002739787
0.013668523
0.018205795
0.1338554
-0.3921783
-0.011261464
2.2553875
0.16014582
-0.72179043
-0.026586771
-0.29036352
-0.16229749
-1.4176736
-0.040934164
-0.17920642
-0.5159914
0.62028694
-0.15776905
-0.272062
-0.16983947
-0.12553705
-0.05130275
0.09236326
-0.053601496
-0.7299126
0.14236757
-0.7111617
0.06390209
-0.21430786
-0.16710262
-0.026944501
-0.035533946
0.18712488
-0.2900483
0.06427715
0.005982091
-0.07946011
-0.20811616
0.34945613
0.5681672
-0.23258469
0.009818047
0.15523605
0.27179548
0.5641829
0.0024307936
0.027555345
0.20608778
0.06329389
0.16681081
-0.022134835
-0.18678756
-0.22951671
0.02367015
0.045262236
0.29310775
0.4818207
-0.13511479
0.40926254
0.17875439
-0.059700016
-0.18930973
0.027435038
0.33270723
-0.39420494
-0.17593728
-0.20715122
0.08776805
-0.33006823
-0.33027864
-0.10764426
-0.33833835
-0.014790848
-0.23087943
0.17010255
0.04719863
-0.1499259
-0.30334023
-0.14878961
0.12856129
-0.13971941
-0.041347925
0.08266025
0.24810137
-0.3740882
-0.38270253
0.016908616
-0.024426768
-0.68938446
0.31157914
0.089586265
-0.10778987
0.07098392
0.14551578
-0.39487112
0.11445367
0.29282105
0.02261384
-0.020124702
0.051280476
0.09199784
-0.20436029
-0.11799232
0.3768834
0.51372397
0.015759341
-0.2714565
0.28724664
0.20972975
-0.005182475
0.11691509
-0.19089758
0.6561784
0.11529315
0.07784399
0.07483334
-0.06413571
0.32166508
-0.05468516
0.27891493
0.42011714
-0.066351235
0.12635776
0.15594812
0.5886083
0.3218394
-0.006536363
0.22721447
-0.11445487
-0.22888969
0.16787611
-0.48509046
0.07073442
-0.078947425
0.1300941
-0.38211274
0.37553477
-0.4995559
-0.2328787
0.1252899
0.27546248
-0.29392865
0.30106607
0.13988686
-0.12920201
0.06906118
0.14260262
0.19770348
0.25786638
-0.0022555215
0.9468667
-0.0047992067
0.123846985
0.038073987
0.21289112
0.48735082
0.012760661
-0.07513757
-0.01553118
-0.17182118
0.11897145
-0.26582053
-0.0019477005
0.14595732
0.26482564
0.023629475
0.00045532192
0.07862409
0.14933929
0.08899206
-0.39125994
-0.4193503
0.16613972
-0.051696528
0.12178188
0.19904599
0.17931537
-0.19504644
0.15259631
-0.0010000649
-0.28119457
-0.22490005
0.1048464
0.33227664
0.06511524
-0.45333493
-0.12866487
0.041741807
0.24602896
-0.0636969
0.022866094
0.029331831
0.1432119
-0.11702303
0.2005567
0.02982827
0.021532929
0.18052828
0.0900678
0.15332693
-0.5212035
-0.042018317
-0.22393142
-0.4886351
-0.33377445
-0.16912931
-0.14010017
0.20127997
0.5686743
0.33483437
0.3903196
-0.21616961
-0.16032983
0.010585412
-0.23219337
0.11124757
0.18415058
-0.25688457
0.16345875
0.073266506
0.13021491
-0.15438114
-0.06087342
0.051013738
-0.3167337
-0.11781689
-0.18087395
-0.35866243
0.21107876
0.019390084
-0.23708184
-0.24975641
0.08887752
0.27952468
-0.1773145
0.16667512
0.24555248
0.17081271
0.1526222
-0.097253345
0.19200145
0.026893329
0.3098579
-0.23787995
0.21029826
0.010721703
0.14731628
-0.18029049
-0.15666178
-0.13310628
-0.27523136
-0.0789084
0.56227785
0.11468034
-0.06760182
0.007567444
-0.275033
-0.22192878
0.07901511
0.09044435
-0.1714906
0.23125665
-0.09035822
0.18710819
0.1933521
0.14879633
-0.0062059322
0.051777676
-0.16923244
-0.27087292
-0.12765412
-0.0427436
0.22618134
-0.1745796
-0.29301608
-0.3236451
0.15303183
-0.33554024
0.24003378
0.3029919
0.051807635
-0.104379594
0.036295325
-0.006806829
-0.24445443
-0.07873245
0.08348201
0.37188023
-0.016717738
-0.27220875
0.29486328
0.21927479
0.07658049
0.34849054
0.10056002
0.060073648
-0.23325418
0.35959315
-0.013380134
0.27700272
-0.28086478
-0.0073133884
-0.16481832
-0.13578525
-0.32775036
0.21912314
0.07170367
-0.36942485
-0.25812793
0.19061503
0.2018857
0.33921534
-0.4532652
-0.1700208
0.1957708
0.2537108
-0.29396778
0.10493237
-0.1324003
-0.23296219
0.12524459
-0.39214766
0.28152615
0.22808667
0.20560725
-0.416289
0.12892136
-0.028933462
-0.27411434
0.07041899
-0.14433533
-0.14708883
0.18924321
-0.15965658
-0.2848325
-0.18925326
0.30791584
-0.2931173
-0.27565244
0.25489056
0.3345807
-0.24818107
-0.2670313
-0.22590747
-0.028590595
-0.021124147
-0.3279312
0.25582135
0.17573097
0.20156935
0.16978219
-0.3331487
-0.08983303
0.1969428
-0.530613
0.119737856
-0.22847296
0.31603733
0.114649005
-0.19973776
0.23343362
0.2869337
0.19639546
0.12113545
0.048490018
0.28886732
0.22966684
0.35252663
0.28798714
-0.38454553
0.07203756
0.18319458
-0.39996797
-0.16843054
-0.2420392
0.14561962
-0.24068451
0.017821552
0.047188357
-0.18095468
-0.109286465
-0.29424983
-0.3833011
0.117833786
0.2505668
-0.24148574
-0.106015414
-0.0847887
0.19755387
-0.08717398
-0.2858098
-0.028070755
-0.10014732
-0.7500171
1.0527718
0.9008481
0.23135753
0.058706768
-0.28202382
0.28813988
-0.1594033
-0.1297819
0.23597242
1.0626374
-0.16286257
1.5765324
0.21985318
-0.4537603
0.5734578
0.12784168
-0.0066252802
-0.24693249
-0.117221825
-0.8664108
1.492649
-0.24165468
-0.0046753436
0.24623531
-0.39500648
0.20815
0.0674751
0.046001352
-0.40599746
0.29823765
0.53714925
0.63680553
0.009381622
-0.1772535
-0.012098496
0.7176814
0.30971938
0.139374
1.0589302
1.5654308
0.22812526
-0.047383364
-1.3625903
0.16384202
0.25583714
0.23891765
1.3412303
-0.041622236
-1.4048846
-0.6093028
-0.3901119
1.4991207
-0.34331203
-1.5836182
-0.27423555
1.8254408
0.52864355
-1.9494746
-0.049904328
0.49901196
0.13105926
-0.26994967
-1.2412617
-0.43901414
-0.6528998
-0.33845818
0.26727408
0.04999201
1.0192236
0.1999359
0.4809858
-1.3795898
0.15602301
0.34990206
0.18248901
-0.30273974
-0.16778298
0.11663518
-0.26917136
-0.6738597
-0.21509221
-0.31827343
0.6213079
-0.04946896
0.19255675
0.23531301
0.024133762
0.15716417
-0.16080676
-2.1332843
0.73164946
-0.31450683
-1.5367913
-0.5490302
1.2717742
0.028075512
-0.6432878
0.6838675
0.34035185
0.33215502
1.2131553
0.027071603
-3.0641284
0.8221737
-0.22513658
-0.39462653
0.7902829
-1.2227782
0.24362807
-0.21221592
-0.3209492
0.8073698
0.15711248
-0.09408295
-0.15744108
0.24481544
-0.074618295
0.17521213
-0.33736488
0.27918568
-0.22258134
-0.39600015
-0.30960363
0.256928
0.18810041
-0.66507065
-0.02532822
-0.3190317
0.3476983
0.35672185
0.3784984
0.18762265
0.16630508
0.0902103
0.013787628
0.27809668
-0.8632518
0.3299005
-0.014547433
0.12955415
0.7991219
0.26478055
0.06663065
-0.56456935
0.27748033
0.1717744
0.14538933
-0.06689478
0.20765841
0.2279025
0.00827255
0.2791275
0.14488128
0.04047768
0.03358989
-0.1253564
0.0026388401
0.1418551
-0.16701944
0.066551104
0.2410636
-0.18972345
-0.061504476
0.0036119223
0.49661055
0.34201735
0.8788556
0.13810919
-0.12417287
0.39691117
-0.58336085
0.20816904
-0.124347314
0.22280821
-0.20556447
-0.26480594
0.41686618
0.19753323
-0.5028844
0.31741086
0.07839963
0.067891955
0.2313903
-0.05788843
-0.16853026
-0.1704739
0.45515913
0.087120466
-0.44011706
-0.4708032
-0.06614501
-0.9561811
-2.82174
-0.3042998
0.07584379
-0.31319597
-0.019415874
0.06088599
-0.08587509
0.002337967
-0.0168244
0.21064638
-0.38608304
0.09833048
-0.38185507
-0.1890048
-0.007543621
0.262202
-0.01316784
0.15200016
-0.14034766
-0.28092957
0.7557824
0.45397878
0.113277026
0.3552262
0.1599816
0.39294642
0.09930381
-0.2736198
0.108826764
-0.035474285
-0.6868887
-0.26489902
-0.27695796
0.31392878
-0.19391589
0.10426826
0.08891186
-0.028193349
-0.04959207
-0.33662918
-0.047219787
-0.113183565
-0.16542032
0.33261445
0.03991447
0.4677971
0.10856265
-0.116752066
-0.19003703
-0.22554275
-0.21461807
-0.3083209
0.036527563
-0.19399492
-0.0073081832
0.011497617
0.08917108
-0.059294637
0.10330714
-0.15615752
-0.20141745
0.2655674
-0.05642229
-0.09191632
-0.1287432
-0.14818685
-0.29378632
-0.15368015
0.0018421948
0.09440455
-0.02123334
0.008420308
-0.012349792
0.29224423
0.14820762
-0.0422864
-0.26170093
0.024818735
0.058475506
0.34542114
-0.08004007
-0.266078
-0.15204903
-0.1167483
-0.02660978
0.135544
0.07853038
-0.43584728
-0.16735134
0.0103097195
0.3621159
0.285331
-0.080146685
0.20095849
-0.12662265
-0.020158613
-0.009118636
0.41262415
0.0385223
0.11085818
-0.7374618
0.16319756
-0.11249288
0.47594985
-0.17389672
0.059344213
0.062284652
0.256415
0.22149974
0.13901585
0.85434455
0.24365275
-0.03630967
0.3085829
0.13250513
-0.09835356
-0.01739228
-0.197496
-0.27441093
-1.1938249
-0.15925096
0.031884275
-0.013139673
-0.43486995
0.02948507
-0.006558994
0.075005814
-0.15269995
0.063737966
0.1423885
0.06856931
-0.13899499
0.10671751
0.32100415
0.34418184
-0.17944612
-0.10477602
-0.2311031
-0.1557891
0.08762
0.09979189
-0.081465416
-0.28998595
-0.103255816
0.2084075
-0.32269123
-0.24444339
-0.02649915
-0.08493585
0.05418299
0.23716423
-0.34818885
0.0117048975
-0.03944152
-0.21566981
-0.013456869
-0.15127395
0.33305225
0.22538342
-0.10739099
-0.016265824
-0.03286453
-0.013123927
0.065758616
0.3610044
0.25006422
0.08229748
-0.17326808
0.12822558
-0.24114956
0.012283814
0.2456577
0.20491306
0.03202107
-0.13275287
-0.0748764
-0.12299492
0.08998697
0.14773555
-0.05072012
0.06073778
0.13852485
-0.110579535
-0.31591985
-0.14849183
-0.2006177
0.1649005
0.3157703
0.47123015
0.26771984
-0.2251455
0.0066181174
-0.108462565
-0.35370508
-0.21491745
0.24706908
0.15180798
0.071638614
0.26981622
0.07458786
-0.05936852
-0.07501218
0.29016605
-0.40056446
0.18380396
0.3047926
0.41985744
-0.4701865
0.2961258
-0.1432948
0.38846743
-0.34191823
0.35434547
0.12154961
-0.25337052
-0.054776035
-0.052165892
0.31001344
0.009191036
-0.056601882
0.08637362
0.21859021
0.21077785
-0.31199354
-0.018009216
0.15983286
-0.09503415
-0.30246365
-0.104846716
0.0037166476
0.26356494
-0.3662933
0.3180304
-0.013554457
0.39859015
-0.57334185
-0.026926825
0.069877066
-0.19162984
0.012093206
-0.24602322
0.090327844
-0.011338222
0.18601966
-0.041003715
0.10097703
-0.15263623
-0.21896483
-0.06603597
-0.09072634
0.25046784
-0.0062352745
-0.22345927
-0.47230142
0.35531262
0.024204267
-0.09789151
-0.1863066
-0.47012702
-0.38411114
-0.0133262295
-0.0461298
-0.19849169
0.18082616
0.0033311949
0.2538794
0.13288198
0.2266133
0.22718306
0.16978139
0.19635792
-0.15171249
0.0915071
-0.10982419
0.09067855
0.27016282
-0.053355627
0.13678034
0.45005062
-0.20394906
0.18832473
-0.018938424
0.16758442
0.25046358
-0.35097793
-0.32608834
0.1273355
0.022307234
0.06043138
-0.21186827
0.21301328
-0.02087872
-0.34077823
0.24642915
0.121348225
0.006539017
-0.119247034
-0.044475947
-0.26359347
0.02139913
-0.12785368
-0.123104915
0.022090012
0.23062944
-0.1730119
0.18612112
0.04553785
-0.109793335
-0.41407484
0.07441965
-0.43742782
0.18343288
-0.31584278
-0.08303739
0.018173832
0.26343593
0.02207155
0.046645433
0.21417089
0.1937588
0.045258343
0.08530291
-0.2821215
-0.103975736
-0.11352034
-0.23541263
0.24816313
0.15607229
0.14788617
-0.010441716
0.124272354
-0.14590393
0.22956833
-0.25395864
-0.11159097
-0.053450048
0.37013796
0.09456468
-0.04696266
0.05206838
-0.31639186
-0.081914485
-0.3604547
-0.065064594
-0.18585794
-0.13354534
0.29867643
0.20622683
0.035991877
-0.15441439
0.14682381
0.1185182
0.1563013
0.077677086
-0.033969406
-0.036424592
0.2856761
0.17224053
-0.12886521
-0.13147946
0.14393094
-0.22039038
-0.15029645
-0.021051662
-0.034975186
0.14822334
0.15365753
0.10650564
-0.07675454
-0.21596083
0.27994046
0.08843775
0.29860798
0.19823273
0.06317856
-0.42680857
0.2950432
0.1959366
0.123720795
0.2691825
0.11596126
-0.099324785
-0.11415964
-0.09941013
0.29518443
0.11465575
-0.6066726
0.06350848
-0.043554954
0.112769425
-0.017954716
0.2892399
0.32979095
0.0667888
0.2447027
0.33970585
0.25201315
-0.10196728
-0.047744796
0.15177713
-0.47022694
-0.06841639
-0.25334316
0.12366143
-0.009703489
0.06493111
0.30457747
-0.15612105
0.9490496
-0.4753167
0.2467247
0.21370906
0.0031799737
0.38954878
0.16442002
0.20563948
-0.42715725
0.75555754
0.5062033
0.6855924
-0.31352687
-0.5860787
0.45289695
0.27985233
-0.08323525
0.36322266
0.08119954
-0.48106566
-0.48109093
0.1853268
-0.24299641
-2.1189833
-0.16675724
0.72155577
0.27751654
-0.06261967
-0.32254118
0.019714756
0.7378674
-0.6134062
0.22719306
0.050050497
0.19476323
0.16611831
-0.56698483
-0.057503413
0.56244874
-0.0820905
-0.113045275
0.012460446
0.0021631175
-0.11744501
0.5103912
-0.042378306
0.8763037
0.09889357
0.07534212
-0.18299814
0.0408134
-0.2659093
-0.24563096
0.43643284
-0.04590315
1.061207
0.2520453
-0.6170707
0.12205867
-0.19785927
-0.11975516
0.06935069
-0.7746279
-0.25443387
-0.060363956
-0.09618227
-0.07886472
0.0820988
0.0074979565
0.316644
-0.040857013
-0.38909084
0.5084355
0.33475128
-0.4793748
-0.2981281
-0.18646973
0.2698783
-0.599097
0.11716265
0.28515264
-0.16611911
0.1999286
-0.006444101
-0.69079834
-1.2926204
-1.2841586
0.6650333
-0.32245722
0.2542765
0.13336007
0.6225793
-0.4288716
-0.35037515
0.7323275
1.0112361
-0.05217078
0.22650973
0.07749652
-0.17205384
-0.055244733
-0.92096305
-0.22986038
0.15673079
-0.3452442
0.13019378
0.38857353
-0.30989486
-0.20097391
-0.080731526
0.062427644
1.4050157
0.010965089
0.6543189
-0.2805895
-0.05432607
1.4279729
0.6095061
0.13242665
-0.15248914
-0.16978118
0.23213454
0.12632895
-0.061586022
-0.01550014
0.02880262
0.13006145
-0.33610317
-0.00036577226
-0.502367
0.048107184
-0.3551149
0.15104288
-0.13524908
-0.10732915
0.3448857
0.5815743
-0.23411922
0.40236405
0.057560977
0.1349463
-0.23379725
-0.073425114
0.3037379
0.18334065
0.09568284
-0.06531272
-0.1257736
0.46365193
0.36057052
-0.23678808
-0.1339106
0.07613525
-0.03922995
0.3622866
0.4812228
-0.26441818
-0.090315744
0.112737775
0.12819982
0.25614992
-0.11067339
-0.22231717
-0.08241007
0.3273802
0.15729976
0.40529203
-0.25765437
0.19165409
0.18650857
-0.50369734
-0.33873436
-0.12168813
-0.42385253
-0.5230693
0.1042414
0.2093997
0.08126204
0.19946834
0.13818987
0.14143544
0.24939394
0.17730945
-0.50561047
-0.2852232
0.04042965
0.23653905
-0.079760574
0.08419374
0.37171242
0.47962248
-0.18745075
0.036053643
-0.21405333
0.17960228
0.031824164
-0.13090442
0.012632413
-0.06250024
-0.22728802
-0.10144219
-0.5672269
0.06145153
0.13290937
-0.12984982
-0.44643578
-0.19546519
-0.42305213
0.108089596
0.009080953
-0.18027487
-0.27175316
0.01696266
0.05805297
-0.13222706
0.09399377
-0.028687041
0.21572822
0.56492907
-0.031288844
0.22717625
-0.092290685
-0.22974035
-0.015889648
0.08120718
0.07621222
-0.25359175
0.0693747
0.12972084
-0.0071035293
-0.046479456
-0.069111675
0.22071594
-0.23538935
0.06577116
0.33167845
0.061699133
0.6897564
0.014786432
0.18945996
-0.113452904
-0.0031329843
0.3627913
-0.26942155
-0.10416965
-0.15210202
0.30692106
0.07822406
0.09718768
-0.15952738
0.37262732
-0.14282785
0.07967245
-0.1767381
-0.008860121
0.26120365
0.0064646434
-0.12946492
0.08797741
-0.28294688
-0.15421547
0.12570183
0.34056774
0.21734792
-0.26435918
-0.21475261
0.27456975
0.15489903
-0.016040213
-0.066054694
0.07900431
-0.21439277
-0.18047297
-0.34776667
-0.07424357
0.009893967
-0.22739203
0.15567113
-0.21794824
-0.12859768
-0.83226275
0.36482218
-0.393033
-0.06297848
-0.11875187
-0.28300607
0.12764913
0.004791812
0.19865026
0.22513366
-0.049697693
0.10476087
0.292116
0.10633827
-0.0024662185
-0.06650141
-0.31401575
-0.044008814
-0.59270555
-0.4150619
-0.059169333
-0.13500807
-0.08229328
-0.13502848
-0.15094462
0.04959107
-0.031840198
0.01295828
0.22934741
0.19239959
0.008881365
0.14768052
-0.108816884
0.089098796
-0.23862594
0.38895574
-0.25575542
-0.17515418
0.3920394
-0.29542333
0.045105703
0.5265206
-0.048339058
0.05538259
-0.056214556
-0.015853306
0.061457332
-0.15260485
-0.14419352
0.04399442
-0.05671558
-0.07161199
0.15682785
0.07846181
-0.30980176
-0.074901916
-0.25739956
-0.44898972
0.0058019212
-0.14757062
0.11836499
0.251503
0.21166453
-0.029697578
0.044417843
-0.11279591
0.17111628
0.10122379
0.09700905
-0.039342165
0.0632264
-0.16586433
-0.006022275
0.44175747
0.018133087
-0.17692298
0.67567366
0.25817215
0.008643035
0.16985813
-0.32172096
-0.38168794
-0.1919092
0.1344828
0.29182437
0.12092371
-0.20879573
-0.33546343
0.016383976
-0.21966352
0.09929234
0.12801424
-0.08262105
-0.26402286
0.16940276
-0.24077255
0.4914885
0.006037772
-0.09290636
-0.12849022
0.43697244
-0.088500895
0.28092426
0.09085899
0.17934681
0.1227162
-0.06967318
-0.27795497
0.31423926
0.056209136
-0.032366123
0.0947763
-0.29496875
0.09423365
-0.35457575
0.047444474
-0.1942799
-0.19871761
0.36104694
-0.45128807
-0.23993826
0.3169513
-0.29579893
0.20127612
-0.06624209
-0.09365612
-0.09890113
-0.26074186
-0.018093858
-0.2690904
0.17586918
-0.0027734714
0.22300898
0.1459399
0.18426341
0.00741669
0.32642058
0.082871936
-0.006107166
0.27488336
0.14387827
-0.06310922
-0.4593024
-0.34659654
-0.14023344
0.06863714
-0.07410897
-0.13736618
-0.17101713
-0.106933616
-0.014460557
0.017070644
0.43585443
0.14216797
-0.4566189
-0.026709938
-0.43793678
-0.40423498
0.13273613
-0.20956735
-0.39831007
-0.18299182
-0.23854397
-0.060674112
-0.43043843
0.194591
0.070897475
-0.14688824
-0.12126182
0.23591594
0.080744036
0.08658522
-0.013312995
0.025353273
0.14673117
-0.044851158
0.32955354
-0.27178168
0.02338999
-0.14090186
0.2708209
0.08514226
-0.3461773
0.13186766
0.092490084
-0.3735236
-0.051468547
-0.16166513
-0.0022319858
-0.023144584
0.19744512
0.15057577
-0.266545
-0.21993212
-0.06141591
0.013315471
-0.35880944
0.027376335
0.4122189
-0.07244392
-0.3758353
-0.04427358
0.16322416
0.10086265
0.07533893
-0.053743243
0.108314306
-0.10853018
-0.1652525
0.073999025
-0.19439639
0.1396518
-0.014948971
0.23724684
-0.3768942
-0.32285994
-0.19769958
-0.008394143
0.28118706
-0.03961171
-0.09378107
-0.23148423
-0.03806382
0.38784844
-0.017648295
0.3697268
-0.3423279
-0.048211895
0.16136304
-0.21792558
0.006990948
0.21177806
-0.28924614
0.02622889
0.15951493
0.11301881
-0.27605212
0.36867732
-0.29977113
-0.49490386
-0.2854164
0.246835
0.20203513
-0.28516492
-0.20171529
-0.017893016
-0.0031780335
-0.24931492
-0.07185027
0.26988617
0.23527545
0.08233803
0.10521888
0.0951931
-0.26096472
-0.17410226
0.24250671
0.38574526
-0.26926717
0.18608464
0.26239473
-0.2667733
-0.07533598
0.014503647
-0.27019894
-0.18600793
0.23295112
0.14683269
0.32784522
-0.015098599
-0.0052063405
0.089660615
0.36356616
0.14800346
0.05575819
0.0856664
-0.07388903
0.25805047
0.022327196
0.26011395
-0.11912614
0.10158614
0.21630456
-0.08291324
-0.15060508
0.19856384
0.061825916
0.01278069
0.24570958
-0.069488786
-0.25534713
0.23899199
0.1667119
-0.308893
0.29740062
0.13922818
-0.08176029
-0.23815724
-0.4360093
-0.3356175
0.24691121
0.068869844
-0.17518307
0.24503249
0.1987935
-0.13383788
-0.24296837
-0.010836185
-0.009574505
-0.06847807
-0.18133248
-0.38719502
0.10794629
0.1580552
-0.3132997
0.3286375
0.2562619
-0.24472377
-0.008855701
-0.017560543
-0.16465159
-0.08567044
0.055781968
-0.038528558
-0.13762257
0.028823681
0.027968176
0.0
-0.009680644
-0.060653817
-0.045194913
0.027804324
0.10715612
-0.0017554988
-0.00333761
0.0
-0.00093695073
-0.057970174
-0.036568057
0.0064127413
0.001231214
-0.0073427027
-0.100963615
0.06563233
-0.0486389
0.05849371
-0.016476065
0.024789574
-0.005257003
-0.0366714
-0.09947807
-0.097988665
0.0
0.05775425
0.019621545
0.017489338
-0.048464555
0.11198539
-0.053724658
-0.20357117
-0.13871884
-0.077708945
-0.0040784706
-0.016229017
0.021615164
0.0
-0.06539639
-0.035333265
0.022144603
-0.081750326
-0.0093573015
-0.0024844068
-0.02074693
-0.017476533
0.04056669
-0.019086434
0.04788863
0.09828459
-0.06538493
-0.09603568
0.047042344
0.0
-0.09995633
0.076709986
-0.030342555
-0.08472206
0.010812925
-0.03145106
0.027062923
0.010970737
-0.18883896
-0.08646984
-0.015114098
-0.021596897
0.014239249
0.09947678
-0.16700046
0.040644247
-0.0630049
0.08626385
-0.067850254
0.047214143
-0.04255415
0.0441156
0.021972232
-0.0014274444
0.2861518
-0.39959955
0.07532117
-0.13125226
-0.12147213
-0.043585032
0.23256081
-0.01205578
-0.020840144
-0.02304311
0.05194654
-0.016677488
0.08199644
-0.017961947
-0.011245317
-0.07468376
0.015129758
0.18681237
0.10634411
-0.06707839
-0.04074852
0.02571345
0.008207352
-0.20170966
0.06055872
-0.06368657
-0.028730698
-0.14087003
-0.004192337
0.015304787
0.106291026
0.085199855
0.1451818
0.06015009
-0.40251318
-0.05772892
-0.0879896
-0.053580005
-0.0596446
0.06625505
-0.12128141
0.11779171
0.04215842
-0.06750291
0.08588662
-0.062494982
0.14677717
-0.07438325
0.07846543
0.10800359
-0.066722006
0.20353676
0.07578678
-0.07841059
0.1524412
0.052296605
0.13476773
0.081385255
-0.09159246
-0.08672614
-0.06406849
0.1041389
-0.20544934
-0.04478572
0.08507109
-0.027652368
-0.15757006
-0.59023005
0.06464838
0.055306327
0.20475423
0.042697277
-0.06934203
-0.28409758
0.07256165
0.14576462
-0.07420488
0.09249376
-0.05092808
-0.075692564
0.18114604
-0.15625617
0.052422464
-0.05060066
0.045798793
0.118346624
0.18369687
0.039062753
-0.28096142
0.083195254
0.09034556
-0.122644
0.09528057
-0.010299843
-0.061786514
-0.14233679
-0.1638799
0.100957595
-0.101482384
0.03407832
0.0867031
0.17363802
-0.048821963
-0.061897874
-0.11573916
-0.1669897
0.13723347
0.06518306
0.062511705
0.49110612
0.00011352319
-0.08870938
0.37366205
0.06785858
-0.45330197
-0.1601221
0.049927253
0.0998047
-0.13043897
-0.12694247
-0.3665734
-0.3653909
0.07400355
-0.13855325
-0.054525934
-0.039075058
-0.2472666
-0.10661859
-0.08623416
-0.10311794
0.087272644
0.057394248
0.13954365
-0.13729945
0.09904749
0.044914085
0.14322093
0.22650777
-0.17525116
0.068529464
-0.08721426
0.067844845
-0.082190186
-0.2523614
0.12812307
-0.17285949
-0.13364588
-0.42808354
0.20596494
0.023442993
0.35846168
0.15315542
-0.01869549
