49
2
80
1
relu
line
1
0
0.18361913
0.24073774
0.10350025
0.24950899
-0.01086446
0.22515753
0.0067307437
0.09839743
-0.318346
0.16385677
-0.04645015
0.21373217
-0.002195686
0.047951974
0.23929387
-0.049917664
-0.041344427
0.026329862
-0.20196299
-0.023927597
0.08986977
0.10006889
0.09451045
0.098212995
-0.04842518
0.036206063
0.0031501432
-0.034957234
-0.111465186
-0.05115778
0.13976747
0.054250736
0.06247417
-0.030232986
0.089742385
-0.3821408
-0.09883073
0.06492205
-0.20970619
0.045878734
0.29139125
-0.06745829
0.17801075
0.35733292
0.06120953
0.30828115
0.1266881
0.0833973
-0.038466647
0.2505457
0.03884381
0.32382098
-0.0020953768
0.09947657
0.09255597
-0.042173676
0.13503307
-0.031249713
0.25663054
-0.062377248
-0.10783158
-0.04535506
-0.12500736
0.12433401
0.09780607
-0.06632442
0.2848047
0.23164675
0.17458816
0.057987146
0.16674934
0.19738987
0.025114559
0.09978879
0.012367488
0.060257003
-0.019779315
0.11855054
-0.15519594
0.049677305
0.17606206
0.021713758
-0.15606265
-0.20052247
0.17627858
0.11260353
0.10034508
0.029258026
-0.18274783
-0.010429491
0.1643843
0.0034074197
-0.07496065
-0.03991441
-0.015531211
-0.042766206
-0.18848799
0.1739482
0.16599724
-0.18552057
-0.18488792
-0.3821959
-0.14252226
0.029048504
0.37749788
0.23594275
-0.07590009
0.0003717246
0.31344408
-0.038080934
0.05276083
-0.013954842
0.06354141
0.23078737
0.17461653
0.08465369
-0.13197619
-0.32712686
-0.20366363
0.039262217
0.09505516
-0.508777
-0.25430673
-0.16095145
-0.097914234
0.26309052
0.20808661
-0.32066524
-0.30058426
0.10959356
-0.030527428
0.22601719
0.12373857
0.30632758
-0.009694652
0.17218013
-0.19568843
-0.16965076
-0.30280134
-0.15936604
0.18884952
0.084766045
-0.35767528
-0.092912674
0.098125495
0.0011019988
-0.03974908
0.14686142
0.07043178
-0.11956993
-0.05307486
-0.23500639
0.1515154
-0.08646089
0.15682612
-0.080766425
-0.021901043
-0.115095675
0.01304238
-0.106080696
-0.090373054
-0.20495886
0.3591728
0.14062017
0.14911751
-0.4036714
-0.33572942
-0.17653401
0.016221792
-0.13746114
-0.18655895
0.003611766
-0.24413598
-0.020078637
0.15872028
-0.21450871
-0.22856183
-0.0134144835
0.20493995
-0.12756044
0.24253666
-0.3039338
0.29042032
-0.3721091
-0.2216714
0.057936735
0.006031363
0.1377376
0.057926115
-0.24250889
0.14326063
-0.22909544
0.26727086
0.17732732
-0.25257668
-0.23621944
0.0916753
-0.56507653
-0.3698986
-0.18343472
0.26676363
-0.014743336
-0.07426568
-0.5777393
-0.12015411
-0.3146569
0.14132772
-0.056448016
0.115301445
0.016055746
-0.28084585
0.20947158
-0.08007284
-0.2722444
0.17059082
-0.2826525
-0.29752976
0.1700361
-0.09902082
-0.28170565
0.09578892
0.13236655
-0.18245305
-0.13472477
0.20521255
0.011634513
0.28772825
0.37018037
-0.15104972
0.21044493
-0.04045591
0.07488057
-0.14034076
0.1707898
-0.011070308
0.22532523
-0.12619728
0.0103758555
-0.22923063
0.19994466
0.33811226
-0.24230444
0.011149072
0.24995054
-0.031825047
-0.29825583
0.044643316
-0.042204253
-0.2991996
-0.23804785
-0.16848111
-0.075063206
0.051639706
0.022156753
0.14988062
0.32853124
-0.29245618
0.14445408
-0.15666035
-0.04589278
0.12505165
-0.24605952
-0.27433115
-0.1032818
-0.17031519
0.20509985
0.24175727
0.3411224
-0.24464262
-0.17721725
-0.0913293
0.09859736
0.18858132
-0.16863309
-0.21203443
0.014093206
0.13677703
-0.25187662
-0.028268332
-0.21469437
0.044947747
0.23928016
0.032412212
-0.24293809
0.009235058
0.12321597
0.3077553
0.24991533
-0.053038955
0.3363728
-0.1634843
0.023685344
-0.20516315
0.35810018
-0.3170681
0.023991793
-0.19431214
0.27128834
-0.061827946
-0.133315
0.3150264
-0.150632
0.0024635154
0.22256586
-0.39186978
-0.17887664
0.38670412
-0.083931364
-0.3830567
0.11128257
-0.20487934
-0.33964553
-0.42545027
-0.19250968
0.14622666
-0.026782572
-0.13570042
-0.32436404
-0.02734723
-0.21830781
0.1311967
-0.17477927
0.12763119
-0.011907632
0.14452498
-0.08777113
-0.26418442
0.17183353
0.18272856
0.271955
-0.12922685
0.030750506
0.2689382
-0.026823143
-0.26332414
0.15937291
0.10014139
-0.30301884
0.2546942
0.12985447
0.10835566
0.21037269
0.08007693
-0.17231807
0.27797183
-0.12286212
-0.35267782
0.058268573
0.33677804
-0.20188901
-0.2369093
0.045174047
-0.16771989
-0.19887654
0.36640045
0.13610697
-0.2475973
0.078296706
-0.09211417
-0.16088432
0.27507424
-0.20946808
0.13265008
-0.38967383
0.29892516
0.30592927
-0.29408845
-0.20762742
-0.012284266
-0.11407937
0.09477465
-0.2254568
-0.3130711
-0.21925355
-0.0770295
0.21393837
-0.34189096
0.12938075
0.02243799
-0.21014023
0.19634305
0.02836241
-0.2279138
-0.26638812
-0.35191676
-0.004947429
0.24188554
0.06324744
-0.42891642
0.25447965
-0.047267072
-0.03265884
-0.41070974
0.010060918
0.18997703
0.076656856
-0.28491697
-0.05306556
-0.36831096
-0.20741645
0.27175608
-0.375916
-0.15857236
-0.20422636
-0.10738159
0.5430421
-0.01378122
0.15125833
-0.044377446
0.11198813
-0.013825289
0.15098384
0.0074209273
0.14803034
-0.23190124
-0.28922057
0.27540427
-0.04937297
-0.098404035
-0.21595256
-0.02072888
0.27315724
0.13282496
-0.19890326
-0.09636451
0.18163425
0.15966712
-0.2098437
-0.25726348
-0.26457176
-0.40738
0.17799212
0.11015204
-0.32368124
0.3782148
0.043272603
-0.26289907
0.07136439
0.06571333
-0.4890984
0.22574984
0.24729443
0.12609096
-0.09750607
0.25148404
-0.27633047
-0.34604925
0.057645638
-0.14646989
-0.23363213
0.35457492
0.23260169
-0.049464326
-0.29586345
-0.08801281
0.08169756
-0.27766708
0.28756437
-0.007999845
0.019858899
-0.2805266
0.12841383
-0.507893
0.07153529
-0.14094663
0.20657398
-0.062598936
-0.2586903
-0.25542143
0.10452692
0.1323598
-0.17784582
0.1549429
0.106646776
0.20159768
0.2552694
0.0992676
-0.32916626
-0.13181704
0.27363342
-8.093328e-05
-0.02066923
-0.3289391
0.0012477259
-0.2867084
0.09256087
-0.14435317
0.180483
0.11849931
-0.23189059
0.095039785
-0.04816104
0.06686753
0.39874363
0.058429666
0.07609912
0.21496606
-0.18287827
-0.0037965851
0.050893433
0.21496403
0.27370426
-0.0046290294
-0.14881676
-0.088312425
-0.04577785
-0.39237538
0.14146222
0.027547266
0.08188094
-0.22151996
-0.23393571
0.18678272
-0.055664416
-0.24659793
0.123204954
0.19619888
-0.10873206
-0.21768698
0.0074969176
-0.1717911
-0.12964763
0.06395463
0.10764435
-0.12745911
-0.015402006
-0.33850715
0.29933164
-0.22209853
-0.11525964
0.16867305
-0.04495855
-0.19620378
-0.0051116324
-0.25263423
0.29557028
0.25367513
-0.12042309
-0.17669195
-0.20105149
-0.1626972
-0.2924318
0.33732942
-0.040815115
0.11197593
0.14948195
0.2618127
0.031199567
-0.06393176
-0.18883677
-0.19645709
-0.039647255
-0.22782646
0.088190325
-0.2388103
-0.2405995
-0.21177718
-0.077788256
0.03974293
-0.22104731
-0.19838898
-0.28104344
-0.064914845
0.23245245
0.13484953
-0.2619006
0.063985705
0.14010456
0.22847155
-0.77290326
-0.37384424
-0.041706756
-0.17970783
-0.119929485
-0.38200366
-0.103769176
0.070592016
-0.16042721
0.26126096
-0.37940395
-0.050094467
-0.25724027
-0.095803045
-0.052722156
-0.19543275
0.07951324
-0.020337904
-0.2830988
0.22046591
0.20379314
-0.26202428
-0.32462934
0.41647536
0.19010797
0.25979963
0.10930759
-0.1576093
-0.012628841
-0.09806874
-0.31569484
-0.21699688
-0.20302501
0.27508816
0.17615612
0.27748182
-0.22613528
-0.038096957
-0.010348818
-0.09223179
0.30817837
-0.27116877
0.1483282
0.26462477
0.07826127
-0.13352238
-0.13828246
-0.27363345
0.14942165
0.29999942
0.3581399
0.2184214
-0.018535014
-0.48439458
0.2625409
-0.3354987
0.20868836
-0.56842697
-0.045711976
-0.1992856
0.02960965
-0.07613601
-0.065226555
-0.15812941
-0.2487202
0.1646206
0.32703608
-0.14828812
0.35088244
0.30474308
0.4049598
0.24575545
-0.51575506
-0.26121673
0.3965086
0.26274446
-0.07360738
-0.2475657
0.28258148
-0.12351382
0.26703712
-0.0050430056
-0.056543894
0.33100513
0.36849055
-0.30195913
-0.05128334
-0.3290162
-0.025245473
-0.1215875
0.101614
-0.02835385
-0.2439508
-0.19609162
-0.17079446
0.0385682
-0.037952736
-0.1993411
0.3014618
0.023794837
0.122965366
-0.11123948
-0.23444189
-0.28038892
0.23754986
0.18198426
-0.5982853
-0.0048947204
-0.22983386
-0.040554516
-0.28164247
-0.18965743
-0.20609896
-0.2461832
-0.10279147
0.34824526
-0.086384945
-0.1929527
0.2561803
-0.09413068
-0.25687918
0.34693453
0.29356843
0.28260452
0.30297223
-0.098244995
-0.08044666
0.22952357
-0.155035
0.19025245
-0.04124108
0.13598283
-0.1495294
0.25945917
-0.14079824
-0.23991014
0.22231029
-0.34086487
0.042325728
-0.10771781
-0.12666857
-0.2427519
-0.20249024
0.10001145
0.26783168
0.17199914
-0.08742073
-0.048675485
0.15437186
0.28841317
-0.18508093
-0.00044283844
0.012997583
-0.073605254
0.061985172
-0.118001744
-0.11925446
-0.10777966
-0.20067361
0.19575861
-0.32526377
-0.40560985
-0.057491936
-0.122519925
0.14371736
0.190187
-0.010322021
0.14509283
0.22729677
-0.16711764
0.18352893
-0.024617672
0.23956458
-0.015308863
-0.09789122
0.20006678
0.18663341
-0.32066426
-0.034259714
0.2412247
0.17475812
-0.18604413
-0.04777949
-0.16119173
-0.0048357137
-0.17985678
0.34065667
0.05406626
-0.50605404
-0.08278102
0.10597947
-0.34483325
0.03731922
-0.21852757
-0.37667188
-0.24676365
-0.090598755
0.06492344
-0.26484418
0.10612233
0.07404133
-0.11986425
0.046102643
0.39197472
-0.14224896
-0.36191103
-0.1055382
0.25764966
0.31740034
-0.09679795
-0.16267979
0.047494236
-0.19078551
0.07797568
0.11118725
-0.094760805
0.20760746
-0.23228355
0.023475502
0.14207979
-0.34228274
0.16377313
-0.33074075
-0.24963991
-0.2380249
0.30557972
0.3595126
0.10832807
0.34877262
0.274022
0.083579786
-0.01002906
0.31591433
0.16870801
0.030389478
0.27423006
0.19314225
-0.09290812
-0.13273472
-0.23781547
0.10780908
-0.3282966
0.043164663
-0.16891977
-0.0715525
0.012348201
-0.1633993
0.2859173
0.0649095
-0.076925084
-0.34156767
-0.15907137
0.25157347
0.00712137
-0.08774407
-0.20245539
-0.091629855
-0.08093191
-0.17922652
-0.20859809
0.09421515
0.07419767
0.22662345
0.081949845
0.1552308
0.15207934
-0.018317457
-0.100544445
0.019880421
0.13941646
-0.05358655
0.2562511
0.32151836
-0.07473529
-0.11147372
0.055345118
0.10350654
-0.18653259
-0.09480757
0.3639121
0.17823558
0.16712244
-0.07891554
-0.028888391
0.01975883
0.12764323
0.21692061
0.26616144
-0.24573402
0.37194502
0.11599038
-0.18090132
0.24319571
-0.06396269
-0.18003896
-0.002678299
-0.27659646
0.043503787
0.07416731
0.23350725
-0.045477062
-0.14376476
-0.24009751
-0.30699366
0.26685488
-0.0944679
0.14888158
-0.020962156
0.1410216
-0.23820347
-0.053223826
-0.047398724
-0.024520226
0.17438127
-0.29681712
0.14168786
0.11810235
0.35607126
0.11641001
-0.15868211
0.11755958
0.23528922
-0.22912039
-0.12132363
0.11166217
0.020617457
0.075523235
0.17845607
0.359222
-0.31353635
-0.24735829
0.03297149
-0.19153573
0.19623813
0.120668024
0.3830843
-0.0958849
0.06864223
-0.25059843
0.24411465
0.008421521
-0.03423327
0.26470017
0.18553314
-0.16141029
-0.3744733
-0.3239259
-0.22098267
0.043349747
-0.040226545
0.009661158
-0.28545406
0.004798374
0.1503863
0.006600423
-0.11177713
-0.011278746
0.393849
-0.22158289
0.03349981
-0.22305493
-0.088392206
-0.060741875
0.11773403
0.23773162
-0.15182576
-0.20123197
0.06704277
-0.1383706
-0.18372205
-0.088001065
0.22724798
0.21011308
-0.11787729
0.23722067
-0.046288323
0.4135883
-0.13035238
0.34296906
0.15427366
-0.26780745
0.03451517
-0.29833224
0.22608897
0.32577997
0.028698672
0.09117209
0.29230845
-0.12923262
-0.13310206
0.0943528
-0.28736413
0.05141097
-0.015114554
0.25896195
-0.10356808
-0.12481378
0.15257286
0.15734054
-0.1821462
0.14050314
0.051723424
-0.18654703
0.04439789
-0.066290446
0.08886878
0.29509267
-0.12969176
-0.19542585
-0.2948227
-0.046182793
0.06049942
-0.18836336
-0.0036652398
0.1437974
0.19514768
-0.16120203
-0.10795075
-0.12961008
-0.17908859
0.2733918
-0.27753854
-0.17982423
-0.09164172
-0.34171918
-0.26738146
-0.007132794
-0.17447582
0.33731863
-0.37019095
0.039090775
0.050789315
-0.24072558
0.03114091
-0.9401193
-0.12107768
-0.32127655
0.20403814
0.28204474
-0.029062508
-0.22252725
-0.15620925
0.07816692
-0.36718518
-0.22159405
0.16539548
-0.145687
-0.14878869
0.100390464
-0.19546853
-0.36976796
-0.15352659
0.005827827
-0.11767744
-0.19618791
0.14330931
0.091671795
-0.35089952
0.36876613
-0.00034268748
0.020622442
-0.24988338
0.2022303
0.37562966
0.0003149406
0.054492094
0.102143236
-0.1158151
0.27978188
-0.26422185
-0.011084972
0.23899311
-0.26747373
-0.5329821
-0.11193276
0.3304575
0.16150899
0.27699235
0.29510874
0.29096207
0.00573021
-0.08957565
0.2621789
-0.010589421
0.053391974
0.0554521
0.20615661
0.13483763
-0.6612806
0.06587229
-0.14726354
-0.0006790436
-0.028188433
0.022419205
-0.22706334
-0.25733998
0.2262658
-0.040723067
0.14703944
0.4008396
0.11307945
0.23404944
-0.20497355
-0.08491087
-0.26806918
-0.13164134
0.12101912
-0.29271373
0.011629265
-0.14741404
-0.15825717
0.016246535
-0.2537639
0.11434319
-0.15493265
0.08765977
0.20592275
-0.23080276
-0.18500076
-0.35323286
-0.049438875
0.24461527
-0.19171354
-0.005930953
0.048759747
0.044795133
0.010442787
-0.0921925
0.20158397
0.05787247
0.09001897
-0.0044831485
0.2605957
-0.28911746
-0.27782708
0.01288237
-0.13488318
0.30097786
0.2849408
0.048207365
0.13673961
-0.03485801
0.27288592
0.06331642
-0.1475156
0.03904249
0.039757382
0.15933895
-0.14735165
-0.35860062
-0.20156305
0.12458085
-0.06109075
-0.2719786
-0.024651513
-0.2794288
-0.2602608
-0.05964387
0.2939639
-0.22426257
0.1224203
-0.28045544
-0.26665446
0.12960523
-0.26493147
0.2633328
-0.3456942
0.03926513
0.17191629
0.30717534
0.13245268
0.21782339
0.22506242
-0.10460965
0.28910613
0.27808136
-0.035050943
0.02843627
-0.36309224
0.37753633
0.015841054
-0.27659515
0.3072115
0.019689696
-0.07500216
0.011755939
-0.081041634
0.24709953
-0.17213976
-0.012366962
-0.2113107
-0.18644421
-0.240219
0.14492999
0.09493825
0.24523978
0.123388454
0.15778369
0.38569346
0.36411127
-0.09548514
0.0407091
-0.34928158
-0.07509127
0.38410994
-0.021886695
-0.13770117
0.21795887
0.07865539
0.048034776
-0.26333863
-0.0925961
0.2792269
-0.16345434
0.26732484
-0.39789295
0.079475336
-0.14585677
-0.16237661
-0.24271674
0.4712183
0.25272575
-0.29051304
-0.048408512
0.039745033
-0.26214802
-0.34280437
0.20879786
0.2099229
-0.13239254
-0.2797114
0.029020758
-0.08881444
0.20788679
-0.029355532
0.14031316
-0.26178718
0.20395409
0.011362713
-0.34686667
-0.36296445
0.13802832
0.2551147
0.12996957
-0.1656068
-0.14866439
-0.33175245
-0.21939114
0.026444495
0.19081491
0.04488992
-0.11802876
0.04922251
-0.30405453
0.18960246
0.2502298
-0.26764777
-0.23361923
-0.24509177
0.3506845
0.23851234
-0.15499538
0.27536803
0.06458899
0.059718017
0.06779422
0.096218735
-0.34987196
0.18925388
-0.26484644
-0.07238319
-0.04121408
0.11071413
0.18085727
0.23618226
0.0961861
0.02964901
-0.23505908
0.22398683
0.14911097
0.15168986
0.3988624
-0.37057647
0.22586758
0.20273831
0.33246958
-0.28527394
-0.275722
-0.07152699
0.036499236
0.36534077
-0.12977989
-0.07942728
0.31459767
-0.323053
0.100346126
0.1349552
-0.13611303
-0.3110003
-0.2079385
-0.10938183
0.028641056
0.16238543
0.07141783
-0.10642054
-0.2571894
0.34515095
0.17206097
-0.02288375
0.2665132
0.16810334
-0.19467655
0.4691897
0.23402813
0.08640792
-0.004664838
-0.2256488
0.24790616
-0.023106411
-0.101707935
-0.6574668
0.36892423
0.37582117
-0.22266415
-0.24817221
0.13686758
-0.09165381
0.28354898
-0.0739432
0.10810714
0.37242612
0.083193466
-0.22575523
-0.10256211
0.036507245
-0.29380533
-0.03242939
-0.096572444
0.07921465
0.14284742
0.261654
-0.13798538
0.2473495
-0.13927996
0.31712312
-0.08350744
-0.58761954
-0.20309941
-0.054904357
0.07455046
0.016410189
-0.31789026
0.030376058
-0.097070016
0.15739228
0.11928865
-0.37060785
-0.28451923
0.0020066693
0.024171893
0.08582763
-0.11005468
0.15612762
0.03273422
0.064741105
0.0037574095
-0.11268275
-0.15354419
-0.1428058
-0.065663815
-0.10079054
-0.25335887
0.12286393
-0.09626091
-0.28023976
-0.17019315
0.005217118
-0.046287972
-0.13014573
-0.070783064
0.21250345
0.09277698
0.030231953
-0.06325676
-0.22862191
0.14507404
0.04421887
0.29770955
0.08857868
0.0112349875
0.16680583
-0.100109205
-0.02970903
-0.19076933
0.06808204
-0.036928043
0.2893883
0.037123777
0.22170986
0.2982308
0.108574055
0.029510906
0.21247335
-0.17050968
-0.11875796
0.079741366
-0.21718644
0.11284469
0.25009084
-0.35493094
0.297562
0.12790512
0.2888518
-0.11846531
-0.29005355
-0.14411105
-0.06947899
-0.52879566
0.26132464
-0.25316417
-0.32262012
-0.26124576
-0.14503063
-0.13288516
0.051655587
-0.09171704
-0.1279521
-0.118327044
0.37585336
0.22170089
0.44529897
-0.33275798
0.057910737
0.06941647
-0.14824119
0.30746076
0.02888372
-0.23777382
-0.4284073
-0.24661386
0.19882116
0.060233437
-0.022716884
-0.11830089
-0.1359461
0.2644816
0.036571823
0.20904928
-0.21092759
-0.049542993
-0.27897856
-0.37162745
0.12940417
-1.27696
-0.17748877
-0.5045848
-0.10340825
0.01697122
-0.0223734
0.402056
0.109079905
0.3186982
-0.24834657
-0.10930818
0.1537606
-0.36415383
0.1958105
0.34397092
0.00473614
0.19117959
0.3204489
-0.0371486
-0.15956509
-0.35256976
0.008460607
0.016433898
-0.1506866
0.14707884
-0.123650886
-0.15695596
-0.31607252
-0.1599209
0.041954674
0.21067044
0.06254153
-0.27927044
0.39397112
0.26157057
0.14160833
0.08994722
-0.14378989
-0.21497345
-0.3532216
-0.024626583
-0.034684688
0.34471932
-0.07962278
-0.953049
0.14657733
-0.19161713
0.021043926
-0.05183606
-0.19764361
-0.20121689
0.15207592
-0.33487996
0.061914314
0.05605288
0.018028837
-0.9358482
0.31757054
0.31634724
0.31408536
-0.10060794
0.28866577
0.0036273007
-0.19356091
-0.26102224
-0.2318039
0.004486568
0.0029417565
-0.037852544
-0.10336326
-0.24328314
0.2052965
0.26757768
0.39026284
0.37040734
-0.16948082
0.23122685
-0.13518156
-0.055149667
-0.11442732
0.35637176
-0.1609845
0.23726492
0.2229235
-0.38405234
0.16727716
0.35611218
-0.28828648
-0.37730476
-0.13665847
0.109512724
0.2365493
0.06969836
0.2478698
0.38595682
0.26715368
-0.057307355
0.03326959
0.2705768
0.018877933
0.109314136
-0.20460373
-0.03570627
0.102764666
0.42365122
-0.33123672
0.22427383
0.0074197496
-0.05828819
0.05744743
0.015442729
-0.17489617
-0.032043263
-0.17797925
-0.0025169104
-0.26785272
-0.19849919
-0.14422666
-0.047614984
-0.1409194
0.28690088
0.31062055
-0.16770594
0.29992577
-0.35704744
-0.33362433
-0.23748958
0.2635521
0.47098795
0.2308712
-0.086548276
0.047144126
-0.21451017
-0.20597409
-0.2710811
0.41199148
-0.5928224
-0.062059604
-0.27873984
0.11532189
-0.32505512
-0.13087805
-0.09589956
0.079989426
-0.25777274
0.017845236
-0.08078768
-0.019469026
-0.14765598
0.19952329
0.17437427
0.22537743
-0.23071182
0.272407
0.23855717
0.3197638
-0.022386724
-0.15601133
0.15592064
-0.0031755166
0.23702545
-0.07788658
-0.07504292
0.36074835
0.39140996
0.27289212
-0.07147098
0.29087824
-0.165778
-0.1569268
0.35898075
0.13819785
0.18644513
-0.20397949
-0.18564197
0.30502784
-0.032145
-0.13288634
0.067881644
-0.4107193
-0.13621393
0.0042697354
0.024478642
-0.58041686
-0.05369854
-0.12082256
-0.34000203
-0.27241567
-0.26400268
-0.084435225
-0.34152704
0.031863715
-0.009295629
0.09912181
-0.037951566
0.02946498
0.0077595063
0.040769987
0.3147647
0.35680607
0.3091588
0.013950138
0.23913066
0.27523255
-0.27847102
0.17857872
0.36544108
0.17768401
-0.115737975
-0.2535266
0.112614
-0.12290558
0.57622576
0.30021694
0.08791239
-0.062062573
0.1588633
-0.29791528
-0.26100484
0.18074107
0.12697843
-0.23647659
0.477215
-0.25625277
0.2806111
0.21215862
-0.40282735
0.13877319
0.003211351
0.04843706
-0.07959178
0.14074728
-0.3039598
-0.2305067
0.13564613
-0.074020185
0.2583332
0.07759268
0.30849257
0.20796522
-0.39226198
0.21522436
0.3554953
0.022248518
-0.2351891
-0.068792306
-0.056897998
-0.04493922
0.25717187
0.23562416
0.03292237
0.2800209
0.19183594
-0.40495044
0.070317104
0.17837268
-0.17604949
0.11582272
-0.12078401
0.26223195
0.371193
-0.45147958
-0.27279243
0.043166954
0.2534957
0.20115589
0.13772446
-0.042331524
0.12739937
-0.062573925
-0.34765148
-0.24255496
-0.29495266
-0.1701832
-0.17943422
0.08158304
0.019000256
-0.060011975
0.26982325
-0.12560345
0.08780029
-0.044891816
-0.15702537
0.123245426
0.22555585
-0.073743805
0.31274042
-0.14851266
-0.3897915
-0.03744161
0.2656285
0.07007619
0.009881481
-0.24290732
0.058489427
-0.15234075
-0.027050532
-0.22059336
-0.3160366
-0.06738307
0.2910957
-0.020682476
0.09233108
-0.31983003
0.31522998
-0.24787472
0.33982444
-0.17811045
0.1078144
-0.08693598
0.089714214
-0.049757592
-0.16037753
0.115940966
-0.16058308
0.22016072
0.06573368
0.26952818
0.03533751
0.16744171
0.1859586
0.077542365
0.20239767
-0.081645116
0.03109165
-0.19733596
-0.16747954
0.029640293
0.0305943
-0.05162552
-0.07253909
0.31205785
-0.2057946
0.109631896
-0.12638398
0.33900657
0.039019972
0.31817135
0.009332343
-0.1758816
-0.25929266
-0.022972466
0.038201664
0.23861833
-0.016198274
-0.277711
-0.22180058
0.1160102
0.09904849
0.19002496
-0.24867426
0.0028085716
0.081574425
-0.2329413
-0.052198894
-0.25606382
0.0034773678
-0.11938596
0.011766215
0.32998157
-0.0031989485
0.43045512
0.0789818
0.18117192
-0.34104198
-0.023199152
0.06449883
-0.28455386
-0.27681738
0.029947689
-0.021527773
-0.13870056
0.036535587
-0.05107698
-0.19454214
0.10468869
0.092137314
0.3350974
0.33434904
-0.10417325
0.065488294
-0.22484924
-0.21805108
-0.21423498
-0.3378906
0.04674046
-0.036114175
0.18809885
0.035387777
-0.37229335
0.123905875
0.17852286
-0.31269416
-0.07838441
-0.22141749
0.28659236
0.0418982
0.10285232
-0.26757404
-0.13508265
-0.08635999
0.13831407
-0.14759977
0.10376872
-0.122733675
0.12205823
0.102670014
0.102887124
-0.1090654
0.15001416
0.053771127
-0.16315834
0.19729842
-0.123374596
-0.2629446
-0.24027012
-0.13628396
0.12129369
0.2096017
-0.032164194
0.08253387
0.29515988
-0.0115607735
0.3583247
0.21107994
0.22380735
-0.09888703
-0.04353013
-0.08431854
0.55708444
0.2016199
0.07319134
-0.23762512
0.30480784
0.09266973
0.1842562
0.20655036
0.23105888
-0.16300413
0.35958833
-0.0373608
0.0209146
0.21958461
0.08261508
0.09195355
-0.16544296
0.19872501
-0.15932651
0.021057388
-0.279597
0.026865058
0.081368916
0.13970204
-0.040299922
0.2672386
0.08149349
0.25669605
0.047473323
-0.27399048
0.27041283
-0.3924768
0.17898944
-0.2657287
-0.19422863
-0.007398208
0.055286486
-0.008807806
-0.2518073
0.17455994
0.1798439
0.0058668084
-0.03557137
0.24073015
0.2828221
0.08673112
0.024391266
-0.36661708
-0.21194354
-0.07142362
0.08605608
-0.42213947
-0.3455303
0.31506184
0.396499
0.032349538
0.1357668
0.18840611
-0.36757663
0.09746565
-0.14789997
0.06268957
-0.18369551
0.06773875
0.01876632
0.31863743
0.2254346
0.053586967
0.060968004
0.17654374
-0.2554495
-0.19998515
0.01555365
0.17413579
-0.23820575
0.25092435
-0.28877282
-0.09865785
0.18646976
0.09697847
-0.34653708
-0.17534307
0.23095363
-0.29863033
-0.17804599
0.24354103
-0.32498315
0.21595591
0.19328414
-0.379881
0.16215642
0.07350092
-0.14254692
-0.045172516
0.2846778
0.4004684
0.14571293
0.19451015
0.009852533
0.27454668
-0.2773598
-0.07817633
0.26277253
0.27556753
-0.2613379
-0.08027135
0.28878924
-0.19957635
0.09937297
0.20136958
0.06667481
-0.1281014
-0.045271102
0.090779394
-0.22622147
-0.3943035
-0.22097227
0.21872847
-0.029634729
0.043633275
-0.23762278
-0.22926177
-0.1293386
-0.18528159
0.07492042
0.30214396
0.24328029
0.18620165
0.08284856
-0.101840325
-0.06399045
-0.17607759
0.035420924
-0.11510244
-0.29148307
-0.35130364
-0.2819208
0.10367145
-0.22366612
0.107793994
-0.26079234
0.06531497
-0.15997957
-0.090645336
0.15048517
-0.14058453
0.074911065
-0.023500882
-0.27099085
-0.17921247
0.52903664
-0.5857791
0.1248171
0.25063014
-0.06858746
0.14062999
0.27632338
0.073839515
0.072536975
0.17442481
0.08624129
-0.01357466
0.16022651
-0.02510845
-0.0722405
0.31559375
-0.29772285
-0.37596837
0.094156936
-0.18519953
0.13386624
-0.15760644
0.01272359
-0.20162617
-0.08470125
-1.1469047
0.005626152
-0.01108224
0.1273776
0.19032916
-0.2005616
-0.29557174
-0.41962057
-0.17044747
-0.14047298
-0.113023505
0.083985016
-0.035972968
0.22869018
0.23091288
0.23078735
0.17848818
-0.03173578
-0.27179512
-0.2373619
0.21275902
0.06607757
-0.30431947
-0.15943064
-0.3738682
0.12822533
0.041735575
0.2733337
0.100729264
-0.15835908
0.22329883
-0.31499615
-0.32977533
0.3140966
-0.14112853
-0.1857965
0.14356618
-0.003765583
0.020179877
-0.10963685
0.16193259
0.10063511
0.15828808
-0.05824957
-0.08721787
0.10432347
0.004860905
-0.20145184
0.049341585
-0.09376581
0.26049092
-0.23878065
0.01580895
0.077120885
-0.00415938
0.19602984
0.1572817
-0.21564963
-0.21374075
-0.07758311
0.19681099
-0.1459998
-0.24095765
-0.34430906
0.014038326
0.17996982
-0.30601192
0.15028124
-0.3328143
0.20680393
-0.11003281
-0.3811845
0.28127947
-0.32668138
0.1264491
0.006523592
0.24934001
-0.19741632
-0.21682031
0.2088949
0.2284235
0.21631429
0.32429922
-0.36878508
-0.16793747
-0.35503733
0.1192075
0.10380664
-0.4296468
0.114658706
0.34131524
-0.21762596
-0.18319365
-0.18411027
-0.2621836
-0.06899577
-0.25307995
-0.07238711
-0.14348656
-0.34351355
-0.074833445
-0.33712855
-0.04294823
-0.04018464
0.31525847
0.2840656
-0.30306578
0.16105942
-0.3255233
0.24153222
0.05562581
0.10512425
0.0008785465
-0.30259806
0.024957106
-0.23736769
-0.0835817
-0.25563267
-0.14731608
-0.09027209
0.16723476
0.20468906
0.15736249
0.21922225
0.17784458
0.17983243
-0.08838351
0.32449478
-0.009673632
-0.37385425
0.20001176
-0.05640345
-0.07894521
-0.38688058
-0.037327472
-0.32682216
0.29493526
0.16577074
-0.4738477
-0.47924545
-0.02770505
0.25231522
-0.2707844
-0.021025894
-0.18450505
0.092415355
-0.34266585
0.2329146
-0.33318293
0.31437278
-0.26382113
0.34148473
0.08695403
0.10199317
0.061070465
0.008393004
0.032969996
0.2328609
0.10689039
0.21988896
0.12395758
0.12847348
0.31586087
0.08917247
-0.2636133
0.042648528
-0.1454452
-0.03938856
0.4659068
-0.22514981
0.3137855
0.25782013
-0.039189354
-0.108841926
-0.3153418
-0.13768591
-0.21392937
0.0012454133
0.006709783
0.017378315
-0.19400643
0.2644721
0.13260072
-0.113254935
-0.14770064
-0.13323718
0.1541882
0.018028686
0.13343596
0.047607273
-0.30914912
0.36969978
0.09020753
-0.30875558
0.14401317
0.2161892
-0.0153014045
-0.33180863
-0.23360667
-0.002826284
-0.033503402
0.3529202
-0.18942523
0.08010113
0.23478913
0.07281938
0.09879319
0.20847361
0.02970747
-0.44361886
0.07903564
0.0053699263
0.077311866
0.34230226
-0.2558082
0.25047904
0.35697994
-0.33347294
-0.110371076
-0.32464084
0.10306586
0.2708188
-0.11529246
-0.31051183
-0.16011335
-0.32282883
-0.29543695
-0.08711748
-0.32124877
-0.2586554
-0.32822952
0.3275866
-0.22896883
-0.16129686
-0.09127687
0.3195241
0.21870576
0.06497627
0.23309693
-0.30396596
0.08123765
0.3397213
-0.014783664
-0.027705964
0.10150337
0.07448911
0.10561074
0.015508098
-0.0013369899
0.25788537
0.04437946
-0.10852266
-0.2750677
0.052221406
0.027931305
0.20757435
-0.07646308
-0.13482378
-0.08810294
-0.30067474
-0.20384802
0.07206384
0.047966357
0.22771317
-0.27519846
-0.13044696
-0.037593327
0.21873455
-0.23460127
0.059496142
-0.24247608
0.16932821
0.049775984
0.08793316
0.016877227
-0.43724778
0.23167835
-0.15610348
0.114808336
0.23140723
-0.17298226
0.12695263
-0.039109927
-0.101016365
-0.10262543
0.057605654
-0.051148485
-0.1246011
0.26544917
-0.19936517
-0.27894825
-0.2063463
-0.1967641
0.27786615
-0.008471522
-0.36512282
-0.0410123
-0.10911983
0.37003753
-0.06753164
0.16469264
-0.22094558
0.10149771
0.15551326
-0.3708178
-0.1485151
0.12447849
0.20734991
-0.15306981
0.042325776
-0.062445737
0.08299648
-0.060708974
0.19316748
0.27473754
0.15830785
-0.2583216
0.10335289
-0.019062856
0.13991357
0.013000449
-0.3002272
0.09276425
-0.03135491
-0.16493674
0.15276423
0.13850859
-0.15281029
-0.36402526
-0.33723953
-0.07999336
0.11892232
0.29865256
0.1459894
-0.11226414
0.045644633
0.08600185
0.14601922
0.13569802
-0.20664094
0.023978671
0.029081414
0.23149933
-0.33151767
-0.020987697
-0.1800973
0.052416474
0.24804668
-0.18921001
-0.28638056
0.020503903
0.28017545
0.30374494
0.12676418
-0.07008984
0.35685986
0.09463591
0.13489914
-0.018384196
-0.33065012
-0.10986585
-0.099161796
0.19675371
0.16918872
0.26108843
0.20592687
-0.053803362
-0.00637583
0.11370393
-0.12983787
0.014582886
0.25764847
0.13280004
0.40236637
-0.22404596
-0.19625568
-0.28234875
-0.2916917
0.21844684
0.10355264
-0.20589362
-0.061294794
-0.03604421
0.09865261
-0.31171903
0.2955794
-0.0023660362
-0.06222567
0.18398272
-0.21214873
0.24806426
0.02540692
0.19379044
-0.24515808
-0.035701115
0.16312437
0.47205046
0.25928867
-0.51076937
0.120249666
0.23437296
0.37560984
0.225074
0.010719178
0.4112123
0.17008138
-0.1477218
-0.32117307
0.15798344
0.062637635
-0.16842435
-0.22152545
0.044851527
-0.12852943
0.27389145
0.12935145
-0.12054561
0.3943063
0.37289846
0.010272157
-0.031925406
-0.11847915
-0.08682446
0.2824862
0.02778987
0.039874945
0.1458035
-0.31940964
-0.15186231
-0.066207156
-0.20194349
-0.32353598
-0.2358327
0.10788351
-0.32063153
0.35168245
-0.29098895
-0.122870654
-0.24834496
-0.11902692
0.107322864
0.029632559
0.07114697
0.025823021
-0.20178728
-0.2278713
-0.035714436
-0.13028035
0.3308323
-0.1160434
0.27689597
0.07912795
-0.068361744
-0.18683472
-0.3171913
-0.124192305
0.030745974
0.12047097
-0.08876941
0.2393613
0.22355822
0.16754381
0.048063934
-0.2133117
0.11044723
-0.091146834
-0.12461041
-0.029097645
0.14844786
0.25268582
0.18385543
0.20041743
0.4666218
0.049261887
0.039588254
0.06290745
0.29109108
-0.24127679
0.18288688
-0.1982407
0.06869123
0.08342481
0.25722384
-0.053319614
0.06305532
0.05101312
-0.19766802
0.11098013
0.13341624
-0.38540974
0.13516591
-0.14581159
-0.2341698
-0.06881978
-0.026782699
0.004276907
0.36190653
-0.021800887
0.20810336
0.06320593
0.12780568
0.31463236
-0.09114209
-0.045979146
-0.15752237
-0.28204226
0.045976125
-0.30406442
-0.25609598
-0.2925139
0.19380848
0.08384808
0.20750467
0.10381063
0.9871079
-0.20793122
-0.17079537
0.1850222
-0.221268
0.24960598
-0.23893842
0.17264909
0.32327905
-0.055501353
-0.31139496
0.2311258
0.24418831
-0.07009999
-0.22041541
0.0040114108
0.09816752
-0.097456485
-0.20243987
-0.26607978
0.09044444
0.29961476
0.08132147
0.009820856
0.06271285
-0.14264657
0.21602967
0.19884819
0.010611504
-0.3528965
-0.15621321
-0.10713169
0.21069238
0.034165483
0.31761503
0.08748457
-0.30527192
-0.28899795
-0.20653683
0.3627493
0.37164488
0.3044585
0.1908148
-0.012448558
0.06298453
-0.23202634
-0.19060652
0.2940367
-0.33288157
0.30073908
0.169387
-0.09149731
-0.17021787
0.47485888
-0.118469864
-0.24103332
0.28448576
-0.18966313
-0.2565374
0.09523266
-0.19491395
-0.18683437
-0.121115975
-0.20944971
0.007929431
-0.34618747
0.22275712
0.051358942
0.18625134
-0.13280888
-0.18198313
-0.06063942
0.1001222
-0.17047031
-0.33169967
0.14926076
0.3080472
-0.1342486
-0.3849684
0.21624851
0.17852819
-0.24229415
-0.10562107
-0.25082833
-0.22547965
0.23611027
0.0074177724
0.18184258
0.22778505
0.015588477
-0.607633
-0.05918642
0.06681111
0.04509129
0.29218474
-0.18906924
0.012371653
-0.06983554
0.018671224
0.018863963
0.100018054
0.14210832
0.07601194
-0.14268781
0.17571943
-0.16555297
-0.28132075
-0.19073825
-0.18576396
-0.30696717
-0.20278601
0.20570345
-0.019526243
-0.08760521
-0.23016559
0.2602266
-0.33681968
-0.18009026
0.42411768
-0.3090163
0.31230378
-0.21826823
-0.13980886
0.26525465
-0.31857622
0.21685822
0.20592329
-0.03664232
0.10952656
0.20546152
0.503759
0.0038291274
0.18515514
-0.3301507
0.21357293
-0.34854656
0.24771535
0.062318508
0.3698552
-0.3205252
-0.32623288
-0.13894597
0.11299016
-0.32665724
-0.20224349
0.21453741
-0.26816547
0.30085257
-0.16328296
0.4249738
0.14093854
-0.045491587
-0.13285133
0.29537666
0.19167261
0.2984419
-0.07646088
-0.24104221
0.17619807
0.09179369
0.046567082
-0.2753901
0.00026463572
0.22705242
0.17799796
0.0161707
-0.3117132
0.32819936
-0.09237163
0.041030373
0.076948896
0.017729996
0.031091267
0.26966667
-0.21581443
-0.005227907
0.022278184
0.2502431
0.36902323
0.09399182
0.2245608
0.19861682
0.17882377
-0.06327642
-0.41691735
-0.39103395
0.19030537
0.384266
0.3202668
0.31871808
0.13480641
0.16086708
-0.17200598
0.13746156
0.1935014
0.108414106
0.122293316
0.37788758
-0.25747624
-0.026929552
-0.22101237
-0.19036193
-0.03513595
-0.12840387
0.03683161
-0.2792928
-0.31882384
-0.14724661
-0.25714383
-0.16419058
-0.05525102
0.18977477
-0.4318692
0.116396256
-0.4997363
0.40059575
-0.15677254
-0.14012514
-0.13749722
-0.011059578
0.13956606
-0.12995255
-0.24012545
0.06333372
-0.1695104
-0.19633865
0.041051306
-0.20891045
-0.0010172013
-0.013781771
0.34492987
-0.0010320903
0.19288623
0.16944896
-0.23775677
-0.21193078
0.109682895
0.041782502
0.092415735
-0.16867372
0.029231219
0.29755262
0.34056303
-0.012886137
0.08250007
-0.32010162
-0.3363264
-0.22785445
-0.14568174
0.1421711
-0.3030386
0.014535598
0.25220552
0.33941597
0.0879191
0.36271098
-0.14439578
-0.2535608
0.10921203
-0.08717181
0.08435121
-0.20049123
-0.085712925
0.3275015
-0.34426016
-0.34640905
0.02867415
0.33882928
-0.12517355
0.018668707
0.14757302
-0.4464894
-0.021139681
0.054435335
-0.26621112
-0.18511377
-0.25554478
0.24788874
0.0707662
0.12772013
0.16872238
0.0864945
-0.1888184
-0.08156736
0.15383331
0.3201442
0.17269216
-0.066179484
0.13049795
-0.020594573
-0.07116496
0.005834886
-0.09217611
-0.3417934
-0.12112965
-0.14885575
0.06414528
-0.17749271
0.036683667
0.3552387
-0.17344852
-0.15373762
-0.29065225
0.22447802
-0.0134013025
0.09082739
0.30939817
-0.16468418
-0.3145969
0.23800002
-0.05241306
-0.0047687516
0.085483894
0.112928286
0.16172412
-0.01258755
0.064377405
-0.15613951
-0.16332649
0.029401794
-0.27520064
-0.42573172
0.090696126
-0.25131404
-0.096667305
0.0869417
-0.3586941
0.3951205
0.17556654
-0.9301801
0.20807035
-0.10261148
-0.075415045
-0.07982208
-0.20959254
-0.14567487
0.24123609
-0.07733819
-0.020750377
0.22877623
-0.12507543
0.19142205
0.1976473
-0.290765
0.16449095
-0.21751688
-0.09940435
0.24357273
0.19570753
0.09904636
0.024594719
-0.29403177
-0.08344188
-0.39604405
-0.10975449
0.27004948
-0.38122442
0.36976862
0.3080475
0.053833388
-0.33523735
0.1718998
-0.09080345
-0.24763814
0.11858226
-0.11463919
0.1763146
-0.24192055
-0.042550974
-0.13989215
0.2811474
-0.5513777
-0.16374303
-0.33598393
0.19736184
-0.17189907
0.17551933
-0.41801453
0.37870735
0.27745885
-0.114607416
-0.1037142
0.057944607
-0.052215036
-0.15321393
-0.20937069
0.25716442
-0.12193812
-0.25925457
-0.19187512
-0.099533886
0.22920665
-0.13518806
0.32133842
-0.21779743
0.1899393
-0.22995058
0.3764519
-0.5469531
-0.14698051
-0.14698145
0.15853907
0.07221835
0.14989111
-0.5639067
0.097527005
0.38281938
0.0740841
-0.38401395
0.009409812
0.2609204
0.21194145
-0.38817182
-0.004524149
0.2819281
-0.32247898
0.16384418
0.058814403
0.034201443
-0.030750237
-0.07068274
0.19638048
-0.37498334
0.20555979
-0.14038189
0.1347038
-0.30905876
0.22658858
-0.30042475
-0.026757248
-0.26881295
-0.10481011
-0.22184563
-0.09437351
-0.051420152
0.18017368
0.3402049
-0.25475124
-0.30704367
0.21263146
-0.25746062
0.09569083
-0.0673911
-0.019795487
-0.2111166
-0.0041661314
0.051057003
0.32386267
0.09366729
0.14890462
-0.10797441
-0.004919396
-0.22357172
-0.07400768
0.23672193
-0.24931411
0.13090988
-0.28858688
-0.032621544
-0.023060365
-0.13480853
0.17145771
0.15957657
-0.04214079
-0.09050038
-0.2620018
0.008346765
-0.05692699
0.11745934
0.31073055
0.24178232
-0.20636553
0.12896398
0.1796021
0.13907818
-0.044931218
-0.33162305
-0.1321784
0.54850554
0.11867355
-0.14735724
0.21316595
0.10059163
0.12217176
0.23701213
0.039003644
0.26275524
0.049577173
-1.1802826
7.212204e-05
0.34393254
-0.21527383
-0.24388503
-0.032510314
0.046825297
-0.40857112
0.322162
-0.091060944
0.19229724
-0.042505283
-0.238435
-0.40323856
0.07095874
0.28490147
-0.2554941
0.30187035
-0.26118323
0.12151542
-0.2219082
0.19884154
-0.1817809
-0.43545422
0.16971669
-0.34682438
-0.05889295
0.31288496
-0.16749728
-0.015038437
-0.12706868
0.011735937
0.2012428
0.19639516
0.029719306
-0.29587558
0.22089808
-0.1480273
-0.20071778
0.19689189
0.24017072
0.0922373
0.18173933
-0.32962418
0.050816704
-0.26211953
0.2064829
0.022280911
0.057873704
-0.11928705
-0.016742073
0.13120292
0.07828772
-0.18159077
-0.22549903
0.31362376
0.08379467
-0.15570547
-0.11069684
0.17945813
0.17483453
0.023392588
0.20397945
-0.00086069625
-0.014795598
-0.14306633
0.025522435
-0.099619076
-0.3378977
0.06376801
-0.09566493
0.2647078
-0.27678326
-0.30316162
0.08373496
-0.2583724
0.31459388
0.28458664
0.14349957
-0.2825027
-0.35117447
0.40566346
-0.33470675
-0.347954
-0.05204029
0.2634598
-0.17200653
-0.4885332
-0.15603493
0.34646347
-0.06922431
0.26726592
0.31851912
-0.035188384
0.13283533
-0.005113334
-0.04242784
0.32535195
-0.31714436
0.2327214
-0.2044293
-0.21165988
0.21860902
-0.0695093
-0.13591214
-0.3950945
-0.32037404
0.3004345
-0.014116045
-0.41690162
0.07535347
0.30844522
0.029575687
0.061557937
0.29058504
-0.007731102
0.24519657
0.021144597
0.056556914
-0.2566609
-0.040833946
-0.32378367
-0.016243044
-0.17224836
-0.12067763
-0.26513383
-0.29887253
0.1664988
-0.12944643
-0.020898443
0.009112605
0.3525283
-0.17908403
0.06325661
0.29728132
-0.30643508
-0.17786932
-0.06021218
-0.20891866
-0.12629725
-0.1991461
0.21784742
0.1343258
0.005983053
-0.04832092
0.28425694
0.11082984
0.31384683
-0.2950502
0.29735157
0.038251497
0.26510882
-0.26328498
0.24203426
0.1367757
-0.09493309
-0.058113452
-0.038498517
0.23515995
0.10186124
0.06907833
0.28007972
0.098988794
-0.17487353
0.32402048
-0.16964503
0.285532
0.23861152
0.21822983
-0.054680314
-0.0466945
-0.06996258
0.17264962
0.24445121
-0.23626699
-0.0010471451
-0.74951875
0.18964809
-0.01867675
0.2697603
-0.077439755
-0.10662895
0.02193757
0.316964
0.08460456
-0.004412642
0.082168534
0.086625345
0.1030946
-0.27632836
0.12228457
0.094742544
-0.068152875
-0.30944404
-0.049140286
-0.19144337
-0.113272
0.10770126
0.5959525
-0.10769193
0.26794648
0.075719304
0.39973187
0.040524945
0.341612
-0.32247946
-0.11589639
0.1341702
-0.16553189
0.09455874
0.20416784
0.03184063
-0.15725589
0.12860484
-0.33359173
0.027368529
0.1520307
0.109962136
0.12844136
0.22242312
0.13723429
-0.13066305
0.3379905
-0.09378319
-0.24961483
-0.05586093
0.059270218
-0.1634221
0.23062429
0.12196112
0.16457866
0.16190194
-0.3694461
0.13506685
-0.116586745
-0.08655253
0.14183782
-0.17451487
0.13076612
0.09992566
-0.24774653
-0.0054787756
-0.18559064
-0.3201229
-0.1524244
0.10668523
-0.10811827
0.15435542
-0.11157393
-0.1756199
-0.10195775
-0.19923319
0.28478
0.18097632
-0.032637496
0.3241461
-0.2528447
-0.1995993
0.01407198
0.2767982
0.018183202
-0.2702875
0.27796677
-0.100438766
0.24923256
-0.22780603
0.05899739
-0.20047028
0.2677514
0.2897915
-0.31284675
-0.15720628
0.30716288
0.15679258
-0.2376893
0.093552746
0.19274269
0.09193788
-0.31845978
0.03282554
-0.23665845
-0.11864995
0.020467043
-0.08919973
-0.08580254
-0.1633666
0.123254806
-0.16951527
-0.060888518
-0.046092402
0.09105591
-0.00136994
-0.24013479
0.29935348
-0.009765851
-0.311083
0.07205195
0.29787624
0.2655013
-0.32936364
0.26641613
-0.063690096
0.32380566
-0.21754313
-0.19974168
0.22464667
-0.25467542
-0.03526675
0.4038283
0.21928504
-0.06328372
0.1938928
-0.009667921
-0.10185773
-0.029663341
-0.2680516
-0.42367315
-0.26740864
-0.17794648
-0.051429678
0.030183734
0.22993676
-0.29205212
-0.3532996
0.27117673
0.07727611
0.19109565
-0.017370645
0.27020162
-0.2509664
0.21554247
0.26204005
-0.07214578
0.097716235
0.089323096
-0.20790327
-0.15237089
0.19384211
-0.022157704
0.12598103
0.3130001
-0.14602804
-0.13143897
-0.21860301
0.32233652
0.1474225
0.19911145
0.15067333
0.0087073445
0.028458828
0.23083338
-0.22991744
0.19569618
-0.04982144
-0.25214764
-0.15727326
-0.21792284
0.23176841
0.020903055
0.16200183
-0.0017838362
-0.21778598
0.25710264
-0.026217226
0.14417942
0.17369868
0.10949168
-0.19070877
0.31375122
0.103222944
-0.025469689
0.25627443
-0.2452364
0.013345945
0.102626815
0.34246317
-0.13644758
0.03487532
0.038137984
0.22252938
-0.040873434
-0.16495827
-0.15430346
0.029949896
0.27078262
0.2634244
-0.24854814
-0.27275264
-0.08394842
-0.25188994
-0.46134937
-0.081984095
0.2415821
0.12225017
0.10727901
-0.28633925
0.10838487
-0.1810612
-0.20914166
-0.08135161
0.09000455
-0.14780979
0.22694086
-0.22671822
0.06034226
0.05331161
0.29410428
0.11149605
-0.23590553
0.0037401759
0.12406836
0.24560353
0.24135353
-0.076023266
0.1930602
0.01523581
-0.1073823
0.29148704
-0.011114618
0.21204951
-0.035812795
0.18079594
0.025692284
-0.13685939
-0.3305515
-0.04564171
0.06007771
0.20031142
0.00084998563
-0.030098408
-0.17652838
-0.10909171
0.31410587
-0.29036635
-0.25924486
0.36381492
-0.1773934
0.2395694
0.2994891
0.13303375
-0.23775057
0.2614572
0.3026833
0.094201244
0.2047586
-0.14030083
0.05595899
-0.7830103
-0.10031113
0.2400357
-0.19239856
0.009962284
-0.04996246
-0.13227214
-0.25357425
0.008152772
0.22753082
0.2015338
0.08419961
-0.10050925
0.042093936
-0.07891306
0.13522829
0.34170884
-0.20874536
-0.32971218
-0.17496581
-0.08193744
-0.38569722
0.27075315
0.08069568
-0.07902852
-0.33685425
-0.07410392
0.20324683
-0.23743227
0.060038168
0.055315237
0.18516095
-0.1132441
0.35338053
-0.19443925
-0.12198161
-0.024910599
-0.36235633
-0.0131854955
0.24501495
0.14653982
-0.34337145
-0.28624156
0.24124388
-0.2735889
0.2250964
-0.16928019
0.4344842
0.10630561
-0.14165044
-0.029351644
0.03985835
0.109151855
-0.2068922
-0.07442296
0.13888243
-0.29894292
0.023909777
0.03235283
0.05876348
-0.07548171
-0.26011863
-0.040110156
-0.19340535
0.094635546
-0.4485107
-0.29288676
-0.20760462
0.19655873
-0.078943044
0.3043509
-0.0041955737
-0.035231322
-0.0682899
0.19578601
0.08448871
-0.30012375
-0.16121319
-0.033882834
-0.010766334
-0.06143135
-0.23558637
0.15576367
-0.1643635
-0.052776113
-0.22573608
-0.0020528126
-0.31081572
0.04807091
0.37191272
0.18563956
0.1855151
0.16925573
-0.044875436
-0.046977814
-0.081615366
0.31657854
-0.07921078
0.024807204
0.30077344
-0.30251098
0.2633093
0.1362549
-0.014297185
-0.14385384
0.059837464
-0.13738823
-0.14507681
-0.2131992
0.40704829
-0.045859903
0.41143316
0.066653445
0.046168964
-0.27389735
0.03154228
-0.16742957
-0.016665692
0.1920399
0.04318975
0.0012481706
-0.18284906
-0.18484156
0.21499994
-0.04768999
-0.13079022
0.07211553
0.025567079
-0.08731263
-0.08618771
0.18016097
-0.12726933
-0.18451469
-0.15712023
-0.05154255
0.24017818
-0.16232303
-0.30386028
0.036480173
0.13867302
0.11267658
-0.025873931
-0.038624723
-0.3409238
-0.051927943
-0.29990432
-0.3413167
0.23157291
0.033337414
0.110775776
0.2049596
-0.20672946
0.15877737
0.25617093
0.4223985
0.112110965
-0.13048331
0.37224153
0.031471614
-0.32580298
-0.029402858
0.044602714
-0.38305005
-0.04463121
-0.08141703
0.10563254
-0.15817726
-0.35067633
-0.16018249
0.037922285
0.034663018
0.16765484
-0.19484723
-0.15118462
0.18519174
0.21289466
0.010169103
-0.3864595
-0.26743093
-0.024124969
0.10660927
-0.08152308
-0.012308689
0.009355437
-0.14943184
-0.023758247
0.020336097
-0.10756324
-0.020941615
-0.2813979
-0.2316029
0.23398939
-0.17944576
-0.058452744
0.30047983
-0.08920651
0.1286346
-0.41751543
0.09904558
-0.00035297158
-0.31593812
-0.17148055
-0.09740366
0.008082508
0.2984641
-0.08105091
-0.12318575
-0.27939346
0.19276722
0.2584646
0.079201564
-0.43730843
0.31759766
-0.023181796
0.25519183
0.1947082
0.061127923
-0.30940023
-0.10393116
-0.30647087
-0.0757442
-0.13035433
0.015824135
-0.47628298
0.049513415
-0.35911244
-0.052092995
-0.054146234
-0.03161079
-0.38580412
-0.18068145
-0.19663724
0.07874716
0.28913063
-0.28022307
0.09591316
0.11537357
0.06298708
-0.08862224
-0.22125529
0.23810795
0.21576603
-0.035343718
0.15595943
-0.3268937
-0.26246417
0.33355632
-0.033404823
0.07521299
-0.14205766
-0.23829238
0.22918396
0.3619011
0.026566043
0.26215866
-0.06962252
0.08282123
-0.32576004
-0.04052166
-0.04197043
0.09179278
0.27684057
0.03579461
-0.32374054
-0.13150835
-0.2533602
-0.21323678
0.01320362
0.26641765
-0.046912085
0.005940623
-0.3906867
0.21956463
-0.015541599
-0.117296524
0.050384916
-0.2945653
-0.0016908369
0.19619595
-0.07785521
-0.113524005
-0.15897754
0.1963166
0.20271249
-0.26052842
-0.22475255
0.021109859
0.28670567
-0.12191919
-0.3028223
-0.24619909
-0.49395707
-0.08495421
-0.30023763
0.007963447
0.2455867
-0.2428056
-0.27314687
-0.41675752
-0.34575167
-0.3130274
-0.2396944
-0.09151566
-0.1456038
0.108660325
-0.27642065
-0.024033144
-0.16694714
-0.26189715
0.19413061
0.10483744
-0.9926687
-0.35590354
-0.20266332
-0.05335168
0.12567756
-0.05622258
0.029760696
-0.41120917
-0.18183124
0.21806183
0.22043334
0.06987322
0.12724204
-0.39725268
0.010497481
0.30386165
-0.16087326
0.026954137
0.14949505
0.30390018
-0.09762613
0.07633521
-0.13296334
-0.42605323
0.12709829
0.043634307
-0.40002495
0.3246902
0.21837407
0.32311165
0.24388672
-0.23809977
-0.5071326
-0.19705316
-0.32871225
0.25916725
0.07862759
-0.33208194
0.0725077
-0.023538804
-0.3097196
-0.18857558
-0.21856393
-0.3094473
0.02496203
-0.28208828
-0.0918245
-0.047087125
-0.00351835
0.24168898
0.037346374
0.2172862
0.24902901
-0.015140062
0.04293236
0.0029380326
0.014942449
0.32385615
0.08249149
0.23028746
-0.082966655
-0.16525829
-0.010270208
-0.13341312
0.24101226
0.0055770744
0.23799208
-0.082694165
0.2333704
0.049426246
-0.40408403
-0.6205903
-0.3128113
0.26051167
-0.22114964
-0.055745803
-0.09918172
0.04489481
-0.10068257
0.18914264
-0.024654966
0.17483638
0.1790226
0.3001108
-0.039071154
0.22942674
-0.17681332
0.36152816
-0.054631382
-0.007478821
0.18585408
0.2338723
-0.11093135
-0.06014346
0.21666977
0.2791966
0.16410947
0.13360934
-0.3580733
-0.113589205
-0.19511476
0.22971159
0.109527566
0.12785614
-0.0751123
-0.17743908
-0.04259717
0.33999187
0.1968044
0.27775523
0.19691038
0.0073134988
-0.32901385
0.040609088
-0.00607178
-0.0790755
0.06991522
0.061958045
0.0076892516
-0.06460496
-0.01693655
0.16644974
-0.03123017
0.17361
-0.291377
0.17716631
0.24341802
0.22887994
0.08600219
0.08296324
0.20475245
-0.012241929
-0.21560189
0.052662037
-0.11187059
0.087677605
-0.31289324
0.17000344
0.25270325
0.2009796
0.21181987
-0.15326232
0.0
-0.053315222
0.079827175
0.27596435
0.0
0.13125396
-0.060517747
0.16013874
-0.005078533
0.22533855
0.107523
0.2009513
0.20838791
0.19155934
-0.16544972
0.19262433
-0.11156138
-0.1544888
0.0100207925
0.19123326
-0.13023585
-0.03553112
0.2582171
-0.09836092
-0.20764862
0.15918644
-0.16013654
-0.09631597
0.13380723
0.19572274
-0.0777899
0.034290574
-0.007250646
-0.11035938
-0.080420144
0.14027499
0.11761331
-0.037447087
-0.19113867
-0.14208429
-0.14420076
-0.114809796
-0.13591947
-0.16272192
0.1553898
-0.13588613
-0.024784254
0.18406351
0.15447071
-0.11241294
-0.13159624
0.21060199
-0.1272813
0.17021628
-0.22491428
0.0
-0.11885886
0.15056482
0.03351424
-0.1476331
0.15020312
-0.21125774
-0.15036036
-0.016063383
0.30616942
-0.11082133
-0.15942974
0.13109659
0.173789
-0.060727347
0.20471339
-0.13088287
0.10233044
-0.10126792
0.07185261
-0.100179404
-0.13295726
-0.04136069
-0.07356226
0.16294117
-0.24914518
0.2072293
-0.055270396
-0.06563695
-0.0017184019
-0.17930096
0.19111614
-0.081515305
-0.10133956
-0.06620706
-0.13998571
-0.04729659
-0.05528423
-0.06382389
0.056321763
-0.076798744
0.04540765
0.09092557
-0.060815237
-0.054035906
0.0475793
0.06267546
-0.12982443
0.07753448
0.08834517
-0.1611206
0.0784828
0.094376445
-0.10988001
-0.13087046
0.13600676
-0.12254957
0.22973573
0.07964751
0.1021581
-0.11897912
-0.05406196
0.24701855
0.09171503
0.07563716
0.05822845
0.07521481
0.12851885
0.07503635
-0.13710158
0.12577686
0.06772545
-0.13691759
-0.08041923
0.054465372
0.11092339
-0.15668873
0.12502241
-0.06436646
0.122930996
0.09730676
0.067633525
-0.07970857
-0.06456457
0.14424743
0.11742087
0.075940005
0.08398529
0.1466151
-0.22390625
0.1038345
0.0521758
-0.061341234
-0.13566448
0.08679876
-0.12923351
0.046752397
-0.15566352
