49
2
120
1
relu
line
1
1
-0.082463905
0.28113872
0.33747613
-0.27010533
0.5869319
0.63026047
0.30515683
-0.19984047
0.21109897
0.17269915
0.9807703
0.4650875
-0.035207484
-0.13061237
-0.20544498
-0.050319277
-0.008217967
-1.843761
-0.08999743
-0.31466216
-0.5196258
-0.0046984
0.11217659
-0.17026709
0.21139717
-0.07803904
-0.058065414
-0.16617109
0.036409423
-0.35440364
0.15500347
-0.16537745
-0.023533814
-0.1760301
0.95260686
-0.58885336
-1.4474546
0.03096324
0.27312046
0.29671562
0.95870155
-0.14053768
-0.13724355
-1.3070074
-0.28294462
0.13664305
-0.6150395
0.24232817
0.40127274
-0.1798082
0.027190888
-0.19825518
0.12429214
-0.2930595
0.042915568
-0.20004563
0.2488724
-0.46944606
0.41362068
0.118321195
0.060969565
0.09586773
0.0016800554
0.34405106
0.18479925
1.0926871
0.8516939
-0.19170918
-3.0285914
0.2551604
-0.1632964
0.07593527
0.19624424
-0.4813936
-0.7332632
0.042965095
0.26775432
0.4483731
-0.2147667
-0.120530225
-0.28097922
0.18588102
0.039411824
0.096324325
0.08395363
0.07231391
-0.18397695
-0.025684629
0.30952513
0.45187923
0.20430893
-0.15555175
0.0017843976
-0.32713822
0.19884866
0.041997615
0.69541705
-0.2895911
-0.1759298
0.14879757
-0.05398759
-0.70542014
-0.3312963
-0.07903288
0.22280794
-0.18307407
-0.25283882
0.2490738
0.07806522
-0.7592841
-0.004399603
0.030429767
0.16438875
0.34242713
0.099363
0.04842941
0.490286
0.19156733
-0.23810697
0.78962415
-0.89439446
-0.0051694214
0.68187904
-0.13371533
-0.0634198
-0.0012912112
-0.29385245
-0.37904823
0.5047572
0.14190605
0.41267276
0.84024835
-0.20272839
0.06724957
-0.711378
-0.19537558
0.4030653
-0.025554108
-0.34901914
-0.0006374289
0.2570462
0.014473062
0.1416616
-0.07101482
-0.9498831
0.4965227
-0.05870423
0.13875002
-0.17002983
0.015394965
0.39941862
-0.40789127
-0.033635437
-0.15239401
0.08059063
-0.27890807
-0.11780665
0.017801393
0.17255038
-0.09875162
0.5567732
0.34136426
-0.25784594
-0.27698612
-1.3569915
0.67017394
-0.54854083
-0.19042102
0.10019182
-0.21037434
0.1918572
-0.11153147
0.21563676
0.60572225
1.3292291
0.1652901
-0.044039875
0.43702874
-0.13865079
-0.15374799
0.028149217
0.008318006
-0.00012483326
-0.288937
0.16019207
0.94207263
0.2950415
-0.2528999
-0.15169458
-0.29930326
-0.7076207
0.34813896
-0.1427212
-0.02843396
-0.77532274
-0.15133518
-0.057358533
0.36760256
-0.52052593
-0.38231125
-0.11277336
-3.577012
-0.19313096
-0.15715833
0.09356803
0.18282731
0.14625748
0.07830754
0.1985479
0.5997694
0.7034985
0.021927454
0.24539286
0.20331413
0.009026736
0.039781053
0.20189376
1.0087135
0.22312479
-0.09959115
0.042423952
0.5891251
0.31598002
-0.24758022
0.09601548
-0.12972376
0.20254202
-1.6031703
-0.22423604
-0.45495418
-0.17312855
0.21103844
1.0283843
0.035990775
0.4232207
-0.13553694
-0.3704824
0.19683968
-0.40256873
-0.08511333
-0.2826872
-1.011549
0.15563737
-0.2500959
0.08176224
1.1068981
0.28776288
0.6173101
0.8690821
-0.30124193
-0.23775423
-2.0430179
-0.26714548
-0.14992785
0.2823576
0.31160972
-0.8160858
-0.43497497
-0.121238224
0.14741166
0.42651933
-0.36856392
0.114654124
-0.105023965
0.52072966
-0.8647226
-1.6172467
-0.30876982
-0.38073593
-0.12282563
0.24808668
-1.5047088
-0.13036089
-0.48806268
-0.16912682
-0.24053623
0.13241312
0.050005905
-0.29078132
-0.24889228
0.085171185
-0.027225763
0.5812883
0.17147973
-0.17457299
0.5819024
0.023683667
-0.1259507
0.37966505
0.06497473
1.160672
-0.44649577
0.20000955
-0.19508521
-0.47084558
-0.33064142
-0.2111284
-0.012164658
0.09452467
0.19923028
-0.38105074
0.3223604
-0.4371453
0.1184423
0.04819542
0.08715065
0.41485697
0.33161736
0.14836103
-1.5873872
-0.07772588
0.48446003
0.17554736
0.32631713
-0.08885102
-0.25855124
-1.3061265
-0.17236908
-0.022266403
0.045049235
0.3269999
-0.14648448
-0.37793854
-0.115604505
0.26982272
-0.018601382
0.45217374
-0.16067623
-2.319463
0.050009757
-0.22941063
0.6893408
0.40998828
-0.13143933
-0.48258206
-0.040299114
-0.108430885
0.17301293
-0.08362381
0.25772476
-0.1601056
0.43806845
-0.39553142
-0.0365945
-0.21898001
-0.10233542
-0.080235496
0.04195453
-0.27682626
-0.54727465
0.23195885
-0.15812546
0.36156183
0.33659047
-0.08176058
-0.12861528
-0.084284104
-0.36174685
0.038397852
0.19185941
0.50820625
0.001622324
-0.3036575
-0.042539045
-0.28982526
-0.30908737
0.4213645
-0.062118128
-0.20021528
-0.006055622
-0.16097192
-0.22984599
-1.0155059
0.13582104
0.11641344
-0.25032523
0.2013422
-0.09391138
0.21321504
-0.16980173
0.30636013
-0.77298206
-0.60070115
0.70811605
0.7496903
0.17006803
-0.051317073
-0.8812632
-0.34984753
-0.2462683
0.53731173
-0.09495508
-0.3886791
0.31433174
0.039035242
-0.19150712
0.9555187
-0.56702656
-0.09452084
-0.91734546
-0.20120703
-0.0115068555
0.48790842
0.28838283
-0.9042404
0.18602781
0.18656212
-0.18879488
-0.15498091
0.38604265
-0.08787734
0.1666107
1.4220921
0.33971947
-0.5287961
-0.11714776
-0.7262307
-0.0026411712
-0.37337822
-0.075362034
-0.78890586
-0.55198437
0.00578508
0.010954171
0.18157417
-0.28181276
0.17228834
-0.20906824
0.39008918
-0.18801758
0.17757422
-0.08916225
0.27739596
-0.22225282
-0.59203696
-0.30500323
-0.23309082
-0.35034803
0.07379551
-0.22634226
-0.072591074
-0.4709576
0.42187297
-0.24795704
0.4016216
0.23932372
0.19933741
0.4012846
-0.3039383
-0.06220225
0.3941569
0.20175861
0.0688746
-0.27772814
0.20291477
0.035566036
-0.9829428
0.4043662
-0.31697208
-0.3368354
-0.11995452
-0.3770259
-0.20826335
-1.9325131
-0.104881406
-0.9125063
0.3732353
0.20175663
0.22921148
-0.07051008
0.12721972
0.049267754
0.18225136
0.13759837
-0.4048896
-0.110437445
0.1803068
0.07680012
-0.8475268
0.14312625
-0.027588407
-0.019622453
-0.022238165
-0.01840445
0.03758032
0.18066458
-0.003130762
-0.123411305
0.055856884
-0.3529511
0.39174026
0.06794867
-0.16636185
-0.5227894
-0.26344556
0.070625044
0.11594431
0.1307788
-0.4307351
-0.0089358
0.7167557
-0.07449022
0.12341915
0.18699187
0.418819
0.44712803
-0.13334185
-0.55272317
-0.03957095
0.17886935
0.89044434
-0.2671408
-0.4609565
0.29025993
0.33662343
0.61720634
0.19560537
0.09379718
0.21113351
0.18013026
0.14033234
-0.28027028
1.0531701
-0.22631411
-0.09097918
-0.21800995
-0.23226197
-0.29829964
-0.28718185
0.14221965
0.2642132
-0.038933128
-0.36195943
-0.5554264
0.39276856
0.053909253
0.3988647
-0.29891235
-0.8395304
-0.03010681
0.037134115
0.096712515
-0.010666302
0.13049433
0.039829254
-0.08429232
0.07602295
-0.28686404
0.12886445
-0.30372104
-0.24089582
-0.2617014
0.047614515
0.33048064
-0.14957717
0.14698704
0.2066308
0.19416304
0.089089625
0.026012544
-0.08873463
-0.10402902
0.19765174
0.21056163
-0.8532904
0.3748199
0.44871563
0.28226876
-0.13798183
-0.1813035
0.25679344
0.7979339
0.78471714
-0.12234338
-0.53752667
0.10710641
-0.50074285
0.2714203
0.40129587
-0.2505645
0.011330317
0.055421278
-0.20279121
0.10043787
0.12550189
-0.47786185
0.7417834
0.08877786
0.31458065
-0.2360835
0.5430309
-0.52129126
-0.10131841
-0.05508125
-0.03703189
-0.292291
-0.06676138
-0.3873024
0.14036018
-0.051730905
0.37544098
0.34456998
-0.33472052
-0.06911779
0.70492554
-0.7127923
-0.009864032
-0.06877825
0.03670716
0.119241446
-0.23674956
0.70686805
0.32534242
-0.45807254
-0.13019076
0.28383118
-0.33785242
0.086113416
-0.18393971
-0.27486897
0.43726537
-0.026002547
0.42346337
-0.56026083
0.7328858
0.480244
0.00046497583
-0.19870616
0.009683878
0.42545867
0.22067726
-0.36892754
-0.01151363
0.29192075
-0.3404285
0.5382606
-0.6826135
-0.29491368
-0.28434503
-0.21228142
-0.02560252
-0.13425162
0.15319535
0.69023985
1.6101583
-1.8750066
-0.033812054
0.23423457
0.28840682
0.16341062
-0.015207861
-0.037050843
-0.39731565
0.27146852
-0.005084499
0.16175863
0.13663691
0.0015467977
0.3263575
0.094788976
-0.31569865
-0.081741385
0.13741703
0.3311723
-0.13525848
-2.7953107
-0.026342085
0.14013085
-0.759163
0.18683487
-0.2049737
-0.25868252
-0.053767323
-0.41748175
0.4943833
0.10578236
-0.023911715
-0.1929952
0.08461378
-0.47027057
-0.09997553
-0.06812626
0.11586019
0.20963737
-0.09006552
-0.65048283
-0.3491691
-0.02145278
-0.1018092
-0.4596018
-0.49686494
-0.08648071
0.13494058
-0.13904461
0.15834415
0.5361137
-0.0015812763
-0.072111845
0.007274834
0.06536096
0.21752566
0.20202294
-0.39140037
-0.32951415
0.0023880303
0.24009836
-1.0686986
0.14958647
-0.18961182
-0.1558128
-4.602842e-05
0.11346205
0.21012494
0.12952787
0.26397356
0.090916105
-0.0071979207
-0.011849435
-0.45730388
-0.20106626
-0.410847
-0.03355086
-0.4505323
-0.015556036
0.08913194
0.06520518
-0.14885092
0.13053736
1.4464171
-0.050087422
-0.5072022
-0.05660598
0.27671796
0.05917931
0.1223842
-0.0059154024
0.86483765
-0.03705316
0.66119736
-0.09807215
0.2609572
0.32957157
0.022421734
0.38114843
-1.8498363
-1.0614154
0.3106286
-0.050794065
0.6454734
0.579583
0.025116965
0.61180776
-0.21959394
0.26051283
-0.44855848
-0.42969304
0.30837405
-0.09363242
0.27938414
-0.32267427
-1.8528366
-0.16584179
-0.18083678
-0.068344675
-0.475692
-0.96006286
0.10483128
-0.09482789
0.116522595
-0.22610228
0.55563694
-0.22566347
-0.21112585
0.05690974
0.45592284
0.36330453
0.052824944
-0.8290539
0.10350437
-0.32110643
0.14994189
0.03528303
-1.0292625
0.21130055
0.26411933
-0.45962042
-0.14090213
-0.2327416
-0.38165218
-1.1904547
0.21495269
0.021590857
-0.2413477
0.4036428
-0.13108623
0.2453146
-3.2550673
-0.7229069
1.2651798
-0.2490116
-0.11045049
-0.18436356
0.36413306
-0.09075363
0.22124669
-0.14314267
0.0038406295
0.7560641
0.86392033
0.31182605
0.25286433
-0.25370082
-0.13537428
0.10966414
1.5748183
0.47838745
0.27096662
-3.9372578
-0.37369677
-0.20662504
-0.23227811
0.19911717
0.68222815
0.14938521
-0.3221656
0.013782099
-0.2908575
-0.038001962
-0.041557778
1.1339929
0.1978611
-0.040232778
-2.1545892
-0.17380592
0.013917581
0.29238933
0.26856068
0.12437095
-0.4031761
-0.479314
0.06962867
-0.27102554
0.10960058
0.31379443
-0.019923877
0.8004537
-0.08684635
-0.73943454
-0.013908054
0.12562123
0.7563581
-0.58447677
1.2466016
-0.1730067
0.1564719
0.2167498
0.12910253
0.047493804
-0.0064155376
-0.37777045
-0.13802613
-0.29433516
-0.06845906
0.34525797
-0.07906624
-0.14752613
-0.052384708
0.24770862
0.39384997
0.28509828
0.38422143
0.51531565
-0.041282605
-0.3122897
0.9718001
0.26060668
-0.24916552
-0.0033639409
-0.25032306
-0.3210443
-0.2776771
-0.013063431
-0.9543189
-0.043298416
0.29894018
-0.13666098
0.12316604
-0.10426214
-0.22559042
0.11753602
0.22676526
-0.25292698
0.018542372
-0.3011063
0.34311742
-0.046584405
-0.2650674
-0.43462765
0.21008162
0.54351115
-0.22982407
-0.09037066
-0.2386557
-0.30425045
0.01819536
0.3195678
-0.4742569
-0.032863975
-0.28566176
0.35076022
-0.2389317
0.15786201
0.20781577
-0.5898158
0.93099463
-0.0053866305
-0.29533312
0.22472921
0.27153832
0.25571778
-0.09553331
0.6288513
-0.10593391
-0.12145813
0.30153084
-0.89922297
0.11658621
-0.1390936
1.1677608
0.07062155
0.4597946
-0.075208984
0.30502367
0.054990083
0.15236418
0.9170374
0.7375077
-0.16002984
-0.07951053
-0.0052658916
-0.19707386
-0.5037173
-0.17554125
-0.059346262
-0.22327209
-2.1414306
0.31131697
0.43308467
-0.07194829
0.19643517
-0.60408
-0.32022968
0.4261589
0.22043723
-0.12262706
0.68988013
0.4379285
-0.14629789
0.58896846
-0.025565593
0.28080055
0.043421146
0.020269902
0.055808257
0.012067709
0.2437761
-0.46495557
-0.1381132
-0.11992745
0.16460192
-0.31254956
-0.30246076
0.20458975
-0.2636554
0.100217156
0.6641958
-0.1496035
-0.40336102
0.063106686
-0.16008185
-0.31614918
0.61859953
-0.35239038
-0.6393811
0.11932245
-0.041715313
0.2649541
0.34527624
-0.0875582
0.0234664
-0.40425137
0.21219283
-0.16933736
-0.16283195
-0.32979718
0.45705712
0.34123883
0.30055597
-0.2341041
0.06352946
0.037251364
0.013286263
-0.19137128
-0.08436269
-0.24564897
-0.38568878
-0.0958144
0.13857722
0.3074007
-0.3510233
0.2942847
-0.37557217
0.21331382
0.35964677
0.24450646
0.44047812
0.3119054
0.42364377
0.22668886
0.017674547
0.5113361
0.38520902
0.31414968
-0.04669994
-0.2608595
0.43713266
-0.3234576
0.03545293
-0.21540645
0.41934553
-0.099992365
0.32572418
-0.1880732
0.06478873
0.22517715
-0.26786226
0.33134642
-0.014008277
0.02998257
-0.3539562
-0.8586873
0.9890538
-0.03307957
0.3828256
0.08846912
-0.015685989
-0.034189478
-0.8261126
0.19220774
-0.20012484
-0.11580865
-0.79484016
0.14689943
-0.051519692
-0.16410615
0.121434875
0.65659934
0.07015843
-0.43821225
0.22454393
0.114556395
0.7928065
0.18717776
-0.0053126845
-0.05968848
0.20560385
0.39349207
-0.22467682
0.2619804
0.06518449
-0.06443785
0.084576495
-0.013085648
-0.21665196
0.10763169
-0.6812871
-0.09278675
0.16151688
-0.48403507
0.078948885
0.16338229
0.33931726
0.75326467
-0.059325453
0.2647142
-0.08000301
-0.2402997
0.005847213
0.25686425
-0.0027027836
-0.157417
0.038956434
0.15640905
-0.022646189
0.00813957
0.053955562
0.32930335
0.27010825
0.12830478
0.14443314
-0.12486815
0.47192696
-0.3139108
0.013878055
0.13855703
0.15370256
-0.10560388
-0.2268249
0.04561726
-0.45722905
-0.2983138
-0.5903433
0.31394348
0.45467153
-0.20750977
-0.47119114
-0.34748435
-0.43547145
-0.3228781
-0.43141747
-0.12105023
-0.2101752
-0.4536879
0.13499235
0.55394536
0.1738939
-0.0119663235
0.11900145
-0.16732274
0.19223844
-0.07002132
0.27484256
-0.18167499
0.2981198
-0.13910338
-0.21659715
-0.13688003
-0.3699707
-0.08121062
0.058085334
-0.24297258
-0.021608979
-0.20306405
-0.09805034
-0.07834241
0.12795997
-0.0693586
-0.085653126
0.18109375
0.24225698
0.302755
0.1511173
0.01937937
-0.44766024
-0.1575898
0.13947542
-0.035133168
0.28288752
-0.14487426
-0.15917586
0.18274446
0.21142963
-0.1545739
-0.21954493
-0.030128255
0.14219949
-0.12693207
-0.5767382
0.1152381
0.091555156
-0.12715474
0.10627639
-0.061809808
0.06541771
0.0057918006
-0.36757812
0.2424233
0.28519878
-0.34745112
-0.38567305
-0.024335308
-0.02429237
0.18176036
-0.3533155
-0.040648486
0.32830942
-0.11279383
0.16458939
0.06842708
0.0970795
-0.24660997
-0.32459232
0.27869168
-0.12135568
-0.43722832
0.29469204
0.093644105
0.6129861
0.5037294
0.107809976
0.824178
0.034653127
0.10150693
1.3131078
-0.35225266
-1.10229
0.25470382
0.10930002
-4.9826455
0.323421
-0.18653776
-0.21589604
0.42589477
-0.7310493
0.43437183
0.6490783
-0.44428656
-0.7084442
-0.06288993
0.20570235
-2.7674272
-0.19511293
-0.9543577
-3.0768702
1.2610582
0.29789805
-0.12827396
-0.27133918
0.06892193
0.44768277
-2.1020746
-1.5614268
-0.023022857
0.26278824
-0.25033003
0.52002156
-3.0379
0.31961152
0.20958292
-0.017288774
-0.059990115
-0.26867676
0.006337583
0.2279861
-0.037094265
-0.2756157
0.6527725
-0.041533828
-1.6997939
-0.07645944
-0.041723665
0.269431
-0.11547771
0.2992224
-0.014875776
0.05219866
0.29953426
0.7371323
-0.016791914
-0.49209514
0.18131647
0.08652343
0.9116124
0.3409869
-0.1437655
-2.642494
-3.2336075
-0.31822973
0.9317709
-0.5473537
0.533049
0.48592612
0.0075064898
-3.0966437
0.37594807
0.3943151
1.6754588
0.29971823
0.13823463
0.1297308
-0.2135762
-0.34361982
1.6567081
-0.13956311
-0.12529941
-1.2123097
-0.17044325
-0.62173045
-2.070255
0.04732139
-0.797993
0.2673964
-0.54424477
-0.10930529
-3.6310115
-0.5390073
0.72733825
0.005263597
0.39797536
-0.15278843
0.23392425
-0.29690647
-0.22135954
-0.0151918605
0.2966376
-0.16690437
-4.7535625
-0.041064173
0.022705367
0.17752364
-0.25015214
-0.11280212
0.56532496
-0.3049803
0.20472078
0.68528825
-0.26567325
0.08706615
0.0012251658
0.0082809245
0.55852765
-0.41276208
0.11536179
0.16962644
0.41519165
-0.6531099
-0.11119835
0.021941386
-0.12776305
-0.20798275
0.113379665
0.23865533
0.11505851
-0.668433
1.6174577
-0.35820198
0.07313993
0.41229343
0.78586847
0.6197594
-0.264885
-0.36446977
-0.67979604
0.52843887
0.82719904
-0.56532836
-0.030512601
-0.23898801
-0.08416831
-0.13085304
-0.5975029
-0.5203704
0.40118104
-0.0017880067
0.34952173
0.36087623
0.6952338
0.8279358
0.15107971
0.18620181
-1.3019046
0.17364562
-0.14573674
-0.25257853
-0.11091681
-0.07810986
0.023828117
-0.20879461
-0.6402148
0.19876045
-0.2888687
0.6521405
-0.53594583
-0.25063634
-0.4854946
0.32285327
0.0087634325
0.6115989
-0.19131063
-0.45797476
0.11629939
-0.34023806
0.29717526
-0.22703393
-0.20933005
-0.6538954
-1.0856713
0.0014390647
-0.050035447
-0.3476683
1.0229542
-0.018680727
-0.20067851
0.3147727
-0.19479486
0.17007092
0.25652814
0.33300152
1.061015
0.9888706
-0.25796872
-1.0809898
0.061847005
-0.16807394
-0.6648942
0.32017094
-0.6191258
-1.1299696
-1.3623257
0.5203526
-1.0709052
0.010209733
-0.30409715
0.3120718
-0.4578152
-0.11245015
-1.219627
-1.5452217
0.1285135
-0.045920312
0.42294696
-0.4459659
0.8219544
-0.32341054
0.078237265
0.63728124
-0.2924447
-0.3357655
-0.020711921
0.58885974
-0.57307154
0.45259082
-1.4610465
-0.32092956
-0.1149607
0.5272303
0.1170613
-0.2654956
0.48097086
-0.9605692
0.36289543
1.0387516
0.1498639
0.71849597
0.13004467
-0.62032837
0.057905626
-1.4876448
-0.52213156
-0.21331766
0.44164026
0.694915
0.5295417
-0.14213535
-0.10195085
0.15834618
-0.21876745
0.63516015
0.35070816
0.6710096
-0.4513395
-0.2848202
-0.37586054
-1.1190693
-0.2297388
0.5942926
0.06696689
0.39882997
0.4057627
-0.37062815
-0.5866806
0.30536506
0.48442343
0.042221174
0.2038506
0.26727343
0.15252951
0.36291417
-0.082541406
-0.30024922
-0.023560842
0.15159705
-0.5521139
0.08070695
-0.20048618
0.18770003
0.019331023
0.071828246
-0.65573484
0.21977392
-0.33519652
0.057176024
-0.09364642
0.09991073
0.24470386
0.59199256
0.10818095
-0.36216956
0.137837
0.11070849
-0.093100645
-1.0161424
0.48888877
0.030759811
0.1321663
0.09022405
-0.15188625
-0.32853863
0.48248857
-0.16538237
0.6782765
0.09460637
0.15657753
0.038546704
0.2851431
0.27967066
-0.29996487
0.15529941
0.22115807
-0.28775376
-0.32690355
-0.63234144
-0.44167712
-0.30148575
-0.18088196
-0.635543
-0.53335905
0.06297139
-0.41710496
-0.24695681
-0.4119473
0.045358423
-0.35476536
0.024196655
-0.10301527
-0.104560085
-0.67054904
-0.20044011
0.14702928
0.16801924
0.48527166
0.24252954
0.28714573
0.021922208
0.13537353
-0.04276557
-0.27530167
1.0522493
0.15988697
0.32115543
-0.46247742
0.31454423
-0.009495225
0.0988158
0.58149683
0.47397426
0.031654757
-0.27873838
0.29696545
-0.64287484
0.3974309
-0.2867622
-1.1215523
0.66038054
0.5214708
0.036275953
0.6381422
-0.7964518
-0.12530766
0.20073827
0.0867206
-0.82080436
-0.43840647
-0.23853123
0.3186366
-0.28178594
-0.50643563
0.3811676
0.37155548
0.0108960355
-0.23757605
-0.35795373
0.269224
-0.42174026
0.17750844
-0.0682435
-1.3531984
-0.53389335
0.47156146
-0.2311762
-0.34369767
-0.19942947
-0.14281474
0.29312778
0.17190321
-0.15416127
-0.15062429
-0.03537415
-0.045428544
-0.18065323
0.25592884
-0.20215061
-0.22835204
-0.44574755
0.24007063
0.49059165
-0.035912953
-0.03361091
0.13597964
0.56888777
-0.24357678
-0.33510596
-0.3443567
0.11399573
0.076658
-0.060805634
0.32098535
0.4087128
0.17389794
-0.037576586
0.30099645
-0.41413552
0.33267823
-0.20047279
-0.15292265
0.24854946
-0.1808261
-0.15296817
0.55137616
0.02545235
0.16385542
0.67662936
0.27613246
-0.047257204
0.011603368
0.667394
0.75428104
0.089185014
0.5545297
0.04087376
-0.6518853
0.32474887
-0.33048058
0.55791205
0.16916505
0.124574244
0.15448682
-0.31998596
0.124788456
-0.05258062
-0.31698024
-0.32401752
-0.24688983
-0.09748328
0.46090323
-0.3788296
-0.28602
-0.1936895
0.020563956
-0.11972346
-0.025852118
-0.23866417
0.4035634
-0.40476775
-0.22115645
0.35642394
-0.37108883
0.019487869
-0.17876855
0.32327
-0.27126333
0.56433845
-0.11477324
0.14093074
0.425526
0.012578328
0.3031425
-0.18735287
0.35282826
0.3407611
-0.07801213
0.16118607
-0.3653065
0.5331525
0.31424832
-0.062229604
0.739294
-0.028230077
-0.0001752543
-0.09777383
0.5371059
0.49537453
-0.06043588
0.25164658
-0.057308853
-0.43813697
0.27309015
0.020488964
-0.06351177
0.09542792
0.23150301
0.02780681
-0.076841354
-0.2675089
0.17956448
0.071383275
-0.7344723
-0.36995947
-0.36424458
0.09045027
0.26541203
-0.42936197
0.35022792
-0.40064603
-0.25681365
-0.19850364
-0.061635297
0.32289472
-0.2225464
-0.72973436
-0.124323204
0.043201506
-0.41886845
0.048570752
0.061446622
-0.14452969
-0.063602306
-0.26524192
0.16574356
0.03208658
-0.22209029
0.19406183
-0.28340074
0.24087387
0.08511504
0.40213054
0.43522486
0.09817998
-0.3472573
-0.025568413
0.053930253
-0.20732588
0.43060195
-0.23363589
0.01954341
-0.29199725
-0.0039922725
0.15666656
-0.14901352
0.2770652
0.47739422
0.062164437
-0.34982353
0.010749131
0.3208963
0.29760256
0.023909064
-0.2828898
-0.16901918
0.2850678
-0.089572184
-0.20553274
-0.40688655
0.1964433
-0.3050251
0.024773903
-0.115293495
0.50335276
0.4164769
-0.19304115
0.03612473
-0.5894926
-0.22498383
-0.078504026
0.884041
-0.26426426
-0.3919962
-0.24159932
-0.30993557
-0.23415336
0.16302754
-0.1331255
0.25275066
-0.32882738
-0.27021384
-0.046898916
0.21751687
0.47559425
-0.1886009
0.4168674
-0.24273233
0.23049927
0.43625012
-0.30260044
-0.118877634
0.029765466
0.084222734
-0.64960825
-0.18976569
0.14703216
0.11103999
-0.12123192
0.08815281
-0.38697883
-0.7567233
-0.63776755
0.2996208
0.07313796
-0.011793942
-0.041490465
-1.8884499
-1.1812239
0.8540786
0.20988038
0.08195191
-0.7490581
-0.48483703
0.09346705
-0.23084676
0.8022407
-0.48539492
-0.07672039
-0.17831285
0.22124527
0.18574807
-0.880989
0.23764294
-0.24277478
-0.37716872
0.14757581
0.21232799
-0.89610964
-0.14414778
-0.18171112
0.8382532
-1.374076
0.14531438
-0.08738987
-0.26779652
-0.23546511
0.45619878
-0.024387866
0.83680016
-0.3324611
-0.5811999
0.8288572
-0.69245577
-0.32287538
-0.13969147
0.26688495
0.30111298
0.2082271
0.0036486846
-0.23427261
0.42365825
0.5702905
-0.3045443
0.6482332
-0.43017432
0.30659795
-0.19081774
-0.12955287
0.20388515
0.14967972
-0.014025629
0.12302418
0.7713721
-0.09807132
0.3791643
0.71652454
0.33780065
-0.059720166
-0.19345093
-1.592647
0.1630346
-0.21513565
-0.72651696
-0.2707416
-0.050537333
0.29675165
0.052896142
-0.2958906
-0.60969615
-0.8058788
0.48247784
0.9223682
-0.2232136
0.41041732
0.044719636
0.36437643
0.347561
0.21581537
-0.09068271
0.32209897
-0.7930118
-0.07839734
-0.6610823
0.2965578
0.23317914
0.15568697
0.12575819
-0.08061086
0.70423603
-0.3675184
-0.146924
0.089622706
0.7599651
0.27771288
0.12409783
0.17669152
-0.3336043
-0.1824332
0.18051168
0.18094152
-0.08918788
-0.6981297
-1.0133371
-0.11988019
0.026882606
0.3103736
0.3148426
-0.399329
0.02905258
-0.13347815
0.5629181
-0.72243106
0.31641334
0.02167785
0.41027185
-0.341783
-0.50482637
-1.3830168
-0.38449097
0.45497403
-0.7007681
0.0037059265
0.12364385
0.52668476
0.21389803
-0.043540046
-0.21422397
-0.24831751
0.107132286
0.5954374
-0.17910483
0.075515985
-1.1210635
-1.5230299
-0.06612473
-0.04722059
0.2255895
-0.37565428
0.2585635
0.22017859
0.7303942
-0.53122634
-0.04368983
-0.04550351
0.30627394
0.18726414
0.37953746
0.039643496
0.12943992
-0.17693457
-0.18525364
-1.1286582
-0.70196295
0.12731245
0.23061153
0.19808254
0.05792466
0.21658523
-0.026679873
0.21140283
0.33974436
-0.15841219
-0.30330744
0.4186254
0.056528654
-0.1790289
0.11247315
0.21827225
-0.020795666
-0.29240844
-0.10164741
-0.13306214
-0.4247349
0.052006245
0.17305292
-0.02890144
0.64916515
0.20408933
-0.022198468
0.077545404
0.133954
-0.17130092
0.036758233
-0.25676778
1.0395018
-0.7616105
-0.13215126
-0.58375645
-0.2633612
0.45997754
-0.160547
-0.41991574
-0.2297212
0.0054678847
-0.26204205
-0.028421732
0.5060761
-0.45285016
-0.11853336
-0.04274082
-0.56552863
-0.24715176
-0.5504311
0.14243674
0.21937415
-0.043019384
-0.017228669
-0.06728461
-0.12880269
-2.351692
0.2927299
-0.31850466
0.044178843
-0.22534378
0.048694935
-0.18521126
-0.07556408
0.28306842
-0.1210514
0.0676907
-0.20756236
0.49768424
-0.7306374
0.30687112
-0.18077397
0.13923874
0.25479338
-0.8245222
0.15839419
0.2771743
0.26310682
-0.24741976
0.05815065
-0.14033498
0.16064864
-0.3564894
-0.1902927
-0.3617773
-0.07244258
-0.45704037
0.020868191
-0.6298438
0.15148465
0.09706012
-0.18435743
-0.0883953
0.13972336
-1.3896965
0.15152729
0.33709258
0.21664457
0.709384
0.4767062
-0.08232806
0.13521834
-0.23238179
0.09036935
-0.15570225
0.045843836
0.08982976
-0.28087577
-0.3977823
0.15792303
-0.3196895
0.022507846
0.17898563
-0.017760584
0.3379519
0.30455503
0.15361077
0.1683516
-0.7644275
-0.2948999
-0.22592953
-0.20511603
0.13510719
0.21640256
0.3408181
-0.048712354
-0.40352067
-0.30764478
0.53404075
0.019562593
-0.2350998
-0.23825637
0.39900059
-0.62224907
-0.17651759
0.043910068
0.09955868
-0.22571404
-0.30414954
0.023877304
-0.017038107
0.08775595
-0.1363913
-0.18037535
-0.25890753
-0.21742764
0.07860024
-0.19948038
0.11978042
0.24142669
-0.2565053
0.114550136
-0.1898339
0.31806144
-0.5197704
0.20852393
-0.029753601
0.1499651
-0.5916972
-0.14176735
0.311324
-0.19337673
0.10079045
-0.23135795
-0.006621697
0.13298929
0.01685062
-0.31745905
0.09074747
0.18898182
0.6020752
0.12842913
-0.07938839
-0.004381817
-0.052230187
-0.011096975
0.75318956
-0.30886734
-0.31514573
-0.17235611
0.6157391
-0.28674936
-0.15409832
-0.058051463
-0.043629434
-0.27339134
0.0057400465
0.13255402
-0.113503754
0.29255638
-0.25182948
-0.042722687
-0.29360574
0.42835942
-0.83881384
-0.77550215
0.051438775
-0.17548752
0.035374805
-0.5452854
-0.45476553
-0.31514353
0.22498235
-0.0988209
-0.55502415
-0.037881386
-0.46149385
-0.31087145
-0.10504605
0.22608009
0.053624243
0.14212622
-0.2655292
0.11606291
-0.24497445
0.42103335
0.728754
-0.4843265
0.18244055
-0.3688042
0.5163807
-0.2245487
0.08466291
0.20869821
0.23282576
0.21338814
0.032168694
-0.16272973
-0.26491335
-0.37419048
0.015613234
-0.26658475
-0.8294748
-0.053739186
-0.3406715
-0.15838
-0.019232139
-0.34090787
0.09468349
0.2020262
-0.095101595
-0.21508974
-0.21660282
0.09951636
-0.24355523
0.27072108
0.10661937
0.02229147
-0.097958125
-0.76428926
0.24759197
-0.16298404
0.38034606
-0.23409903
-0.053887177
-0.0010981055
0.19704753
-0.0628418
-0.27563944
0.008954477
-0.17165427
0.14693326
0.054992206
-0.13097726
0.28380957
-0.16976088
0.070559174
0.23304936
-0.27279714
-0.15082334
-0.22283779
0.13389094
0.30286017
0.48054206
0.16444279
-0.1779381
-0.018403966
0.3061066
0.003891339
0.27346945
-0.14252257
-0.00061745965
-0.15252312
0.6879737
-0.5402907
-0.082265645
0.15152842
0.08040853
-0.37241176
-0.013202014
0.27877364
-0.28982747
-0.32400128
-0.15112115
-0.6082682
-0.02594993
-0.115535095
0.01177749
-0.5319361
-0.16894902
-0.0883858
-0.0880107
-0.3361834
-0.29549614
-0.12685023
0.23388338
-0.10316336
-0.06421624
0.25872388
-0.119336754
-0.9828634
-0.034965638
0.069755346
0.031803362
-0.3039487
0.038353678
-0.1208445
-0.27740404
-0.07695754
0.12878677
0.18635394
-0.19130327
-0.31956145
-0.018514132
0.27745458
-0.34901446
0.06358573
0.16166472
0.06449505
-0.052491304
-0.15745758
-0.057554543
-0.0618177
-0.22922294
-0.3889569
0.14474794
0.2942815
0.15833119
0.075177535
0.044232585
-0.038080517
0.159397
-0.295741
-0.020747127
0.16285405
-0.08926506
-0.25221077
-0.066439785
0.28191888
-0.21426493
0.09709442
0.25046697
-0.19059359
-0.01761907
-0.09424937
0.2746204
0.11432331
-0.0845692
-0.41243464
0.14621718
-0.09037471
-0.034353558
-0.20359652
0.26610693
0.09397638
-0.36916837
-0.27115136
-0.33048078
0.10052676
-0.31722513
-0.20204024
0.3633844
-0.16961311
0.08008487
0.13197646
-0.021529237
-0.022417814
0.11263287
-0.08666487
-0.09663978
-0.108897656
0.2854893
-0.19557609
-0.28545663
0.26812565
-0.3237464
0.36270902
0.29019287
-0.42769307
-0.018290281
0.21158865
0.09322143
0.26814032
0.29045781
-0.01189242
0.27598155
0.2899725
0.22459938
0.0383892
-0.07143296
-0.13172771
0.30761892
-0.11694587
-0.20994148
0.4217946
0.037010364
-0.017606676
0.052026078
-0.3363842
-0.10649021
-0.29087648
0.16003473
0.13920912
0.23613335
-0.23538746
0.16380441
-0.26216224
-0.13306002
0.14745547
-0.19032978
0.29769668
-0.36074805
0.021855552
0.1587424
-0.0952635
-0.031972766
-0.011174083
0.13422297
0.15546371
-0.13812597
0.021203758
0.1284962
-0.15507904
0.11560916
0.25348082
-0.65833133
-0.93013775
0.6873508
0.41785595
-0.15987991
-0.11616312
-0.35743934
0.2059819
-0.4489647
-0.060598504
-0.7200987
0.096349776
0.09191441
0.15451169
0.002243221
0.19284874
-1.5799431
-2.804051
-0.04188636
0.47843587
0.40727958
-0.17205562
-0.2875634
-0.025836846
0.16275549
0.07578541
0.266796
0.41392282
-0.23273394
0.7652224
-0.2549151
-0.0051528984
-0.21665849
0.09936279
-0.11734393
0.27478722
0.0791969
-0.22409362
-0.013734678
0.18738407
-0.18709916
0.07424317
0.56270957
0.20528626
0.31286624
-0.14181668
0.43232673
-0.67776823
-0.08043277
-0.18063241
-0.045814108
-0.10088053
0.08169958
-0.89379215
-0.036195338
0.019319495
0.4355691
-0.19643813
-0.16002633
-0.123725906
-0.565148
0.01773855
-0.30333725
0.13836065
-0.44436225
-0.027942538
-0.14950694
-1.3318961
-0.2945994
-0.15051948
0.26752645
0.10943229
0.4240143
-0.058379747
-0.10711047
0.038353078
-0.5645805
-0.37749463
-0.42319253
-0.11926316
0.5126404
-0.19208346
-0.44877547
-0.2631268
0.19339257
-0.15594238
0.6118074
0.31266212
-0.0135507295
-1.0670515
-0.08102921
-0.01566422
0.21159145
0.2812849
0.43635666
0.06556571
-0.2258177
0.14263958
-0.03854371
-0.26646328
0.039118487
-0.037091862
0.18850332
0.33840975
-0.29340994
0.28646407
1.3988231
-0.00020981298
0.33194318
-0.47133967
0.16121104
0.31669158
-0.28151056
0.09114286
0.2554639
0.29707178
0.076415665
0.8625734
-0.24641119
0.21328494
-0.13622099
-1.0661976
0.3136162
0.115689844
-0.27594003
-0.16974893
-0.017900717
-0.013887843
-0.06401503
-0.17440446
0.2927864
0.16846457
-3.168155
0.72312933
0.38658804
-0.4215804
-0.18823512
-0.698491
-0.3744349
0.36008728
-0.4033203
-0.2503988
0.02378619
-0.4872024
0.036364965
0.099639975
0.5944418
0.6637505
0.06900094
-0.096001916
-0.16879147
0.15694363
0.013714878
-0.059485663
0.086100735
-0.07110779
0.14117527
-0.052469492
0.2827131
-0.047380596
0.018427752
0.38481128
0.22979118
0.5190451
-0.15693624
0.07346484
0.31428665
-0.51779234
0.06678681
-0.2805237
0.021923074
0.22877304
0.43821165
0.15780279
-1.8670563
0.008108995
0.29629162
-0.109146975
0.11781186
0.15600435
-0.20635527
-0.106598064
-0.23852468
0.023571828
0.028667936
-0.31291604
-0.682199
-0.24084498
-0.15897624
-0.087898046
0.09493452
-0.35809988
-0.92623544
-0.2711848
-0.08029889
0.19222936
-0.1504408
0.0126574645
-0.6816979
0.19936544
-0.36879766
-0.6683161
0.017321872
0.09593552
0.6623544
-0.20582852
0.6005862
0.23710395
-0.20751056
-0.040945955
0.3363784
0.2954918
0.32539698
1.15003
0.45263657
-0.16733271
-0.19734664
0.32302392
-0.33138412
-0.1724694
-0.10461103
-0.112742424
-0.13824381
0.2906508
0.32483476
-0.028419076
-0.14434046
-0.44349256
-0.024324166
-0.3198997
-0.053256042
-0.09314537
-0.25317842
-0.16333412
-0.8751097
0.13563976
-0.21316126
0.37454408
-0.27778223
-0.1552665
-0.06827211
-0.34940392
0.17058003
0.41882583
-0.3430896
0.037788928
0.16204605
-0.16049054
-0.07216893
0.22384514
-0.10621085
-0.1595149
-0.31975716
0.4102853
0.41721222
-0.322548
-0.2848529
-0.6020398
0.44564778
0.35421222
0.23089239
-0.22133233
0.24850403
-0.11735508
-0.16751392
-0.027650045
0.3454074
0.23750637
0.0525101
0.15233588
-0.2909648
-0.10204576
0.24364373
-0.23712811
0.79256636
-0.13002852
0.32061493
0.02176139
-0.12154828
-0.13025557
0.007586973
0.4942432
-0.18189894
-0.002919345
0.4485938
0.2659508
0.14842635
-0.7638161
-0.27205405
0.73946226
0.091907926
-0.10927334
0.6971874
0.14182281
-0.08796021
-0.14849302
0.15187338
-0.05624497
0.4698001
0.059423476
-0.33202073
-0.29345462
0.15913975
-0.2711152
0.3242089
0.20568728
-0.4709507
0.31856272
-0.3677585
-1.2753869
-0.28418365
0.6165154
0.23075281
-0.23758492
-0.11257782
-0.8016448
-0.24567775
-0.026192611
-1.7683545
0.36473036
0.061720755
-0.18853515
-0.08698012
0.192698
-0.008260051
-0.32030803
0.044065427
0.09109949
0.0624046
0.24568325
0.029767921
-0.15881804
-0.10190003
-0.023013828
0.062013578
-1.0049819
0.45996857
0.100478545
-0.0044753747
0.16898704
-0.3446795
-0.26464194
-0.21346033
0.35406384
-0.040389538
-0.39726317
0.19884482
-0.045828655
0.10217747
-0.18892987
-0.35228068
0.13686338
0.11522227
-0.023695815
0.77069306
0.21472421
-0.17956144
-0.12058084
-0.26960793
-0.13208088
0.3033391
-0.24074572
0.09760351
0.03903763
-0.4459575
0.55325425
0.08911152
-0.06873995
-0.26032397
0.17988734
-0.19278404
0.20019193
-0.0045865816
0.16082925
-0.17023212
0.10456514
0.22982234
-0.3408821
-0.043116573
0.24568781
0.12737769
-0.09107104
0.45824894
-0.12767303
0.037966847
0.15207253
0.2805361
0.27670464
0.16466609
-0.12189417
-0.14461204
-0.17138585
-0.080984764
0.15139438
-0.22172989
-0.036804527
-0.31558594
-0.11447485
-0.108325005
0.08734116
-0.29021403
0.3461932
-0.07287188
0.20348503
-0.008505035
0.15847659
-0.33169574
-0.034868736
-0.031886507
-0.11315887
0.09067504
0.14925359
-0.06667273
-0.30373546
0.035476323
-0.45616806
0.2913764
-0.020085404
0.20249014
0.079635784
0.2266446
0.27998036
-0.29306462
-0.29912803
0.4448056
-0.110505015
0.049498472
-0.3369011
-0.29228118
-0.084897794
-0.27719328
-0.6333494
-0.13936841
0.048260283
-0.19791159
0.051384356
-0.3648491
-0.43538022
-0.67309767
-0.017419422
-0.22666976
-0.33008718
0.13017125
0.25147843
0.20270549
-0.27493238
-0.13309513
-0.0922049
0.86455977
0.10297185
0.16172099
-0.15662807
-0.2837886
0.0048064743
-0.15191355
0.24421921
-0.025923753
-0.1628837
0.01105258
-0.050734393
0.12350323
0.19162497
-0.22402507
-0.07279248
0.33360952
-0.3425663
0.18346122
-0.16485667
-0.21357898
0.17270142
0.13887173
-0.2006677
-0.1017835
-0.1934199
-0.07925741
0.21959785
-0.10421412
0.060007624
-0.023016281
-0.093087696
0.20963578
0.28790864
0.20673135
-0.3600422
-0.5802344
0.41346613
-0.0006771642
-0.21262686
-0.08585492
-0.2663376
-0.06912999
0.092603676
0.071569815
0.2825942
-0.05217563
0.285749
0.22837879
-0.07574944
0.23901808
-0.061511375
-0.16689597
-0.2176329
0.039390795
-0.32057357
0.38243166
0.40378377
-0.3479798
0.07361244
-0.017446063
-0.08306139
-0.26455295
-0.1687168
0.1546999
-0.233477
-0.15297143
-0.28721234
-0.12040553
0.1202294
-0.06855613
-0.20823036
0.36389494
-0.2675637
-0.07273963
-0.20656855
0.098628476
-0.2294169
-0.039911766
0.013463043
0.057037678
-0.08493192
-0.10215158
-0.19542235
-0.047546003
0.3167311
0.17634794
0.36812642
0.11417578
0.20116319
-0.17353335
-0.47168398
-0.250079
-0.2181845
-0.30647644
0.19938622
0.24171156
0.17338692
0.16998614
-0.2554173
0.1640115
-0.38002658
0.07008929
0.20468535
0.037052836
0.109492235
-0.23297824
0.01715804
0.07999708
-0.21272646
-0.6912175
0.16466925
0.10051635
0.13646314
-0.24647088
-0.33427948
0.18364665
-0.03220692
0.14515893
0.3513373
-0.100489125
0.3185204
-0.3464714
-0.2337777
-0.03087285
-0.1935153
-0.37418178
-0.015790278
0.08853302
0.082078926
-0.13018854
0.04789546
-0.042664237
0.26072034
-0.24694772
-0.28265887
-0.12980641
-0.07773637
0.16257788
0.06955741
0.3167052
-0.1090767
0.035963837
-0.16241817
0.22571589
0.2231882
-0.21211116
-0.010968687
-0.11201666
0.015514492
-0.12914366
-0.1983246
0.062677056
-0.8521693
-0.94845426
-2.2015202
-0.25342765
-0.15171129
-0.0014255318
0.11898649
-0.8194661
0.9116812
-0.9434179
0.047754597
0.035336442
-0.10424084
0.02202014
-0.27766407
-0.2852576
0.62164944
0.92672944
0.15881547
-0.11532522
0.15977266
0.15176418
-0.36532792
0.33215928
-0.18815802
0.6744284
-0.045698192
-0.2719678
-0.34086993
-0.24266274
-0.114379555
-0.18119486
-0.11085482
0.2339545
0.0596081
0.19118696
0.036935836
0.025187772
-0.33496344
-0.023309976
0.7031288
-0.27071324
0.10536568
0.62698036
0.06159246
-0.46090487
-0.045197956
-0.25158232
0.14285788
0.0784808
0.22425747
-0.066664554
-0.06694296
-0.06926504
0.4895491
-0.10209833
-0.0627949
0.08502873
0.02669948
0.36505803
0.12844238
0.10716438
-0.3352553
-0.31983787
-0.28416383
0.5080722
0.075012356
0.44405347
0.1072209
-0.09257451
0.17092994
0.13446845
0.33331448
-0.29975107
1.0082152
-0.53301406
0.10994086
0.27699727
0.033053428
0.4813272
0.17771451
-0.37301263
0.19040373
-0.18888779
-0.4794729
-0.23198846
0.20577213
-0.048171565
-0.2670727
0.1953592
0.044149876
-0.2294288
-0.09667368
0.052302834
-1.3930109
0.14266658
0.06327391
0.06698499
0.17986406
-0.07180275
-0.31225947
-0.21721588
0.12635934
-0.27350092
0.022736788
0.44563016
0.27485853
0.100263864
0.08899305
0.54890037
-0.150631
-0.6138464
-0.18709187
0.13182116
0.15811267
0.37217304
-0.21240109
0.5139154
0.32846773
0.16908452
0.06309478
0.029711597
-0.08938024
-0.041015834
-2.893691
-0.84767145
0.280335
0.58225447
0.81435466
-0.02010269
0.48023316
0.06481344
-0.0022152152
-0.26227847
-0.21795318
-0.06813535
-0.0049654925
-0.24887794
-0.12022232
-0.1899319
0.07879695
-1.193223
0.21722296
-0.031647865
0.3162052
0.005632191
-0.22392441
-0.22692288
-0.2721743
0.0032214867
-0.11533238
-0.027983112
0.052349977
-0.01764865
-0.3927785
-0.22466284
-0.05432281
0.07611818
-0.27492458
-1.2837538
-0.077520445
-0.055429146
-0.20042883
-0.17593093
0.06811166
0.039339602
-0.32556492
-0.10080156
-0.15714753
0.19656727
-0.34791422
-0.16772504
-0.107811205
0.037807763
-0.06907826
0.060876865
0.23871647
-0.07096668
-0.2239721
-0.021492524
0.10525942
-0.027413309
-0.22730345
0.5657555
-0.2776244
-0.081446506
0.2124651
0.511624
-0.32221416
-0.19594376
-0.09617713
-0.31774855
0.0010741994
-0.23023051
-0.11886618
0.010894707
-0.3792028
-0.16278487
0.58161
0.051795002
-0.06661946
-0.04831564
0.5234019
0.1657086
0.4365858
-0.19099972
-0.22524543
0.13073024
-0.2190487
-0.04257815
-0.1694851
-0.20862241
-0.14044312
-0.017721873
0.09796666
0.026425699
0.15567178
0.08643749
0.2820859
-0.058032356
0.22282064
-0.05229819
-0.025566643
0.046658423
0.58059996
0.18368956
-0.04076462
0.08486379
-0.16365932
0.02007516
0.28893006
0.6410068
-0.094607376
0.22286844
-0.10481022
0.023469664
0.8988366
-0.2324235
0.15849182
-0.36769935
0.06671456
-0.032647923
-0.09135702
-0.0700759
-0.044119246
-0.74154514
-0.33652487
0.06331711
-1.1835713
-0.07519153
0.1865872
0.102232374
-0.06603081
-0.04822899
0.34853265
0.10933559
-0.023676837
0.106201716
0.35386607
-0.079460114
0.17286706
-0.057940923
-0.19110873
0.297906
0.09383041
0.06489337
0.073990025
0.25933406
-0.67474115
0.28531438
-0.032163102
0.20642842
-0.21095419
-0.33996314
0.07128782
0.23150164
0.045266908
0.112466395
0.02484408
-0.32522607
0.042036753
0.039635923
-0.33740184
0.23482147
-0.09236917
-0.044358924
0.20943657
0.18124668
-0.04703724
0.030857166
0.37389624
-0.017868653
0.10422226
-0.2717834
0.13498117
0.020172074
0.38035148
-0.2656236
-0.055456407
-0.4481949
-0.07910389
-0.061231196
0.0077971118
-0.24117413
0.24213779
0.12840566
-0.73628396
0.26028287
-0.5088672
0.25230086
0.08126307
-0.096915334
0.014296411
0.29948476
-0.002713779
-0.17718081
-0.0043650838
0.013743891
0.16917922
-0.09306596
-0.37418038
-0.05228291
0.2485233
-0.07531804
0.08595266
0.62342304
-0.011159495
0.03171612
0.1590988
-0.086940266
0.12911293
-2.5742316
-0.07541495
0.45692462
-0.037798952
-0.09371917
-0.044071853
-0.22718155
-0.99101275
0.110014275
0.031182619
0.31939346
0.30746546
0.48641324
0.11544916
0.2654956
-0.112519816
-0.21938139
-0.044868916
-0.079721674
-0.029926062
0.10271615
0.027420534
0.026519088
-0.37994462
0.066883855
-0.3750441
0.5228967
-0.017150393
0.18633433
0.024741186
0.3399445
-0.5135539
-0.055359036
0.31814948
0.005321146
-0.30170313
0.21937291
0.1841392
0.6597838
0.3704054
-0.060434926
-0.05809339
0.2403413
0.079854555
0.02012081
0.109311804
0.06209054
-0.89351994
0.1815615
-0.24348359
-0.64958876
-0.2445548
-0.06518912
-4.0803857
-0.10743672
0.21323879
0.018615881
-0.05899826
0.08905026
0.12116
0.13768819
-0.014484643
-0.11686492
0.101781264
-0.13108717
0.16969573
0.18587379
-0.0729793
-0.16966517
-0.17565078
-0.07712246
0.24019007
0.28570828
0.17557967
0.11179366
-0.14949828
0.33022916
-0.024722608
0.033815805
-0.39438096
-0.051140253
-0.19989432
-0.20981859
0.1363557
-0.28432137
-0.15693748
0.101676986
0.058804475
0.102551036
-0.27857682
0.33079672
0.17161557
0.34228083
-0.34014705
-0.336678
-0.04439281
0.10818047
-0.009948377
-0.2692545
-0.166662
-0.08433644
-0.073655285
0.22693788
0.06814804
0.08143508
0.29658005
0.3408976
0.03395982
-0.37619516
-0.13632765
-0.03219501
0.033782147
0.019412795
-0.050421216
0.023892155
0.07978105
-0.27719468
-0.057671018
-0.14801781
-0.23846215
0.8160801
-0.14891818
-0.20635928
0.007526764
0.116836436
0.0790886
-0.12676513
0.23744226
-0.10301106
-0.17887947
0.020636767
-0.65876496
0.100417614
-0.22584975
-0.49640313
-0.08860814
0.17254832
-0.054488935
-0.10851286
0.32260603
0.221594
-0.053098664
-0.07749309
0.1249771
0.19253936
-0.067890055
0.22451551
-0.22390302
-0.57575786
-0.062004205
-0.26853693
-0.21472722
-0.014372478
0.22181045
0.17246224
0.33353385
-1.1557322
-0.17266117
-0.22791363
0.29274112
-0.04670827
-0.17623019
0.21342921
0.32987863
0.44909135
0.027679602
-0.13039798
-0.06359858
-0.15531889
0.22376655
-0.6322961
-0.41811648
-0.054680098
0.65024984
-0.3279169
0.13485122
-0.17645931
-0.10900286
-0.08643106
-0.2292688
-0.08138214
-0.46219933
-0.02639635
0.11926203
-0.18463628
0.10601277
-0.3264385
0.05404052
-0.19473225
0.05345054
-0.058461655
0.0014576726
-0.43159077
0.14150268
0.0017028939
-0.36298844
-0.086662225
0.09817133
0.12902248
0.17448488
-0.4853344
-0.007812371
-0.9875184
-0.21427456
0.024861187
-0.53177416
-0.036082827
1.1990268
0.2844274
-0.29105222
-0.068653375
-0.030008337
0.19607386
-0.16963176
0.09149206
0.54491436
0.28631967
-0.07961876
-0.041748054
0.13732068
-0.2974723
-0.3723394
-0.5761273
-0.3125802
-0.034155276
0.3273088
0.06869816
-0.09761218
0.18624231
-0.6433374
-0.22497496
-0.441201
-0.19903794
0.12658899
-0.123448245
0.108217634
-0.06734479
-0.2633707
0.29720122
0.18872106
-1.2643661
0.3435471
-0.036288522
-0.43986213
0.4610266
0.049853634
0.21653607
0.15763943
0.08766416
-0.036362153
-0.08269599
0.18841809
0.18015377
-0.6926771
0.12140609
0.29954156
-0.21628512
-1.9531996
0.2802178
0.02699995
0.28188208
0.10102012
0.04816806
-0.057491034
-0.52300346
0.042377584
-0.017028745
0.13813472
0.07896769
-0.72793555
-0.52498746
-0.009818963
-0.22142924
-0.090060115
-0.02974792
-0.007157296
0.05006499
-0.027347993
-0.4231349
-0.008257403
0.2778065
-0.14608236
-0.16881515
0.07783768
0.31326687
0.24882086
0.8566472
-0.27958316
-0.23695834
-0.048325382
-0.31617948
0.791985
0.008315057
0.07941756
-0.1175064
-0.57421374
-0.43892726
0.28888363
-0.06901042
-0.023549821
-0.07234497
-0.022186194
0.015850777
-0.02616201
-0.0061734915
0.16237152
-0.050933868
0.23907971
0.09003681
-0.29629916
0.11511452
0.06006627
-0.0459618
-0.036883473
0.36949492
0.30691552
-0.15776658
-0.05932826
0.124383025
0.047897924
-0.10814924
-0.044789795
-0.012044519
-0.0032152506
0.08450283
-0.059493974
-0.1675762
-0.14289756
-0.40960392
-0.0023289025
-0.01036495
0.016236944
0.6090469
0.2101571
0.76739484
-0.29835704
-0.12583885
0.3519224
0.00060993433
0.082063116
-0.9077059
-0.23168217
0.14708984
-0.009642601
-0.087869644
0.19380996
0.14856482
-0.0043352544
0.008135602
0.22203131
0.023863377
-0.23423614
-0.21307458
0.09751211
0.1876229
-0.089331925
0.08552768
0.17674422
0.021865668
0.004804969
0.093191385
0.040146947
-0.03377254
-0.05692756
0.076301485
0.02014029
0.25388962
0.0007789955
-0.14907646
0.08580891
-0.1833596
0.3119579
-0.3866317
0.17216289
-0.0756166
0.080233864
-0.15662359
-0.24540552
-1.4796969
0.20517993
-0.28647205
0.0763389
-0.052061692
-0.06316718
0.1701999
0.035413012
0.43807125
0.22680819
0.27231503
0.074124336
0.45774963
0.060454603
-0.06413442
-0.33660632
-1.0494862
-0.19495986
-0.34090954
0.19259144
0.31267327
-0.36887878
-0.016956184
0.18641092
-0.012436371
-0.02429854
0.2026104
-0.083158515
-0.14167528
0.18350063
-0.03629578
-0.51887786
-0.14599657
-0.18026368
-0.17552687
0.026719213
-0.194076
-0.4097638
-0.07969672
0.3795186
0.089580804
0.17714204
0.14676328
0.4937496
-0.015134255
-0.21220416
-0.3330148
-0.1935369
0.1363048
0.18008333
0.099018216
0.12624489
0.3812604
0.15403023
-0.19906627
0.25673944
-0.02814995
-0.10116969
-0.0013514466
-0.036345482
0.38083538
0.093459174
0.115046896
0.037452653
0.04806164
-0.23834436
0.021270258
-0.3153333
0.50561816
-0.19722627
0.093888745
0.13808706
-0.089909226
-0.028152777
-0.11899881
0.121791005
0.41151607
-0.29797268
-0.22429907
0.3562674
0.031538725
-0.13533583
0.67301327
0.33751193
0.02601673
-0.121900186
-0.32231686
0.18990077
-0.14211269
0.25743037
-0.077912845
0.17232732
-0.14886862
-1.0149646
0.025366746
-0.2784695
0.20204526
-0.24506323
0.3083113
-0.056388915
-0.055262238
-0.19450115
0.08657134
-0.12470913
0.29704446
0.5006504
-0.2353487
-0.0070795715
-0.13625413
0.81926984
0.31531185
0.14868282
-0.07017493
-0.21002206
-0.07868261
-0.14120112
-0.0029869685
0.22601315
0.08291698
-0.28007165
0.5324894
-0.039185435
-0.50838023
0.15556422
0.09070495
0.14644726
-0.17539185
-0.42883393
-0.16446877
0.53790563
-0.077462085
-0.33472747
-0.031940274
-0.16707954
-0.0037449896
-0.44444788
-0.029966969
0.09233993
-0.52396655
-0.27075928
-0.5858759
0.499672
-0.20311177
0.014848961
-0.077221625
0.06914596
-0.26033604
0.23816513
-0.04574141
0.18441431
0.27594826
-0.019475458
-0.2584823
0.44843137
-0.24618527
0.024535129
-0.048499152
-0.15981543
0.064773284
-0.7766359
-0.34804022
0.11885752
0.14891359
-0.036459915
0.063827895
0.18511124
0.124756604
-0.15516299
-0.1271876
-0.27385736
-0.40972587
-0.13299088
0.0272861
-0.30042955
0.2618026
0.13706657
0.1985759
-0.04114485
-0.5700886
0.15064068
-0.13665418
0.13076556
-0.4652047
-0.15043864
-0.20376155
0.08874628
0.14485602
-0.064155884
-0.19456813
-0.00941362
0.2534638
-0.099194884
-0.042071998
-0.04715482
-0.07203601
-0.32888418
0.064264186
0.27802566
-0.18453749
-0.39389053
0.0073066354
0.31932542
-0.051859345
-0.0010210649
-0.1938571
-0.013277258
-0.2220826
-0.112834424
0.10722831
-0.15920557
-0.031842742
0.047434352
-0.13575369
0.34534308
0.011880957
-0.06240583
-0.21817999
-0.335517
-0.3176694
0.17937534
-0.23929745
0.2510919
0.32320789
-0.18937983
0.31065303
0.019783836
-0.34360456
-0.1762673
0.34303856
-0.17670722
-0.10587585
0.38218987
0.2994601
-0.11748992
-0.151222
0.10317553
0.044412274
0.08788688
0.0594902
0.6442669
0.24899969
-0.27630228
-0.0677729
-0.21773764
-0.14402558
0.16678658
-0.042812496
0.43591914
0.00961131
0.096553415
0.13525574
-0.022750659
-0.35848087
-0.06102524
-0.103811726
0.6847828
0.114085466
-0.056424152
0.52211076
0.106258646
0.4897425
0.088667676
-0.10912099
-0.2707496
-0.113497525
-0.6263761
-0.0708426
0.16538326
-0.1740996
-0.293127
0.029808575
-0.14502363
-0.22083135
0.14251971
0.08868843
0.24409555
0.5469976
-0.034559812
0.23670262
0.26795834
0.19917202
-0.17174074
-0.15471774
-0.15171677
-0.02917247
-0.006891026
-0.3267237
-0.35797128
0.1528415
-0.27886063
-0.09011048
0.073956296
-0.25959858
-0.3591585
0.12902318
0.060506284
-0.21717967
0.055698153
-0.018782023
0.10378583
-0.009585741
-0.020689428
0.16952811
0.023435783
-0.1973931
0.090605654
0.064293146
-0.17347378
0.452845
0.02056162
0.2455224
-0.19541386
-0.06224078
-0.17025109
-0.28988296
-0.10027054
-0.23713027
0.08324332
-0.10918437
0.069796406
-0.21657333
-0.2365972
0.004113363
-0.53393716
-0.25248003
-0.05326509
-0.102077916
0.047701497
-0.5255309
-0.08877976
-0.056249116
-0.030552067
-0.0036482383
-0.20084669
-0.095765874
0.23546055
-0.1065785
0.23479047
-0.14469446
0.008592053
-0.028324826
-0.107252255
0.80139315
0.24853718
0.277042
0.19084617
0.03693351
0.12399247
-0.036797225
-0.22948799
0.048478458
-0.8258783
0.18918455
0.18169689
0.09789409
0.054080665
0.21707907
-0.24366574
0.23661093
-0.19100592
0.20708203
0.065048784
-0.23387478
-0.04302424
0.018614186
0.1863551
0.18394099
0.012839395
-0.11482154
0.15859066
-0.4999962
-0.35329002
-0.32472557
-0.24647161
0.052768894
-0.031179285
0.39925605
-0.35029233
-0.23967159
-0.074819006
-0.0014174775
0.2267886
-0.471756
-0.07949452
0.15318306
-0.32598886
-0.45644453
-0.05042957
0.07870497
0.08456985
0.36244875
0.19820818
-0.18465129
-0.21124402
0.16749841
0.01822519
0.29782706
0.16197707
-0.2020867
0.062964745
0.29575115
0.5443016
-0.3392352
-0.20812187
-0.083072305
0.16123733
-0.22010739
0.5567649
-0.12944171
-0.23628548
-0.19092798
0.2758273
0.14235349
-0.59318453
0.5370135
-0.1493833
0.4528493
-0.13077116
0.24193859
0.07912133
-0.06627717
0.2083931
-0.27864838
0.25705746
-0.25517136
-0.33544317
0.075026326
0.4419982
0.061679125
0.056469142
0.22636268
-0.1830322
-0.069485545
0.23326336
0.21818808
0.0976339
-0.27988476
0.20107439
0.08418686
-0.15103677
-0.3385727
0.14435267
-0.01583222
-0.2716685
-0.644506
0.5828471
-0.10884587
-0.7565963
0.034178175
0.23860085
0.361636
-0.23430732
0.49531865
0.23629932
0.046432056
0.08103689
-0.40533274
0.3448309
-0.12669577
-0.6352407
-0.29912528
-0.18437421
-0.4176756
-0.39379156
0.3058569
-0.19302273
0.23737703
-0.17806157
-0.21143937
0.2149305
-0.42054084
0.11947965
-0.30375665
-0.50443983
-0.29361963
0.12566727
0.08511939
-0.28520322
-0.2434775
-0.4127893
-0.1910519
-0.10724318
0.01930509
-0.59862685
-0.15743129
-0.0010758862
0.34112847
0.41472042
-0.5657844
-0.06428623
0.10813342
-0.20373766
0.7769813
0.5563019
-0.24894217
0.019320428
1.7756041
0.017136574
0.0606833
-0.13839786
-0.40561646
-1.0204031
-0.029302586
0.16676673
0.031543683
-2.5953436
-0.09973977
0.20977116
0.36566454
-0.04511161
0.20835392
0.14101455
0.23729815
0.2748187
-0.16830993
0.12888199
-0.010081265
-0.12094592
0.33797652
0.010954377
0.25848487
0.33234376
-0.5714568
0.049401324
2.561138
0.31193677
0.18741965
0.18967491
-3.0950475
0.33983254
0.2569186
-0.08644465
0.25315058
-0.47125232
-0.2519233
-0.17584863
0.07838273
-0.20295316
0.21174936
-0.13041139
0.20385261
-0.14287473
0.1747275
0.15129453
-0.2213611
0.074990116
0.07643925
0.5561763
0.15849362
0.08194915
0.015541873
-0.2956967
0.06919202
0.5566442
0.6441327
-0.18288957
0.3159964
-5.353265
0.18357426
-0.1372842
0.32478064
-0.25585246
-0.28673932
0.1117966
0.51059026
-0.38223132
0.08361772
0.0646735
0.29458225
-0.21892963
-0.3374083
-0.14203487
0.11152152
0.7009393
-0.11022155
0.25132796
-0.41942805
-0.5200492
-0.09311407
0.046238452
-0.16275688
0.10300067
-0.3675297
0.013903824
0.9914204
-0.25029194
0.29319385
-0.0014137924
0.19276871
-0.4285084
-0.025321122
0.19474716
0.23041147
-0.20182224
1.7943677
-0.43497172
-0.072784305
0.028680818
0.16479252
-0.14376673
-0.1667097
0.28196174
-0.62790775
0.30327818
0.3659242
-0.050408527
-0.15359282
1.0680954
-0.2801833
0.11229217
0.059047766
0.85895675
-0.8228412
0.2521304
0.09653175
0.05837814
-0.3057813
-0.29704624
0.015150857
-0.023819918
-0.7793062
-0.25694233
-0.84794635
-0.019334143
-0.273796
0.22336644
-0.11364687
-0.41409346
-0.0061354777
-0.11988766
0.72986764
-0.36009216
0.74489397
0.097516626
-0.19440906
0.15052041
-0.30641416
0.21567032
-0.0804247
0.65752697
0.45455492
0.085340545
-0.11430528
0.7758026
-1.9970088
0.23673691
0.32147986
0.09010324
0.058225594
0.07662055
0.3599926
-0.026756065
0.4269687
0.513291
0.31862092
0.3007115
0.19721226
-0.14783359
-0.109285004
-0.2017311
0.2981205
0.41772494
-0.21783872
-0.5629285
-0.046344995
0.04384677
-0.0651436
0.11130166
0.2976604
0.12390351
0.47961494
-0.058436662
0.065241784
0.13917236
-0.14923948
0.08321476
0.09085656
-0.2823282
-0.8228538
0.33408788
0.13439137
-0.075705074
0.6870413
-0.014782108
-0.32234803
0.010239824
-0.51673967
0.4033106
-0.22894846
0.47617674
-0.21841884
-0.35910228
0.27738452
0.6928851
0.1756638
-0.024537863
0.155598
-0.3503969
-0.1461395
-0.08751705
-0.42334753
0.25769687
0.25183997
-0.020702047
0.17714399
0.8744352
0.4736088
-0.15957804
0.021991624
-0.48287234
-0.28758806
0.1953614
-0.33266285
0.5213743
-0.23136026
0.115333386
-0.0019047039
-0.35379165
0.1001277
0.15679905
0.3414556
-0.09258053
0.23957255
-0.041626833
-0.019618515
-0.18064533
0.04749399
0.053199857
-0.4787041
-0.7871484
0.29407635
-0.56228346
-0.083669305
0.045806143
-0.2709387
0.09097663
0.14089486
0.113204926
-0.15190564
-0.2527439
-0.39412844
0.079784475
0.12538594
0.3824576
-0.13795207
-0.13779841
0.15305647
0.058774665
0.33090246
-0.7956533
0.2488976
0.06689722
0.0009011853
0.028813176
-0.21093649
-0.32150614
0.050761927
-0.040001217
-0.049944375
-0.046759523
-0.18078913
-0.08840711
0.12462713
-0.09570265
-0.12879357
0.37620607
-0.15765698
0.03949046
-0.08917028
-0.13073665
-0.055265427
-0.20771444
0.48354396
-0.03043441
-0.060916323
0.19774878
0.38567308
0.2960894
-0.8856539
0.20843667
-0.06076209
-0.32948324
-0.51986766
-0.40911314
-0.11317414
-0.07602184
0.3569733
-0.44149405
-0.20375757
-0.99835616
0.35700414
0.14373344
0.20843047
0.08610044
0.032908678
0.18198556
0.43517044
-0.33551407
-0.042065382
-0.10432568
0.30790287
0.3010535
0.13738327
0.009882613
0.14932907
-0.1416953
-0.09571269
0.3101778
0.13340938
0.1580454
0.43184486
-0.02931883
-0.118249126
0.20593175
0.29533038
0.13532181
-0.1536982
-0.20778061
-0.19859764
0.018542457
-0.050372794
-0.25379395
-0.025767414
-0.031113695
0.008966203
0.005015118
0.19993158
-0.3224693
-0.20192856
-0.4205079
-0.41516954
0.20919365
0.010826051
-0.069103986
-0.17527711
-0.18040977
-0.14523697
0.38536283
0.42743817
0.46656868
0.07395747
-0.1312341
-0.28587624
0.44906408
0.43431348
-0.18802866
0.21516128
0.4851097
-0.20852153
-0.14791366
0.098667994
0.025399318
-0.18918777
0.051101625
-0.007659253
0.027448203
0.0071767997
0.117202654
-0.08246674
0.14558299
-0.31230658
0.39011115
0.008923139
-0.28371006
-0.06703938
-0.046343602
0.24048434
-0.099266075
-0.36258247
0.13070323
-0.24663663
-0.027026348
-0.080727495
0.04756876
0.118540496
-0.11681689
-0.20145378
0.024798274
0.082134694
0.011701548
0.1946998
-0.012663065
-0.22072019
0.35700563
-0.12881823
0.13532674
-0.019388735
-0.11383427
-0.0039432044
0.16222823
-0.11760652
-0.15720926
0.034735937
0.1826604
0.079133846
0.12373322
0.4104322
-0.008731447
0.03161104
0.15956028
-0.08335665
0.2653081
0.32601252
-0.24312265
0.20851254
0.25682077
-0.22033899
0.24730071
0.017429247
0.12476358
-0.16109398
-0.015212864
0.10329947
0.04045431
-0.025906324
-0.2920978
-0.043407433
0.057003632
-0.38176432
0.0070203254
0.09220666
-0.14465733
-0.19945778
-0.09272477
-0.01163214
-0.08945491
0.34843063
0.024743868
0.10033698
-0.45616478
-0.072081015
0.22099645
-0.46355549
0.27504683
-0.25531155
0.27447927
-0.2237043
-0.27594867
0.061437193
-0.07885476
0.16597295
-0.106459394
-0.30996892
0.13190216
-0.00024681372
-0.050362907
-0.17520824
-0.3265126
0.23054051
-0.18656997
0.32772046
-0.19956802
-0.09459996
0.084262356
0.21586464
-0.23402263
-0.3021688
0.31650624
0.18708912
0.39548278
-0.14980637
-0.1896463
-0.0072059366
-0.14141876
0.030624107
-0.17641321
-0.028593816
-0.15766634
-0.19364448
0.09954729
-0.17938036
-0.0205167
0.26891184
-0.15124072
0.13343994
-0.23549095
0.17669076
0.21213253
0.43340284
0.24765046
0.2694332
-0.16631311
0.08978059
-0.017359287
-0.28583822
-0.056946684
0.091905534
0.34232688
0.18253122
-0.040505927
-0.18409856
0.29680458
0.08910368
-0.22960605
0.7462685
-0.3774969
-0.31173113
0.14010213
-0.22915073
-0.16904595
0.31927693
-0.0840152
0.29538074
0.24131875
-0.36011925
0.014329624
0.17289387
0.17263722
0.19832711
-0.08563343
0.3112186
0.17683886
-0.13660604
-0.07732279
-0.3737255
-0.29531127
0.0138429925
0.008049393
0.20580317
0.047105823
-0.35181317
0.09428726
-0.098817505
-0.041717887
0.12405503
-0.07669626
0.31728297
-0.16398093
0.13940558
-0.0035636707
0.28824744
-0.27616724
-0.012888521
-0.03363603
0.13066822
0.058943544
-0.025143724
0.09522567
0.038536973
-0.3042595
0.17990053
-0.25370672
-0.16402596
-0.07693939
0.4400307
0.16127625
0.04138861
-0.0025659485
-0.33340538
0.22857518
0.044877928
-0.093638256
0.094492964
-0.16067307
-0.25558874
0.09870048
-0.14360057
0.15735175
-0.051280517
0.08511458
-0.3067716
-0.26627058
0.15318483
0.15460972
-0.10690519
0.00752897
-0.058385845
-0.29471445
0.22319047
-0.05783674
0.20688017
0.22567247
0.29553592
0.50200367
-0.33393815
-0.164481
-0.1121102
0.12414314
0.049060766
0.00042434267
-0.28251612
-0.11105539
0.29548106
-0.1324949
0.011574821
0.034149148
-0.25207323
-0.40128833
-0.26579258
-0.1872466
0.1326746
-0.9278931
-0.48016632
0.6423852
-0.2638597
-1.5010225
0.8205984
0.06822043
-1.537616
3.5022516
0.31115586
-0.14379443
-0.100983106
0.37572512
0.15666868
-0.748152
0.4542303
1.2205074
0.7607683
0.16291091
0.0009544459
-0.81794715
0.270957
0.8542899
-0.29911152
-0.89946204
0.2881335
-0.13708296
0.030635571
0.3510068
0.21711777
-0.2991399
0.50766873
-0.025318751
0.7131296
-1.028994
0.2744249
0.2864228
-0.56610066
0.0004016459
-1.3407785
0.059937857
0.14070633
1.2639824
0.8286002
0.034071773
1.2539816
0.47636643
-0.05476055
-0.13003774
-0.488304
0.29074413
-0.32416722
0.45145732
0.23945475
-0.2702731
-0.27498305
-0.060341816
-0.104660645
0.9088031
-0.35236242
-0.24513713
-0.16449665
1.003741
0.77562296
-0.08071408
-0.56555754
0.7782438
0.07622666
-0.28244892
0.20341843
0.78391165
-0.217529
0.13952255
1.1844319
0.5344199
0.20065619
0.56930983
0.040188458
-2.4953558
-0.29276335
-0.32778472
-0.28132096
0.80297357
0.0038255434
0.14039187
-0.0136373835
-0.3380546
0.017458325
-0.09017038
0.2067654
-0.31835997
0.4000428
0.08619152
-0.056367278
-0.5264303
-0.3477524
-0.07158029
-0.488448
0.61823297
0.40519747
-0.12897518
0.34512573
0.51127344
0.51566124
-0.18363847
0.5800792
-0.8028956
0.3528744
-0.13086158
-0.38237068
-0.17585763
0.027684757
-0.5585234
0.98794836
0.48466605
0.52348405
-0.023628565
-0.09992202
0.3590696
0.44225934
0.13412379
-0.5280946
0.071986176
-0.18531038
1.4631288
-0.333661
0.071276516
0.16595758
-0.92919004
-0.03915662
0.35549557
0.051634736
-0.4891639
0.005060906
-0.18167892
-0.26719666
0.37672952
-0.08959348
0.07198057
0.14492886
0.008627688
-0.19617577
0.50209755
-0.24262828
-1.880855
0.0012663659
-0.089297116
-0.07699507
0.8876128
-0.045786362
0.08374052
-0.28771502
0.189652
-0.2141517
-0.2968148
-0.11415815
0.30437148
-0.11324827
-0.2879311
0.73008347
-0.116299495
-0.25563264
-0.20392108
-0.23286776
-0.19999467
-0.18464303
0.23302208
0.070792295
0.21479423
0.015550371
-0.37854224
0.0926422
-0.037587218
0.11533126
0.04695613
-0.14010784
0.33729464
-0.062407278
-0.35933155
0.4218806
-0.2252815
0.30136496
-0.2860139
0.4522801
0.2644933
-0.18317646
-0.09001319
-0.44019654
-0.35148484
0.009755939
-0.17083631
0.16043986
-0.034436814
-0.114718966
-0.48420456
-0.96933997
-0.12502928
-0.41165802
0.293758
0.20663586
0.021513069
0.27483648
-0.24595304
-0.4142184
0.24002048
-0.074770615
0.5265985
-0.12174173
-0.19272664
0.0008010511
0.1619041
0.21043411
0.19225128
0.18307321
0.27897036
0.095968075
-0.2499392
0.0634262
0.10303377
0.26293427
-0.20183444
0.03531277
-0.5015759
-0.26467186
-0.028788498
0.14478314
-0.48062345
0.40402934
-0.07109888
0.27230352
-0.31718364
0.16040339
-0.39683405
0.0139421895
-0.08290901
0.18352231
-0.054715566
0.05425063
-0.0284039
0.25236964
-0.4663818
-0.37395078
-0.03642465
0.09454188
0.12875679
0.36832082
-0.09046186
0.071274675
-0.07607
0.07980637
0.1922873
0.36386377
0.06272662
-0.2518493
-0.21644588
0.034128778
0.33421886
0.050719265
0.5689079
0.2845859
0.11726971
-0.54484016
-0.3177392
0.09981173
0.0093014175
0.2996997
-0.04373561
-0.15903431
-0.21695481
0.20627177
-0.05213517
0.051869776
-0.20287438
-0.04836644
0.45917973
-0.12794673
-0.15322922
-0.378264
0.014420658
-0.18246388
-0.47703555
0.08121048
0.049260773
-0.18863487
-0.014893651
0.050401166
0.445597
-0.40988633
-0.2919653
-0.03921478
-0.03737495
-0.22276276
-0.22387378
-0.1037688
0.13575147
-0.22725314
0.32747632
0.026292859
0.07211899
-0.15375325
-0.13818492
-0.11187163
-0.0668033
-0.09066589
-0.26729304
-0.13204181
-0.07591978
0.15446189
-0.35904905
0.07796809
-0.5344333
0.168297
-0.25140044
0.047991753
-0.15069981
-0.08752654
0.23858736
-0.35525253
-0.36965048
0.12530482
0.12412959
-0.08699346
-0.03874523
-0.17545885
-0.13733144
-0.13001728
-0.17964181
0.01763896
-0.120758414
0.37127542
0.30902833
0.11351503
-0.012912365
0.1818278
0.5326241
0.058146693
0.09270254
0.17894438
-0.03510003
0.008528259
-0.1156843
0.27683145
0.23725575
-0.0543675
-0.015072347
0.17823613
0.16772403
0.26382428
-0.15463088
-0.15582477
-0.24067444
-0.22507349
0.276789
-0.14230177
0.14071992
0.1355193
-0.17584267
-0.4080013
0.01667625
0.32760352
-0.24855691
-0.27439502
0.25368652
-0.52735645
0.09012783
-0.26822275
0.14042757
0.042375635
-0.03327942
0.16234754
-0.31523886
0.35267803
-0.22541292
-0.16312355
-0.022430617
0.3273005
0.23129635
-0.16446993
0.012731278
-0.21865411
-0.07929139
0.15047237
-0.30258775
0.18356927
0.010695745
-0.3000007
0.14054286
0.24816318
-0.009620521
0.20474055
0.31876487
0.021950182
0.30880114
-0.022100773
0.069054954
-0.06249565
0.045823433
-0.038444377
0.07936454
-0.22886193
0.057001073
0.08163983
0.24240318
0.21956247
0.1441853
-0.2398395
-0.26623985
-0.24812035
0.07138905
0.09847232
-0.17843476
0.299476
-0.20512097
0.7297468
0.039103348
-0.16310655
-0.18176349
-0.156154
0.07022942
-0.12520114
0.25338507
-0.09467593
-0.023376778
0.018341476
-0.18105084
0.13988143
-0.2106994
0.15966302
-0.50455457
0.19000745
0.18476501
0.118424885
-0.014773993
-0.065187685
0.05567982
-0.090154834
-0.04141173
0.13835451
-0.25324988
-0.056169786
-0.0063199517
0.08989567
-0.4510236
0.21392928
0.093392275
0.25975272
0.2715977
-0.2825286
0.29261893
0.00701767
-0.27790645
0.007960903
-0.30959448
0.15008059
0.10378356
0.03039362
0.22061548
0.18819945
0.23046991
-0.45477477
-0.20537795
0.03301999
-0.33464992
-0.33173293
-0.30924237
-0.082517624
0.3294432
-0.06787376
0.07722845
0.25145677
-0.09769529
-0.23543161
0.005033096
0.023673259
-0.041659147
0.056196786
0.14235848
0.19403414
0.4024276
0.24547528
0.18620858
-0.03661271
0.20470423
0.04328313
-0.28492948
0.08025706
-0.1828209
0.10995258
-0.023885751
0.25812227
-0.17592423
0.26610538
0.18815227
0.04454216
0.3189138
-0.06258823
-0.20249093
0.26291674
0.26151243
0.16711804
-0.03237451
-0.10731839
0.073091306
0.0040389076
0.0014179782
-0.14312372
0.0531188
0.08934392
0.0911131
-0.32260948
-0.08180704
-0.29326832
0.26331902
-0.37864208
0.14446256
-0.25436473
0.0233328
0.3780194
-0.29588574
-0.1316391
-0.1585157
0.16910563
-0.3526386
0.33071417
-0.3272131
0.2342102
0.2825358
0.21568248
-0.29328224
0.09143508
0.11556039
-0.25538948
-0.28332034
-0.26549938
0.26272196
0.151472
0.12591982
-0.24899375
-0.062227514
-0.16757247
-0.22931731
-0.18977259
-0.14655976
0.07314625
-0.18140793
-0.17641193
0.12905547
0.07290262
-0.038938694
-0.06407797
0.15045679
-0.17163481
-0.0010406709
0.4664474
0.27324963
-0.23805188
0.3321315
0.40928376
-0.16420414
-0.12390044
0.054184105
0.22779217
0.07355017
-0.15990062
0.22200769
-0.21331304
0.02838131
0.12495326
-0.084033825
0.099870086
-0.17673013
-0.10283656
0.0034103512
-0.25967094
-0.11156298
-0.29028845
-0.21921133
-0.22652613
-0.16476177
0.098889165
0.301607
-0.23945555
-0.044825632
0.22685266
-0.23200071
0.0035206017
0.37184897
0.100908056
0.014031029
0.2866573
0.24555975
-0.23164289
0.095048115
0.008584568
0.018716464
-0.009337991
0.072746895
-0.24279083
-0.17501597
-0.2758658
0.076343425
-0.031607628
0.23074386
-0.21646142
-0.27670154
0.38217604
0.30983457
0.40957817
0.22195782
-6.0571713
0.05919113
0.59978354
-0.019300625
0.21675801
-0.21718387
0.47736153
0.36447388
0.24848838
-0.8682198
0.2584471
0.05384619
0.036170445
0.028571868
-0.46838003
-0.22505814
0.7076772
-0.5110587
0.06497198
-0.0024149467
0.17729
-0.37753838
-0.5097972
0.20058274
0.26855838
-0.44695652
-0.30002883
-0.02703543
-0.056945886
0.114150316
-0.16844505
0.2500162
0.3075702
0.3766387
0.029593296
-0.10292724
-0.8500002
0.18470897
0.10502778
-0.23728238
-0.087739095
0.10592102
0.060225792
0.28449956
-0.14082737
-0.15943739
0.3411266
-0.25408414
-1.1145093
0.03603447
-0.12318714
-0.1037837
0.17418659
1.2597488
0.8403856
-0.0503954
0.12655655
0.6271683
0.14491689
0.05684162
-0.19079795
0.28631434
-0.07277577
0.10316917
-0.16655867
0.11565192
0.14018771
0.078875236
1.4671912
0.24483466
0.060112517
0.22484922
0.46432757
0.026318768
0.19231285
-0.44846278
0.027859323
-1.6139827
0.036929663
-0.7715444
0.2577083
0.24541122
0.040481325
-0.29316905
0.056811932
-0.28779516
-0.18034332
-0.19542365
-0.028768957
0.37693238
-0.08241315
0.022368552
0.2782368
0.8888542
0.20815608
-0.24618618
-1.4187675
0.020957386
-0.19893816
0.08716123
-0.21440311
0.15776104
0.27363947
0.09401631
0.35794744
-0.43056706
-0.13325867
-1.4419947
-0.3046403
0.0905977
-0.32799652
0.14190859
-0.4128631
0.15530095
-0.08525756
0.13618498
0.036648884
0.015169741
0.09621451
0.16418815
-0.033125747
0.07932765
0.23441596
-0.15037934
-0.2024401
0.11281844
0.0644409
0.43680805
-0.18494134
-0.64146435
-0.22139068
-0.14060412
0.011503047
-0.051666893
0.091662526
0.3182201
-0.1611198
-0.4406967
0.022875614
0.09483282
0.0050033866
-0.0059286216
-0.054828297
-0.17753616
-0.12564644
-0.18119627
0.26139808
-1.6880995
0.8149536
0.19793397
0.15780497
0.020720275
0.1163645
-0.21901168
0.18230282
0.078541845
-0.16522756
0.11175977
-0.22024015
0.021395188
-0.034735374
-0.0029021406
-0.14077784
0.14777158
-0.17151609
-0.070728056
-0.054373965
0.3397735
0.04776017
0.023560833
0.08779349
0.013446748
-0.28862035
-0.12092607
-0.12283109
0.13365284
-0.09727534
0.46341547
-0.18904601
0.018739255
-0.10165955
-0.11464302
0.3039616
0.28020915
-0.13824965
0.304623
-0.25653195
-0.09493018
1.0574952
-0.0077747465
-0.09997101
0.121654674
-0.25970384
-0.04866197
0.2667512
0.21407406
-0.10067011
0.12529998
0.15779717
-0.109412484
0.24963897
0.035568893
-0.17306156
0.23786634
-0.118115164
0.1626579
-0.28075263
0.22906731
0.00058088003
0.01821393
0.08794111
-0.24361393
-0.10580486
-0.9132606
-0.08410841
0.06855904
0.09046063
-0.23865657
0.073760696
-0.60624695
-0.18353002
-0.2962276
-0.080413096
-0.00948417
0.20340587
0.5245009
0.091772154
-0.0762882
0.06245778
0.17801704
-0.009035359
0.17430563
-0.3697095
0.0835106
-0.19246218
-0.045779165
-0.4665166
0.055977512
0.11165325
-0.0018779025
0.19654618
0.20564978
0.30619243
0.1347619
0.16133395
0.013859202
-0.12787187
-0.2810293
-0.09885118
0.008536627
-0.29048905
-0.012599193
-0.16576007
-0.048011545
0.0723956
-0.22354151
-0.15519798
-0.078993954
-0.28722262
-0.12717903
-0.33581182
-0.20179276
0.15413648
0.29450798
0.051456142
0.21780911
0.06968534
-0.29107973
0.14013034
0.05299583
-0.032804817
-0.0013259746
0.101250514
0.25484198
-0.105808504
0.30897176
0.010463576
0.14087567
-0.08015142
0.11450211
-0.09336247
0.024647985
0.048006073
-0.27231514
-0.033307195
0.1816651
0.06590975
-0.2669971
-0.039953317
-0.006127185
-0.30138618
-0.24665613
0.29845595
-0.0275381
-0.10769457
-0.15000455
-0.30831626
-0.35538742
0.029949768
0.28122926
0.085264
-0.099147245
-0.22419728
0.27138805
0.047694217
-0.07212543
0.33712262
-0.19867687
0.17354622
0.13466072
0.46178287
0.103700824
0.2211937
0.26215035
0.22853573
0.14459911
0.061674114
0.29643118
0.17633905
-0.028664356
0.33948755
-0.2719918
9.559195e-05
0.06505736
0.021163054
0.033225693
0.4070784
0.32912275
0.082769044
-0.02966853
0.05618387
0.80129576
-0.30272004
-0.041895706
0.053622674
0.081869364
-0.22842902
0.015992848
0.021397486
0.027579213
-0.046982866
-0.19999062
0.24712639
-0.05190444
-0.045923248
0.02695091
0.04610699
0.26658335
-0.3190952
0.385429
-0.0736566
0.18075418
0.26988095
0.12324174
0.018291302
-0.03687132
-0.114408486
0.2305403
0.029327922
0.058099084
0.18905564
0.22709166
0.18354797
-0.20435813
0.042197093
0.0048293374
-0.24962038
0.032694325
-0.04702995
-0.16369522
0.4781581
-0.42044553
-0.18425854
0.24092214
-0.027504323
0.09890824
0.032751467
0.1050483
-0.031021947
0.14317559
0.12991297
0.28616217
-0.24325518
-0.0068869293
0.27386102
-0.17027956
-0.31572765
0.058251094
0.0659306
0.11228755
0.14670978
0.12306428
0.12128827
0.1322399
-0.04381175
-0.10744783
-0.078877844
0.15263237
-0.11333278
0.025276631
0.29439884
-0.1691985
0.097801976
-0.09597593
-0.0019034743
0.13315363
0.23410816
-0.084618196
-0.10842054
0.026310999
-0.33065626
0.06596893
0.048621
0.25681895
0.06600004
-0.22479911
-0.031467978
0.19814286
-0.21176831
0.14886178
-0.053619828
-0.23378487
-0.084177054
-0.49752754
0.0004264377
0.008826353
0.04015138
-0.21797623
0.37219933
-0.18065424
0.19703458
-0.23631759
0.09559581
0.036858957
-0.14436968
0.14903621
-0.027166426
-0.09830528
0.044406656
0.016783401
-0.11391659
0.10588944
0.023042118
-0.06309217
0.18130758
-0.15374132
0.06206123
-0.32720533
-0.40912756
0.32897514
-0.24591328
-0.20385209
-0.07692656
0.00503825
0.04687344
-0.02419759
-0.13906428
-0.12070369
0.1928477
0.093462564
-0.25920543
-0.094839126
0.025722269
-0.5020497
-0.0035176766
0.14863531
0.0725996
-0.10787162
0.10136144
0.22426459
-0.0049602645
-0.28615823
0.16911946
-0.03969635
0.13910854
0.08114148
0.036719073
-0.21758386
-0.12002673
0.40743732
-0.15147433
-0.071771644
-0.26748514
0.25561127
0.08863279
-0.07769789
-0.31526417
0.33076465
-0.111151695
-0.029958392
-0.058503672
0.13085583
0.07465883
-0.28345534
-0.032752406
-0.0858153
-0.3484196
0.1923358
-0.23870441
-0.00033841463
0.24850403
-0.09700354
-0.38235655
0.24540262
0.18724975
-0.084696166
-0.13796861
0.12747233
0.057328917
0.2018807
0.26572424
0.11609067
-0.17855136
0.2514727
-0.23376437
-0.022194982
0.20400664
0.08913531
0.25638893
-0.096094824
-0.088892564
0.025900893
-0.29316327
0.36651853
-0.14336538
-0.12141342
-0.22741714
-0.053724747
-0.30826047
-0.42298177
-0.32005888
-0.17139676
0.026486218
-0.32424068
-0.2824896
-0.039028116
0.32442984
-0.24179716
-0.1063856
0.14646439
0.08412347
0.32915315
-0.24586877
0.32267553
0.08737068
0.23465449
-0.16417262
0.1942269
0.04718371
-0.013008392
0.31372416
0.3201698
0.022694668
-0.17650111
0.23444733
-0.082512334
0.21380062
0.13767056
-0.31373668
-0.03179958
0.24570318
-0.14596744
-0.2573806
-0.030092463
0.24894515
-0.12368781
0.26885885
0.08669858
0.07643216
0.10448731
-0.24029996
-0.05737372
0.15434021
0.006460642
0.07669554
-0.24252513
-0.2376934
-0.25242895
0.027026169
-0.3819208
0.0732906
-0.10747236
0.10229928
0.056132052
-0.29010922
0.14096236
0.06907233
-0.3344723
0.02186843
0.1698533
0.17943537
0.027626319
0.0014452939
-0.0972151
-0.29924944
0.01024066
-0.04232917
-0.024879843
-0.04795763
0.07983275
-0.018946229
0.02978583
-0.10826433
-0.033803087
0.01060239
0.046605207
-0.0028616313
0.07977143
-0.034024794
0.054351065
-0.0001210435
-0.1038177
-0.33777994
-0.07320367
0.15286347
0.028637243
-0.04864094
-0.10179118
0.020467991
-0.044945072
-0.054528106
-0.028626855
-0.10373479
-0.020375453
0.06218485
0.075289875
-0.055434678
0.03246557
0.08250504
0.0
-0.0052316347
-0.17837529
0.047451805
-0.07173625
0.012928929
0.0
0.00397809
0.040083
-0.06003785
-0.014212573
-0.044076014
-0.028154258
-0.08454293
0.020630093
0.06571653
0.051608883
0.035187814
-0.006600741
-0.092358105
-0.33586094
0.030472942
0.0
0.0
-0.036831435
-0.056647167
-0.045988493
0.031343773
-0.04043221
0.063525856
-0.059597645
-0.01718624
-0.024352109
-0.10123118
-0.085011475
0.06674006
-0.009455073
-0.07806108
-0.08777918
0.14093046
-0.010306699
-0.015543654
0.09679274
-0.01568715
-0.16146104
-0.01849831
-0.12509434
0.083253525
-0.0103163095
-0.10061985
0.0070460485
-0.012499188
0.0
-0.13508679
-0.075526886
-0.057365518
-0.035603385
0.031112898
-0.098313935
-0.03558607
-0.038827255
-0.0504709
-0.099330164
-0.0031537688
0.057815716
-0.044527113
-0.10640868
-0.1282801
0.067654245
0.055150364
-0.091888
0.028195482
0.0
-0.020207273
0.071365
-0.13809758
0.00314218
0.048161037
-0.06359245
0.06178498
0.16188584
-0.3655157
0.15152846
0.06898489
-0.13333312
0.50533676
-0.12880178
-0.04010344
0.09326176
0.107521236
0.12724788
-0.16895993
-0.07883204
0.07423132
-0.081512794
-0.031037733
0.078594565
0.044644143
0.149549
-0.10314997
0.14055616
-0.062333625
-0.16610882
0.12211046
0.084300905
-0.29870233
-0.16802755
-0.09209823
-0.037080362
-0.16208285
0.13776343
0.030081106
-0.040580545
-0.038429998
-0.07884378
-0.109623484
0.0697926
0.1323548
0.20086136
0.09402643
-0.09071669
-0.3004705
-0.07856725
0.091932096
-0.26797718
-0.041095678
0.15642214
-0.0585874
0.07540743
-0.047441635
0.024319671
-0.15316886
0.018960629
-0.106023364
0.06411009
0.20267309
0.07783665
-0.049139533
-0.034620896
0.1684883
0.25531572
0.06658799
0.22208399
0.1192874
-0.17706507
-0.06804978
-0.096355505
0.07222335
0.06913961
0.069556445
0.16646361
0.1159922
-0.06553157
-0.06922711
0.22231461
0.12436397
-0.10791236
0.12899117
0.19331124
-0.32570362
0.11517015
-0.03851212
0.084373206
-0.05417136
-0.09812964
-0.07838124
0.13064928
0.10247093
-0.048333578
-0.13935223
-0.3295487
-0.07522753
-0.21116681
0.35941336
-0.16831592
0.14281358
-0.2031492
0.024498375
0.032308944
0.008435357
-0.10247812
0.068960965
0.2994157
0.14076538
-0.1735165
-0.08228671
0.15042241
0.12581672
0.0910754
-0.060928077
-0.16986406
0.093521066
0.22103578
0.01802419
-0.11765193
-0.14067136
0.5306648
0.16928707
-0.062386654
0.023225987
