25
2
80
1
relu
line
1
0
0.020121792
-0.039211184
0.09826496
-0.5885885
-0.24182023
0.44841415
-0.22652066
-0.4753095
-0.42939743
0.7818283
-0.48946238
0.37997684
0.6841156
0.12026774
0.00039423775
0.18067253
-0.032216772
-0.28096744
-0.001810493
0.2212778
0.27867135
-0.5337318
-0.24158764
0.62111163
-0.07792854
-0.10761432
0.39066476
0.22480579
0.36718363
-0.20260996
-0.014326311
0.2123259
0.46355987
-0.3925487
1.0164493
0.33187047
0.05485879
-0.465808
0.25311092
-0.12548888
0.067303784
0.24738684
0.2677897
-0.08283231
0.088168964
0.15866454
0.41675183
0.2495319
-0.8269711
0.45786908
-0.33361828
-0.13054945
-0.2070998
-0.07510358
-0.2690556
0.043098714
0.25999483
0.15933837
0.5901176
-0.34046328
-0.34006953
0.05600704
0.48484305
0.17406759
-0.05672572
0.14321673
0.031365424
0.05725153
-0.21601011
0.17950459
0.30200016
0.27634582
-0.063918844
0.13250893
-0.2064033
0.24389791
0.007061899
-0.16151842
-0.36125904
0.21735898
-0.015826248
-0.033317298
-0.44651836
-0.5084522
0.40661523
-0.5888705
0.40717158
-0.6545029
-2.3872304
-0.5974026
0.07805851
0.4860387
0.065306626
-0.061534982
0.08166565
0.041665394
0.058088623
-0.27759504
0.024945542
0.22099788
0.010136983
-0.23977196
0.23991522
0.26888943
0.10649179
0.077515624
0.54186517
0.35358134
0.7057315
-0.3442881
-0.042948045
0.11474183
0.10035697
0.053175777
0.34023952
-0.088472486
0.08283439
-0.3651574
0.1651835
0.19284043
-0.0058563654
-0.40728977
-0.31876752
-0.37091053
0.24066287
-0.09531038
0.26770517
-0.35682893
0.030793982
0.11556259
-0.114265606
-0.050928086
0.17827967
0.1361437
-0.11452127
-0.3986474
0.08984153
-0.30471042
-0.027883567
-0.24138993
0.040109765
0.2450831
-1.114443
-0.13007775
-0.1576656
0.3176404
0.2612414
-0.04349741
-0.24394962
-0.39053306
-0.08488814
-0.32900897
-0.38581163
-0.21875086
-0.101766296
0.14865515
0.02337166
-0.67966574
-0.008402526
-0.0872287
-0.35050148
0.21089372
0.34724364
0.08475749
-0.067132525
0.27171698
0.16867168
-0.2616976
-0.068301745
0.13546693
-0.08233681
0.4639517
0.07180588
0.020726586
0.10897065
-0.22302349
-0.17823403
-0.29025397
0.05032148
-0.28180805
0.17827328
-0.7703571
0.09349205
-0.3160685
0.16219419
0.09000422
0.38016206
0.21438718
0.43374676
-0.45575163
-0.23102993
-0.2185151
0.45809063
0.223595
-0.08777959
0.14504471
0.15012889
-0.72409475
-0.5000798
-0.09972566
-0.51047504
-0.20089611
-0.038042605
-0.48704848
-0.19428301
-0.15435661
-0.3172379
-0.31206384
-0.097082876
-0.051259756
-0.4069728
-0.19370231
-0.01974821
-0.45868725
0.022123232
-0.03726999
-0.07553791
0.19917175
-0.14468968
-0.069328606
0.20359366
0.22911139
0.11724081
-0.23567389
0.055651482
0.09811324
0.37279078
0.2509519
-0.5308618
0.3814653
0.05524832
0.1048328
-0.05975344
0.15261474
-0.16673277
0.3170215
0.034649022
0.0021165668
-0.2233524
0.117309526
0.21400057
-0.18908176
-0.4546067
-0.065974504
-0.06873238
-0.13375601
0.023375526
-0.20352842
-0.79528797
-0.22185281
-0.3718704
-0.011782458
0.10037451
-0.19221862
0.05183729
0.49111226
-0.25043154
-0.34790528
-0.08401644
0.1467942
0.21609247
0.015394533
-0.42825755
0.0036965953
-0.3141432
0.031398896
0.629306
0.5619889
-0.31974864
-0.28327242
-0.0164229
-0.196094
0.063804805
-0.91317785
-0.24768536
-0.36512318
0.44791934
-0.09714624
-0.051325403
-0.2809494
-0.822635
0.048693202
0.15264425
0.2537839
-0.15491562
-0.10206511
-0.48068705
-0.03191825
-0.0825964
0.4577053
-0.30966347
0.66098493
-0.44008648
0.36090752
-0.027907046
-0.010015346
-0.11762755
0.15008225
-0.51450455
-0.17220682
0.2778156
0.18591839
-0.0015933999
0.17509341
0.00094152766
-0.17511964
0.37563142
-0.23684208
-0.1257193
0.3387566
-0.43956137
-0.46264797
-0.30366293
-0.17599152
-0.021768948
0.020673374
0.0023827218
-0.46701518
0.18717626
-0.071210794
0.053606454
-0.07457578
0.407262
0.09677921
0.0004088797
0.056469087
-0.45176578
0.062346585
-0.045520674
0.19638737
-0.13448001
0.033533305
0.032273963
0.066527225
-0.28978598
0.14793795
0.037258804
-0.6819532
0.07710744
0.22858036
0.5160104
0.13976938
0.27228355
0.3695742
0.49391994
-0.20698297
0.5444724
0.08606241
0.1571208
-0.16126297
-0.036455717
-0.15937442
-0.23250835
0.076147445
0.30393723
0.21029338
-0.4830693
0.15778168
-0.13204442
-0.3420585
0.072743304
-0.28462288
0.16063598
-0.36830342
0.5428414
-0.04563589
0.102120474
-0.21956679
-0.019204361
-0.15592119
0.16213107
-0.06396192
-0.3297212
-0.3125818
-0.02262181
-0.04460681
-0.5407847
-0.04020785
0.1806108
-0.047487743
0.476677
-0.05671124
-0.17495845
-0.43537715
0.1953358
-0.0955357
-0.039346784
0.17691268
-0.36267245
0.48447844
0.013113106
-0.023303509
-0.57783854
-0.0496122
0.19450507
-0.09898711
-0.36182466
0.08141762
-0.38642332
0.042638376
0.37491822
-0.110295564
-0.25424784
-0.045954302
-0.2906225
0.37270692
-0.17805994
1.1088941
-0.062128425
0.1715621
0.14723077
0.3515826
0.010389298
0.1205495
0.7762047
-0.3108792
0.17724001
0.40965307
-0.02545301
-0.095430374
-0.17596579
0.13990667
0.15822704
-0.0032789255
-0.44090998
0.14443362
-0.28359282
-0.40973127
-0.306931
-0.4219048
-0.28203344
0.43572214
0.13332722
-0.38577217
0.1862097
0.1350036
-0.21848011
0.23766491
0.120702356
-0.32759848
0.32615176
0.36315367
0.35586485
0.106161505
0.29404414
-0.36584967
-0.38091606
0.06289151
-0.37708393
-0.24913919
0.26852182
0.50933284
0.09396806
-0.44156665
0.36315694
0.105251364
-0.45208064
0.45544213
-1.077917
-0.041522324
-0.34765318
0.0021707509
-0.14241496
0.10014942
-0.16600364
0.2395229
-0.18283993
-0.36281133
-0.55521286
0.1716105
0.1415624
-0.22649631
0.32179996
0.099377096
0.2277343
0.43234336
0.027764639
-0.4311361
0.06477359
0.28201333
0.1831498
-0.23526713
-0.22020039
0.4687558
-3.1185093
-0.06893849
-0.3185549
0.17889734
0.90540546
-0.61807954
0.06741773
-0.6037557
-1.1328741
0.90367514
-0.21942574
0.52872497
0.15869255
0.7861768
0.020480033
0.07885813
0.39413178
0.43545225
-0.040021446
-0.35890403
-0.17966983
-0.19113147
-0.51307875
0.04206116
-0.3525602
0.25416476
-1.6668988
-0.38287082
0.13980845
0.34592196
-0.094275475
0.004901886
0.15095887
-0.4204546
0.12360057
-0.26183194
-0.2428491
-2.5725126
0.37850598
0.16995785
-0.17184755
-0.008874833
-0.12720177
0.47735223
-0.21211913
-0.25461143
-0.1430781
-0.08590486
-0.0350734
0.120251
0.11492963
0.42113474
0.14845486
-0.15737866
-0.71518373
-0.33149004
0.17242375
-0.48357928
-0.8883967
-0.057141155
1.3005306
0.040307622
0.34954754
0.19075206
0.12193564
0.24447098
-0.010717193
-0.033017486
-1.2257218
-0.19194724
-0.18525916
-0.5109317
-0.5711584
0.19191033
0.11812368
-0.4349395
-0.46436754
-0.3786939
-0.15765676
0.42291602
0.13843283
0.14279443
-0.33649766
0.35279858
1.161787
-0.117407866
-0.28505242
-0.13125521
-0.2212735
0.44218272
-0.40783194
0.10933234
0.41578665
0.68847775
0.08494478
-0.46378452
-0.069877155
-0.3747729
-0.22058927
0.18756434
-0.3074607
-0.13870154
-0.29804307
-0.35881305
0.117318116
0.33475327
0.46827793
-0.3555578
0.19293602
0.2147992
0.034877516
0.15549895
0.21060163
0.14698486
-0.09324339
-0.35781074
-0.012353802
-0.009665826
0.20229402
0.18279919
0.48234484
0.37485594
-0.20497367
0.0040107584
0.44165874
0.47189566
-0.30380857
0.34705913
0.3216481
-0.12763745
0.0044913455
0.24802294
-0.3693793
-0.14503992
0.37327343
0.45079842
-0.1552873
-0.28516605
-0.13607068
0.36755732
-0.53587645
0.359957
-0.31847703
0.089769356
0.23376061
-0.16314311
0.032465577
-0.09131718
0.5448981
0.12279021
0.104710564
0.41729057
-0.2193545
0.41732168
0.37590352
-0.70012134
0.22946565
0.3501853
-0.4364485
0.08763544
0.36070216
0.19869259
0.19085851
0.30501923
0.47841516
0.16415462
0.43793333
-0.025734834
0.672063
0.25420728
-0.6969634
0.292251
-0.29153052
0.11469403
0.12741181
0.5103571
-0.043809038
-0.25929552
-0.4708786
0.263207
0.04828161
-0.3963214
-0.54881054
0.55868405
0.072583996
-0.01020755
0.07691543
-0.19520807
-0.21125938
-0.040813737
-0.15277442
-0.34093922
0.5629424
0.24686098
0.33977088
-0.26233286
0.091556095
-0.1541535
-0.31599373
-0.37167546
0.3840834
0.22270453
-0.3347568
0.26808706
0.38307324
-0.323823
0.23234746
0.25707614
0.2918975
0.92833585
-0.11490317
0.3335071
0.40762368
-0.28322706
0.0916435
-0.09193159
-0.14112325
0.11654938
0.090589024
-0.19760118
-0.5183775
0.48322156
-0.43148038
-0.2283947
-0.36366934
-0.49170685
-0.43169612
-0.28348634
0.6724021
-0.21385138
0.02753914
-0.09384567
0.07617249
-0.10979149
0.38633958
0.2470105
-0.038920145
-0.35391694
-0.3360273
0.15724573
-0.1060166
0.30419335
-0.44697034
0.07829348
0.19042476
-0.38899088
-0.4330311
-0.16154587
-0.16998614
0.1339924
0.40072864
0.3467554
0.06272449
0.18686275
0.6483758
-0.018597098
-0.056283213
0.39801574
-0.009838789
0.23960981
0.048439916
0.13039719
-0.108249456
0.111889474
0.17801629
0.22132969
-0.19255674
0.06362817
-0.5132348
-0.28884766
-0.54167175
-0.1697065
0.23073256
-0.1441306
0.13427386
0.06638448
-0.4815132
-0.13231353
-0.25011832
-0.39884603
-0.18284668
0.29887435
0.16488777
-0.26117805
0.19595295
0.04647562
-0.16731514
0.021991713
0.48722634
-0.25383192
-0.15872222
-0.22217435
0.43985352
0.2424882
-0.089940295
-0.027243312
-0.022007048
-0.1302139
0.30499038
0.099370055
-0.13360654
0.3210411
-0.18160266
0.04699575
0.11801707
-0.40790722
0.28370833
-0.46303704
-0.43850532
-0.033301573
0.5683978
0.45701724
0.17863429
0.31378478
0.46710858
-0.0844844
-0.00163914
0.14858356
0.39410403
-2.430692
2.127817
0.9770501
-0.33446595
0.11406816
-0.77220184
3.6177187
-0.39858797
-0.093185976
0.34757364
-0.91793406
-0.32078192
0.5202041
0.37123576
-1.0918301
-0.18708336
-0.46274173
-3.4286654
0.87548876
0.12312699
1.4875679
-0.7819254
-0.50362885
-0.064200915
-0.2657949
-0.56565267
0.28600553
0.24705371
0.27492878
2.4367719
0.16020104
-0.856109
0.15008172
-1.4398459
0.08140528
0.22034606
-0.20430884
-0.33500794
0.3185116
0.0015690923
0.30264506
-0.08539243
0.18206903
0.007431209
-0.23342793
1.8605763
0.30028698
0.2585767
0.97699064
-0.26120925
0.054420058
0.50252956
0.2845853
0.3376113
0.068729214
0.80569357
-0.06853646
-0.24457832
0.9587033
-0.06336943
-0.25205454
0.020367112
-0.5418099
0.4347653
0.06276047
0.68667656
0.77703196
-0.07452265
-0.3177183
0.74816376
0.507607
-0.059424352
0.25387228
-0.14675052
0.39617345
-0.34413737
-0.051359147
-0.021594908
0.44570205
0.4435502
-0.40211964
0.013632818
-0.5890305
0.08572868
0.40284848
-1.227194
-0.09809849
0.44449896
-0.72988653
-0.23816629
-0.75251335
0.49215308
-0.5479694
0.31732437
-0.3750575
-0.2626205
-0.5437663
-0.124943286
-0.34612662
0.5161485
-0.073991485
-0.05172119
0.114783116
-0.016023438
-0.56608176
-0.1498718
0.058335245
-0.7169205
0.39931205
0.2980778
-0.13216263
-0.7698626
-0.24687268
-0.49186292
-0.4835302
-0.029847741
0.21234986
0.71330625
-0.62236804
0.27200726
-0.1836108
0.07454444
-0.6276562
-0.26421595
-0.42976752
-0.9048671
-0.31601417
0.5521402
-0.12252054
0.31012496
0.16237554
0.10250354
-0.8982254
-0.085177414
-0.13243006
-0.102869
-0.023910403
0.0151276365
-0.15743463
-2.1072843
0.33210894
-1.9547527
0.36914366
-0.4733127
0.694919
0.36984214
0.032521755
0.15440783
-0.3951781
-0.45254377
0.39168698
0.104012966
0.028855437
0.26514444
-0.047895715
-0.20920968
-6.623998
-0.29368508
0.14270136
0.03619805
0.56051385
0.06815116
-0.58593875
0.11845155
0.24969845
-0.3879413
0.47309116
0.14641058
-0.7105922
0.0060343486
-0.6238075
0.59318274
-0.051287808
-0.39305264
-0.25767383
-0.2449706
-0.02140531
-0.14011267
-0.4154617
0.08102683
-0.5976977
0.6468126
0.0044131256
0.36099333
-0.36016545
-0.70426893
0.77324593
-0.63807666
0.105676204
-0.4662991
-0.39217272
-0.10793522
-0.3366323
-0.35388383
-0.027802791
-0.48468718
-0.42816025
0.67804486
-0.08963698
-0.058927983
-0.38714445
-0.5238155
-0.28255668
-0.33056486
0.30657944
-0.7748406
-0.41542262
-0.07393375
0.033191685
-0.18866023
-0.26685864
-0.04652395
-0.4248591
-0.5061801
-0.22634281
-0.30561045
-0.40022564
0.11071488
-0.2906472
-0.19421244
-0.2746631
0.29461288
-0.008193171
-0.46816924
0.39715856
0.405402
0.19866583
-0.17806505
0.30561027
-0.12625088
0.74631476
0.21361901
-0.08921159
-0.34787676
0.54076433
-0.39144084
-0.49457043
0.32907173
0.06143275
-0.42907873
-0.3671134
0.4787112
-0.11335594
-0.094048515
0.23336284
-0.06693735
-0.09022021
-0.13028891
0.27839285
0.01785104
-0.35001767
0.4902509
0.1226259
0.08784025
-0.21590328
-0.6917852
-0.09531727
-0.09352077
-0.03959262
0.18248565
-0.21294273
-0.26252624
0.24352944
-0.30312607
0.35872263
0.3342494
0.45103693
-0.1912466
-0.28269523
-0.044691816
-0.86253256
0.51916426
-0.02499327
-0.041990455
-0.07368213
-0.080425024
-0.21525943
-0.1796713
-0.27070555
0.0965462
0.41584834
-0.21122551
0.42771634
-1.2689271
-0.19844635
-0.69849753
-0.46329364
0.39614367
0.0040404825
0.3466029
0.03741782
0.0478428
-0.2290296
-0.37862238
0.09926289
0.16021377
0.3028527
0.08590856
0.3699527
0.21426173
-0.31609526
-0.063247465
-0.2470588
0.41744736
0.36420622
0.49480677
-0.012891907
-0.14818868
0.40452823
0.031385764
0.15758666
0.16433032
0.1683243
0.19293769
-0.30788928
-0.3875564
-0.48339406
0.3117743
-0.26121032
-0.43153903
0.056229416
-0.29850164
-0.0047894265
-0.08132118
0.284287
-0.3786978
0.083900236
-0.31800386
-0.21007779
0.23087028
-0.08328783
0.3187891
-0.33545914
0.11436636
0.46355397
0.1026819
0.23018825
0.11501986
0.42139876
-0.10241
0.39515066
0.2583796
-0.20477572
0.099085405
-0.25762713
0.4076252
-0.06534803
-0.24838376
0.119436234
0.05613264
-0.5403471
0.027575824
-0.113458276
0.34574196
-0.9366444
0.19303368
-0.17560837
-0.70662946
-0.5133848
-0.17051253
0.17273185
0.4354583
0.23308115
0.45458215
0.32858664
0.2228478
-0.21268159
-0.034330133
-0.47866392
-0.3092187
0.4359056
0.05976192
-0.26078656
0.41483653
-0.06136118
-0.035499945
-0.39698634
-0.17482883
0.1329209
0.077511504
0.31476104
-0.54258627
0.20244087
-0.37850457
-0.3245054
0.1851106
0.40883753
0.42664438
-0.40671825
-0.05594257
-0.07070357
-0.4618238
-0.40955383
0.34569612
0.29904395
-0.21665177
-0.75990015
-0.08142762
-0.27526122
0.29433057
0.34589016
0.6124912
0.120086685
0.44757876
-0.3735297
-0.35210726
-1.0048804
-0.3895479
0.5300098
0.6446001
-0.5341777
-0.20655106
-0.10807394
-0.2760662
-0.1440918
0.11050141
0.19773054
-0.1609672
0.13705647
-0.50555295
0.048082914
0.35948777
-0.64012605
0.18991598
-0.20491539
0.50184864
0.10309242
-0.10892618
0.39043662
-1.3743546
0.21195635
0.46945894
0.13470623
-0.2786055
0.10119975
-0.3833594
-0.11758566
-0.00062700245
0.3361639
-0.07392952
0.1872218
0.28038692
0.08247629
-0.22621354
0.28376898
-0.39665502
0.37732175
0.9572091
-0.030292569
0.29791847
0.17055097
-0.23598152
-0.57483315
-0.22468093
0.121655375
0.12234003
0.43831453
-0.096252546
0.0015556904
-1.2571038
-0.4522742
0.8629132
0.34643686
0.034159213
-0.029608183
-0.52512765
-0.29707488
-0.110169336
0.2273396
1.3407778
-1.3054059
-0.5455801
0.5795731
0.29725674
-0.17533453
0.30324915
-0.31655014
-0.20794739
0.47832927
0.25069764
-0.91082364
-0.26187095
-0.041744042
1.0001148
0.17447832
0.21175635
-0.35206792
0.24822947
0.5439579
-0.17043258
0.28990215
-0.22921133
-0.15057367
0.3126056
-0.29774797
0.41530654
0.44209597
0.110949665
-0.45203537
0.03125631
-0.097845726
-0.2935022
-0.098006554
-0.40765297
0.07222623
0.022041077
0.22979699
0.2329533
0.47459736
0.084685475
0.09263697
-0.087198794
0.16319546
-0.17747122
-0.14262299
-0.43373996
-0.083022535
-0.87569547
-0.0074438034
-0.16548568
0.08135477
0.8640855
0.3811743
0.14685485
0.30398044
0.7261112
0.27979752
-0.1714185
0.39589942
-0.14289638
0.16325875
0.021236263
0.18669996
-0.37645653
-0.08554299
-0.084279425
-0.16358614
-0.55643743
0.7069233
0.18163079
-0.39243385
-0.41879177
0.010458548
0.27828953
-0.46303958
-0.015652508
0.015302934
0.23532279
0.04232475
-0.18666427
-0.69439316
0.1955667
-0.068737425
0.40698162
-0.14722972
-0.012277752
0.3745171
0.012843747
-0.19989797
-0.2664215
-0.15640227
0.24129635
-0.2773569
-0.21778142
0.18711151
0.09445128
-0.048724707
-0.04950738
0.34243137
0.085744955
-0.087825045
-0.03210306
-0.37795568
0.1623041
0.40774563
-0.20561077
0.16613795
0.04137267
0.39757317
-0.16411643
-0.55301493
-0.2745018
-0.11658979
-0.34604082
0.38452128
-0.46106
-0.1624618
0.42818713
-0.036521256
-0.34323862
-0.2674553
-0.27185848
-0.47869125
-0.36005086
-0.08071569
-0.39842102
0.29441103
-0.53037786
0.41718054
0.23005089
-0.47237128
0.037608854
0.21585381
-0.45927113
-0.4898503
0.066859975
0.34268704
0.05156151
0.28928497
-0.24462578
-0.48946583
0.4190119
-0.3943198
0.11714427
-0.3929368
-0.20158403
-0.479462
-0.3343473
0.10423398
0.1276435
-0.2954838
0.26045805
-0.31271195
0.3093764
-0.011894191
0.44217262
0.29941842
0.2740675
-0.32898536
-0.5598954
-0.77739835
-0.38169017
0.40440357
0.3019221
-0.11019069
0.10639629
0.36210504
-0.08579046
-0.39638
-0.38548902
-0.0014036876
-0.13742913
-0.39807805
-0.013597493
-0.20317565
0.11654054
-0.56345683
-0.21879503
-0.07786961
0.32918197
0.09525908
-0.15671906
0.5189482
0.47991967
0.2996213
0.20378032
-0.10059652
-0.16479824
-0.41475198
0.026326668
-0.3193016
0.3991805
-0.18928
0.058440242
0.259855
-0.2486342
0.15028574
0.3015077
-0.20066127
-0.08878271
0.42976913
-0.22156714
0.4069415
0.18184558
-0.16783114
0.099274956
0.36896092
0.5417811
0.62352717
-0.043709546
-0.30356753
-0.108626276
0.009427379
0.75524783
-0.36111754
-0.41575375
0.072547406
0.038317073
-0.32432425
-0.4360398
0.20950377
0.5988283
0.38644207
0.49946126
-0.23586789
0.3379902
0.15871325
-0.08672193
-0.28115118
0.2116522
-0.19508821
0.3028291
0.33743957
-0.44664744
0.2812499
0.2830867
-0.35478118
-0.15030652
-0.168834
-0.14703861
0.06970686
0.047978457
0.4460213
0.5326626
0.28890368
-0.3934559
0.43693423
0.3746859
-0.10626337
-0.4242739
-0.23526147
-0.14988329
0.09220195
0.29888308
-0.4972963
0.25640845
0.11964554
-0.10630424
0.090563595
0.09467386
-0.3941293
0.051053952
-0.1696451
-0.08689061
-0.3271292
-0.5127974
-0.14183667
-0.0004162913
-0.24338834
0.48564398
0.31343094
-0.41450945
0.33307213
-0.467717
-0.37889025
-0.4379361
0.32248974
0.41990694
-0.4044214
0.22420548
0.3108983
-0.15633413
-0.25622854
-0.49217305
0.4613143
-0.536258
-0.11691269
-0.10430438
0.26081416
-0.4437154
-0.17344049
-0.32950032
0.1214918
-0.0908263
0.022933038
0.2974224
-0.07245642
-0.15100253
0.37748665
-0.15696633
0.27318695
-0.14695515
0.3094031
0.3313485
0.30063012
0.1308368
-0.26269087
0.23038961
-0.13099588
0.36423585
-0.17443497
0.050578453
0.4854919
0.42326114
0.45236257
-0.09957233
0.51016486
0.087036505
-0.19720969
0.2816648
0.09002813
0.18975684
-0.28826153
-0.24356507
0.35255426
-0.08925986
-0.04983814
-0.0076150293
-0.4876154
-0.23641971
0.3732087
0.49503022
-0.091016635
0.28704894
0.07960232
0.104205005
-0.09028234
-0.2934878
-0.008704987
-0.84208435
-0.048490483
-0.012322684
0.05487319
0.077657744
0.31475422
-0.013234224
0.26268935
0.0065675178
0.2294245
0.21074253
-0.32761902
0.2505546
0.47931436
0.12347958
0.36973205
0.46169177
0.0433291
-2.1361628
0.020603985
-0.1826343
-0.30332994
0.2464128
0.4842491
0.19346784
-1.4859749
0.027288798
-0.4524539
0.12253417
-0.2364291
-0.20581183
-0.21252847
0.22998236
-6.874925
0.43843713
0.35254183
-0.22294883
0.31475857
-0.16312084
-0.23683612
-0.38392377
0.029468082
-0.041534495
-0.22086264
0.44641036
-0.18591535
0.30864292
0.10823449
0.35215816
-0.11623078
-0.047757618
0.2519772
0.348962
0.119447
-0.4171758
-0.18802148
-0.042567518
-0.017173259
0.20227706
0.35236177
-0.29939952
0.9681897
0.026264708
-0.2811465
0.3512905
0.005631705
-0.2426668
-0.049366415
-0.16666736
0.41888133
0.3888527
0.027445514
-0.33558792
0.11554724
0.056586046
-0.2627364
0.1832057
0.20518921
0.32163554
0.12949434
-0.36695853
-0.0062946514
-0.04227344
0.10968083
0.08026883
0.072903365
0.0081528295
0.10152905
0.41352588
-0.11013974
0.15845044
0.22734614
-0.5447277
-0.05453019
0.16630162
0.17362507
0.12699388
0.14896807
-0.3621819
-0.28943464
0.3228963
0.2585438
-0.07850966
-0.34007025
0.20243192
0.07609703
-0.0936997
-0.30214494
0.072769284
-0.09281285
0.2720116
-0.039250553
-0.03657972
-0.4528208
0.36539385
-0.4507959
-0.074619874
-0.37753478
-0.014868629
-0.2593121
0.12182638
-0.14210431
-0.14803861
0.20063613
-0.037986565
0.32147712
0.32747495
0.39901674
0.77366716
0.20869912
0.0920523
0.049624834
0.0842403
0.10238881
0.034235805
-0.46681088
-0.1675951
-0.111838676
-0.12073031
-0.07227573
-0.09464283
0.6512493
-0.26984724
0.36032823
-0.033191092
0.29075927
0.09643623
-0.18384919
0.07987184
-0.0010972321
-0.20845678
0.03238465
-0.32062435
0.63609
0.11273526
-0.46657452
-0.1014219
-0.03472535
0.26000762
0.310033
-0.23252432
0.10228949
-0.026633961
-0.49108884
0.12769435
-0.08150819
0.051789816
-0.27955252
0.34280643
0.4933509
0.040454276
0.38404614
0.18733218
0.117076635
0.056951452
-0.07794679
0.17494698
-0.2643984
-0.18483138
0.19140974
-0.08041697
-0.20029971
0.15173784
-0.07150778
-0.009972179
0.03201663
0.0022449659
0.34671825
0.022805728
-0.17127143
0.16511098
-0.47647497
-0.059685227
-0.5053845
-0.42453063
0.08561281
0.030748645
0.17312023
0.06558679
-0.1909047
0.041362673
0.16487813
-0.89411366
0.10403036
-0.2720741
0.4796787
0.045436896
0.033967968
0.3280691
-0.23577772
-0.3121247
0.11985777
-0.20754105
0.24008228
0.057572156
0.13255666
-0.28550294
-0.18122661
-0.15735976
0.2100198
0.19270927
-0.22824144
0.45369244
-0.23361428
-0.3686012
-0.3616945
-0.29036134
0.1179478
0.25869024
0.38410017
0.34931305
0.13989028
-0.28890473
0.5018961
0.2849292
0.5976389
-0.4082973
0.26720417
-0.2514405
0.48141322
0.32395697
0.10692657
-0.09104519
0.349083
-0.2563642
0.38993832
0.14857237
0.11606162
-0.57657015
0.50436157
0.07088917
-0.05256184
0.39737976
0.037889298
0.06297067
-0.22086641
0.40819526
-0.24857262
-0.6711893
-0.2841292
0.1973494
-0.15418291
0.2743779
-0.05641991
0.20906971
0.059631515
0.27271077
-0.15768802
-0.029914815
0.15824601
-0.4830116
0.049433142
-0.5209348
-0.35862917
-0.20751867
0.2058021
0.2419409
-0.41585255
0.35541248
-0.040706273
-0.15548402
-0.045122717
0.2988611
0.28244808
0.07068989
0.049081814
-0.2515975
-0.40955397
-0.27379417
0.05970103
-0.598997
-0.5193941
0.5327556
0.47898746
0.054220527
0.25951597
-0.29113367
-0.17864014
0.17598748
-0.20705998
0.28478986
-0.22883737
0.082813114
-0.20106317
0.41666722
0.33033425
0.0016511083
0.45337504
0.35160938
-0.46391842
-0.10031575
0.025651691
-0.07934168
-0.41161257
0.14460893
-0.38198245
-0.10301642
0.3916059
0.12877977
-0.2967769
-0.16131392
0.50197625
-0.33077133
-0.10999244
0.45639268
-0.26390573
0.14530629
0.13545488
-0.38516277
0.4537049
0.020813458
-0.07131294
-0.22570573
0.32960293
0.288643
0.45393786
0.1989638
-0.008394513
0.51422167
-0.23727468
0.11860823
0.30250874
0.30418468
-0.40523455
-0.195159
0.47383508
-0.31239784
-0.2701343
0.56648165
0.07649181
-0.08970544
-0.44696465
0.14692727
-0.2714789
-0.7118645
-0.19278185
0.22410208
0.16864559
0.17422052
-0.45322126
-0.43244457
-0.15812796
-0.061927743
0.13017038
0.42282078
0.2362549
0.34214175
0.2960167
-0.030517388
-0.20050018
-0.40388775
-0.026284568
-0.24503939
-0.36836532
-0.44868222
-0.28242972
0.24041411
-0.27438167
0.27068335
-0.35570657
0.28517246
-0.49206477
-0.1711183
0.3359798
-0.20947145
0.043386094
-0.12199968
-0.06502481
-0.043719966
0.0
0.0
0.0928905
0.035615418
-0.0039750813
-0.16778335
-0.04423143
-0.06477218
-0.009828648
-0.006648635
0.08823253
0.07747436
0.063130125
0.03736544
0.07241267
-0.002652878
-0.0510049
-0.10569804
-0.016646862
-0.050309684
0.005556698
0.056291074
0.00040571654
0.001477651
-0.101489425
-0.048543517
0.069032446
-0.05339068
-0.047040783
0.062185913
0.0
0.25927907
0.123331115
0.04634683
0.0
-0.057904013
0.0059208516
-0.058134433
-0.017175142
0.27647993
0.08333745
0.0
0.0
0.08227408
0.008256554
0.09389419
-0.050032765
-0.15237533
0.0
-0.0005696669
-0.06601091
0.0
-0.014851086
0.16464059
-0.027475568
-0.006405245
-0.114393756
0.030773716
-0.016293736
-0.0058878018
-0.102947935
0.07270431
-0.06097263
0.09872836
-0.0027566508
0.0
0.05234279
-0.001694177
0.061288867
-0.012990091
0.0
-0.089608386
-0.07224587
-0.090443335
-0.012737194
0.028235793
-0.057909507
0.0
0.11904932
0.104846895
-0.021919727
0.05493179
-0.13587621
-0.42422983
-0.095291026
-0.06848134
0.12948494
-0.42612067
0.067308806
-0.27015802
-0.12998857
0.081021495
-0.20838475
0.40117902
-0.1867337
-0.119706124
-0.13570715
-0.28229064
-0.07591505
-0.08702952
-0.072852634
0.21252257
-0.11019374
0.06883459
0.10780858
-0.140611
-0.15171608
-0.07213601
0.22329307
0.30355296
0.1186938
0.10722107
-0.4468268
0.15016106
0.18552125
-0.112937905
-0.63863754
0.097491786
-0.061500106
0.30270132
0.2827792
0.149699
-0.046304673
-0.13254616
0.24114418
0.54169905
0.115013726
-0.3394843
0.2559566
0.04489595
0.10731353
-0.11577231
0.46137148
0.34600136
-0.14662811
-0.13330846
-0.06313494
0.108483285
-0.17950936
0.16298944
-0.33910143
0.1541295
0.029265726
0.11333005
-0.15695491
0.017533809
0.14801678
0.0854262
0.11915088
0.15247157
0.15448204
-0.20330846
1.522098
0.09125414
-0.048816115
-0.14384073
0.069570124
-0.20194997
0.52321327
-0.018195732
