49
2
120
1
relu
line
1
1
0.09560587
-0.05970115
0.2007755
0.94176495
0.18471816
-0.3938284
-0.81009775
0.7174722
0.08740178
0.36719754
0.16833985
-0.33611044
-0.74864995
0.07082581
-0.28242904
-0.28352386
0.14967984
-0.25225753
-0.22493282
0.17824921
0.30523252
-0.18334198
-2.496285
-0.23148932
0.23302102
-0.25997403
-0.30513817
-1.0993319
-0.027900584
-1.2205746
0.08695849
-1.1492063
-0.23595908
0.25123936
1.2713087
-1.1405414
-0.11141549
-0.20255655
0.23688053
-0.8601667
-0.3184865
0.08665538
0.21049877
0.048665375
-0.045059025
0.27079433
-0.53593266
-1.2957009
-0.18828584
-0.31354812
0.24796256
0.29479772
-0.4589212
-0.2606577
-0.6188264
-0.090400234
-1.3341079
1.2825686
2.4382982
0.17937542
-0.14057526
-0.07493091
0.093299985
-0.39907125
0.2215262
-0.13796127
-0.20436156
-0.08307239
-0.10058315
0.030921996
0.20937717
-3.929731
-0.33698267
0.4476308
-0.36983812
-0.24016137
0.69194037
-0.17582516
0.1409451
-0.255421
1.0090221
0.66057944
0.18678132
-0.25782636
0.04320655
-0.3691638
-0.3087648
0.2519569
0.17280465
0.4988922
0.07199149
0.21947855
0.560942
-0.1313576
-0.26666594
-0.28807172
-0.11351064
-0.12846224
-0.22476678
0.119246356
-0.22936943
0.2569385
-0.25022778
-0.083299
-0.6368164
0.072214335
-0.23318082
0.25577992
-0.73321056
0.11412635
0.45010728
2.584422
0.11993379
0.24257994
-0.6907251
0.11869569
0.27254385
0.082048416
0.13699114
0.26881772
-0.33509225
-0.50233066
-0.20896293
0.621972
0.05900512
0.08442952
-0.9721537
0.40324354
-2.6073384
0.04785632
0.0043418705
0.22236955
0.18483968
-0.4047888
-0.2813029
-0.2908346
0.43571195
-0.4633376
0.68519765
0.7859245
0.35282668
-1.2679664
-0.11597376
0.52699816
-0.26004097
0.18299358
-0.040298276
-0.11243619
0.23022984
-0.6754751
0.013795292
-0.48422766
-0.27624807
-0.086646765
1.9278283
0.68094766
0.072633505
-0.18778878
0.36234984
-0.48491555
0.6901968
-0.04568487
0.1453546
0.08581677
-0.45861167
0.09270498
-2.263371
-0.16982983
-0.051210795
0.094632424
0.10602857
-0.15993962
-2.9625664
-0.18479733
0.7796737
0.121955074
-0.45974505
-0.07047123
0.87839836
-2.5671225
0.07429448
0.04930213
0.13391432
-0.78987944
-0.29049686
0.06811479
-0.46946877
-0.16082862
0.08125925
-0.13839127
0.24725744
-0.65940917
-0.7251865
-0.33956903
-0.06962422
-0.060987055
0.6243814
-0.013901023
-0.010121644
-0.49839813
-0.2349604
0.3631566
-0.42124763
0.061609447
0.13358709
-0.07414265
-0.12199086
0.09470954
0.0648109
0.080935
-0.030014232
0.32887626
-1.0732803
0.005464815
-0.19200552
-0.009960649
-0.31144005
-0.80256104
0.03725398
0.14986244
-0.27909672
0.4308426
0.0018572643
-0.5616098
-0.0698
0.4113291
0.3144638
-0.21780278
-0.20429268
-0.11375826
0.27180824
0.44099247
0.39422986
-0.07526788
-0.8898354
-0.11575075
-0.27274433
-0.18269013
-0.5992439
-0.04620532
0.17320551
-0.5284044
-3.3481355
0.2952596
-0.01815478
0.0672982
0.14751013
-0.03078487
0.016931076
-0.09889565
-0.35671714
-0.20842676
-0.14442702
0.16179526
0.5358494
-0.15884149
-0.04082286
0.7520024
-0.22675543
0.2069463
0.39226553
-0.14640392
-0.03481735
-0.52926946
0.10691145
0.13917741
0.33402282
-0.494078
-0.20089424
-0.26613978
0.2659318
0.25593203
-0.037381634
-0.18225087
-1.7250594
0.1390344
-0.23349722
-0.17465714
0.41443875
0.22506264
0.06542312
-0.6986479
0.18082824
-0.083073854
0.4137837
-0.13379143
0.9780273
-0.29634765
-1.2894971
0.051845822
-0.0061967173
-2.5378528
0.15445077
-0.033118937
0.3452812
-0.16275427
-0.056212444
0.19452251
0.36157617
0.06359561
0.5468766
0.26321644
0.2973705
-0.017780146
0.28276432
0.12522718
-0.40292254
-0.32050315
0.18889737
-0.06732113
-0.24383518
-0.80840784
-0.6129579
-0.038105853
-0.29369536
-0.08434147
0.273731
-0.66400194
-0.035498947
0.3244081
0.9051945
0.57997674
-0.15405962
1.0298532
0.2599884
0.920639
-0.037116576
-0.09888292
-0.21054682
-0.8216844
0.53315073
-0.19765256
-0.03404537
-0.27031454
-0.31648806
-0.09011185
-0.19320928
0.29296005
0.11228976
0.006012549
0.22248894
0.27848288
-0.17834525
0.24694075
-0.23063672
-0.094138056
-0.32122323
-0.23733339
-0.8322144
0.36589405
0.72793937
0.3554985
0.14301069
-0.8844666
-0.22799242
0.1869774
0.26413602
-0.43569294
-0.13952619
-1.634272
0.10331418
-0.55350906
-0.3365086
-0.54134876
-0.17747143
-0.40045798
-0.22214021
0.22571003
-0.4090638
0.1762056
0.8938927
-0.30622792
-0.02704463
-0.46479622
0.31321996
-0.16089445
-0.07018366
-0.052422736
0.026812315
0.7087811
1.0079175
0.020220932
-0.04986121
-0.3885716
0.07755466
-0.0434158
-0.05454749
-0.3054885
-0.094784886
-0.14803793
0.69387877
0.050240938
0.6384235
-0.19609092
-0.43021613
0.14747395
0.06537196
-0.17231572
0.045304842
0.30627614
0.5636361
-0.33280858
0.0943015
-0.61334443
0.026409313
-0.20352139
0.14700674
-0.32536113
0.42026436
0.031738948
0.18063171
0.10330718
-0.2039235
0.031074565
0.2756565
1.0218722
-0.31186187
-0.3163592
0.4153028
-0.011331627
0.16420858
-0.022604793
-2.1331122
-0.1225333
0.0025083602
0.05358799
-0.2612558
-0.26279807
-0.022439122
0.17056227
0.104387514
-0.07202039
-1.2718668
0.18787885
-0.37238845
-0.31588566
0.22562563
-0.7086219
0.30493003
0.24322617
-0.53653777
-0.673217
-0.11403311
-0.1794489
0.41682827
0.6731614
-0.16580255
-0.01843137
-2.8424106
0.2875707
0.4720319
-0.0461272
-0.38819036
-0.51661015
0.07872638
-0.26114845
-0.32873964
-1.3117474
-0.14371823
-0.35340905
-0.23284326
0.50344074
-0.20854892
-0.019958211
-0.24450707
-0.5896897
-0.098319426
-0.19797152
-0.8111128
0.15943865
-0.49456924
-0.0137782395
-0.24296655
-0.047078397
0.09485712
0.339956
0.5552145
0.51233137
0.3604651
0.22226925
0.24879158
-0.14961123
0.12150469
-0.10515148
-0.18987969
-0.13021868
-0.49523345
-0.29397786
-0.35868245
0.51636386
0.12039634
-0.33786714
-0.41117346
-0.615112
0.8861513
-0.20689437
0.042120446
0.13727741
1.0315509
0.47546837
-0.16849595
0.3859846
-0.05516185
-0.15813164
-0.07623238
0.49426946
0.07348546
0.77679735
-0.52568144
0.06360983
0.34541425
0.23119298
-0.21732347
-0.014058833
0.01309878
-0.018336175
-0.19974095
-0.35983545
0.53608155
-0.025168575
0.20032498
0.60492826
0.3331096
-0.01680159
-0.19013806
0.03755639
0.1335496
0.12899373
-0.8843656
0.09806345
-0.34889066
-0.5891271
-0.2691217
0.032069385
0.3555421
-1.160492
0.10819997
-0.29682785
0.12020935
-0.037089672
-0.062113535
-0.3109691
0.22890317
-0.0034712574
0.2692832
0.6639275
-0.25232536
0.3047145
-0.16840458
0.37216988
-0.21839648
-0.024291618
-0.62224084
0.30470937
-0.3651356
-0.25049388
-0.24444602
-0.3412747
-0.19912714
0.28204226
-0.48791066
0.40872046
0.2409134
-0.040582277
-0.5616317
0.5233338
-0.8150093
-0.06402566
-0.21580282
0.042639423
0.39437246
-0.2895499
-1.0568826
-0.25022888
-0.1253358
0.066321775
-0.22584553
-0.096923314
-0.4248674
-0.019270223
0.12594903
0.60469234
0.20831512
0.06398019
-0.43086573
0.12707041
-0.31670752
0.09196616
0.17582862
0.16822602
0.17617166
0.084064275
-0.07131741
-0.31683224
0.0730217
0.5093656
0.3017623
-0.024930974
-0.8662747
-0.18219608
-0.26987118
0.1119006
-0.3249519
-3.1651297
0.34953064
0.12111208
1.6986225
-3.309135
0.2530648
0.018369539
0.3409049
-0.20633201
-0.3071365
0.2531357
0.2777117
0.030609727
0.20393865
-0.1416393
0.033289045
0.2981598
-0.049270976
0.23171555
-0.17567979
-0.16724165
-0.27737424
-0.25031057
0.096237116
0.9895578
0.5968133
-0.19811927
0.18721639
1.1685059
0.075995006
-0.08563066
1.3758999
-0.89484745
-0.014105558
0.24753463
0.050304573
-0.30982888
0.0038193997
0.22237162
-0.11602741
0.22186637
0.8988676
0.123589605
2.0549893
-0.40804318
-0.012508438
0.5269903
0.51303655
-0.3449591
2.6757913
-0.6444574
0.5750988
-0.21478713
0.44928092
0.17779116
-5.451763
0.2845754
-0.18569708
-0.28477246
0.20404202
-0.16117486
0.55011064
0.12919304
0.2109474
-0.40997666
-0.2872386
0.1156215
0.2181439
-0.63447994
-0.033137888
0.19166797
-0.1564388
0.024347216
-0.5285938
-0.12303502
0.34277517
-0.22466007
-0.5559981
-0.23054138
0.6718024
0.18702453
0.24231134
0.30648857
-0.41350397
0.18071255
-0.3426782
-0.83520484
0.08527826
-0.1736742
-0.0073440634
-0.07015964
0.036834925
-0.043896023
-0.010288149
0.058627397
0.20212942
0.54857135
-0.16668852
-0.37135115
-0.15305442
0.2823298
0.34071195
0.0673489
-0.31376275
0.2974317
0.15653712
0.24240048
-0.021815082
-0.6457475
-0.029781455
0.16662592
1.038406
0.020187393
0.43014777
0.22892946
-0.1407226
-0.23517376
0.4501128
-1.0355589
0.56842244
-0.63415945
0.099552825
-0.5821642
0.36762923
0.0030811604
1.1810781
0.015543428
-0.30058265
0.08517751
0.3662172
0.4199471
0.14479478
-0.044256926
-0.28076738
-0.20650166
-2.6719854
-1.3758751
0.32236004
-0.37340495
0.42040026
-0.49435484
-2.6121159
-0.3228452
0.29857433
0.41896763
-0.19084743
1.358656
0.021137437
0.9518221
0.24372834
0.12421696
0.6398096
-0.8022882
-0.10073702
-0.26409176
0.09909592
-0.22240297
0.83825207
0.5304575
0.29222593
-0.0033663213
0.13687202
-0.33731487
-0.35928285
-0.3543269
0.8499442
-0.28087628
0.3711252
-0.29378414
-0.6451749
-0.49306953
0.44319883
0.04054505
-0.8146508
-0.33813718
0.028398843
-0.56632364
-0.0076877773
-0.15196963
-0.03440088
1.4914542
0.10756802
0.226866
0.3628879
-0.013074466
-0.21069156
-1.9838779
-0.5465483
0.43735138
0.1288309
0.2952019
-0.49669176
-0.1351147
-0.41992474
-0.40258268
0.2193203
-0.3998912
0.037892893
-0.8597166
0.8023508
-0.31056514
0.3873159
0.78428125
0.6743053
-0.30583704
-1.4277608
0.34053436
-0.20080084
0.18246537
0.2623065
-0.4805746
0.048547745
-0.056397274
0.23637718
1.3481443
-1.5414734
0.289403
-0.28654823
-0.42017156
-0.74415356
-0.8791965
0.04099076
0.38588074
-0.27660942
-0.12564205
1.0007272
0.80277145
-0.20260741
-1.2377871
-0.02853836
0.26839754
0.6092661
0.32211518
-0.04760748
-0.2614491
-0.2147047
0.5767281
0.09552256
0.37024736
-0.0083704665
-0.6101656
0.0476755
-0.54259217
-0.22441573
0.12508431
-0.007641146
-0.13370118
0.06616916
0.0564169
-1.0332353
0.40898648
-1.2977608
-0.2222274
0.07736639
0.5558595
-0.22931926
-0.018709129
0.42182678
-0.026620923
-0.06602432
0.90747803
0.011225259
0.317429
-0.7068937
0.27826926
0.6691883
0.0076360763
-0.24323872
0.25607383
-0.7648931
0.1395945
0.5536888
0.041719813
0.32504767
1.0400078
-0.1361982
-0.7443583
-0.36044377
0.45866412
0.27524516
-0.12084098
-0.32696822
-0.3158514
-0.13291255
0.01826532
-0.40680486
0.1819038
-0.16522983
0.02887045
0.73471767
-0.52167106
-0.33220285
-0.2584752
0.021320356
-0.2932193
-0.570215
-0.23608191
-0.19796464
-0.23917025
-1.1878009
0.24440658
0.13435663
-0.18501075
0.4476308
0.05707833
0.038980305
-0.47321975
0.42913362
0.07411557
0.24152131
0.029120535
-0.09785984
-0.27205455
0.38869864
0.33847624
-0.3410126
-0.24738874
0.7167242
-0.60322374
-0.10079712
0.16304396
0.07800897
0.054524623
0.6208017
-0.23461403
-0.055380054
0.19573776
-0.36904648
-0.021164417
0.41087943
0.27493176
-0.13853973
-0.064725965
0.27677083
-0.48319253
-0.8343712
0.66745377
0.0100337565
0.32109302
0.22146493
-0.3360346
0.03287447
0.52904546
-0.24470295
-0.24457493
1.136864
0.6679345
-0.4333735
-0.52723724
0.23484829
0.16410711
0.5138542
0.4217112
-0.081684075
-0.70692295
0.64489824
0.33339384
-0.48319358
0.7084724
0.34872708
-0.043726612
0.030078728
0.71919686
0.4291075
0.393146
-0.096484706
0.1982959
-0.19949019
-0.2898212
-0.004473913
-0.111405015
-0.5965323
-0.23751831
-0.14490408
-0.20245503
-0.5726026
0.09969112
0.32729045
0.12292265
0.17745233
0.57769597
-0.41845748
-0.16920246
0.3755093
0.118947536
0.15853225
0.12130249
0.26389465
-0.00038761858
-0.15288906
0.31450856
0.0037268212
-0.38514966
0.051130444
0.7960779
-0.34498098
0.1563436
-0.47558987
0.61327654
-0.21115223
-0.7813118
0.021093354
-0.36183307
-0.24670449
0.13671622
-0.46992016
-0.10375281
0.45653498
0.48513287
0.11428902
-0.3176246
-0.1002084
0.2931747
0.13977046
0.33799744
-0.30954054
-0.06349582
0.25652874
-0.21474218
0.017046018
0.69657713
-1.1887459
-1.149638
0.49538708
0.29049504
-0.2696155
-0.6159844
0.21140695
0.11699584
-0.009599472
-0.25362206
0.38719112
0.29766
-0.3285179
0.32850978
-0.17652911
0.0716999
0.04063057
0.11349082
-0.23045906
0.39858347
0.4925912
-0.13933787
0.31608823
-0.3368746
-0.38869366
0.04350349
0.161609
-0.28529128
0.2693473
0.11366508
0.16913599
0.0069705322
-0.16516554
-0.68836266
-0.48426363
0.62536377
0.020864695
-0.50176305
0.33499673
-0.002271762
0.053793717
0.36615962
-0.24270539
-0.21984714
0.38789254
-0.35698298
-0.59600556
-0.33831924
0.2073023
0.62464505
0.06809689
0.33149448
-0.20805234
0.71903276
-0.63644034
0.18634023
-0.00042332002
0.09423793
-0.09312294
0.49218392
-0.30629644
0.4103716
-0.32162014
-0.049832683
0.1834104
-0.4224814
-0.7304169
-0.24002081
0.38063207
-0.008511664
-0.5133273
-0.3457329
-0.06057043
0.08125851
-0.62994754
-0.19723737
0.12128686
-0.017801864
-1.0068421
0.23755932
0.56132466
0.5499868
0.027969632
0.15924893
0.5263603
0.0068028746
-0.14967361
-0.35899508
-0.49670485
0.29789788
0.5578516
-0.10349571
-0.3147137
0.18781602
-0.12569089
-0.42938656
-0.29421318
-0.17148778
-0.42981717
-0.40258288
-0.1123211
-0.65854216
-0.19134213
-0.3635104
0.2525556
-0.2872575
-0.24127744
0.16215497
-0.071729794
0.26713234
0.09240997
-0.14245711
0.25298548
0.22417158
0.019565402
0.091591716
-0.37746552
0.07019262
0.21177584
0.18060778
-0.23064804
-0.2577666
0.24637894
0.14645678
0.021319032
-0.03953269
0.27544913
-0.22670414
0.2169505
0.15065297
0.01748912
-0.3157963
0.091685615
-0.101181455
-0.086388886
0.19935349
0.36755392
0.17119765
0.13922316
-0.23949431
-0.1473404
0.017391704
0.43400598
-0.25314367
-0.053582545
0.21184812
0.07612179
-0.25817162
0.09394748
-0.065035395
-0.22162944
-0.5456013
-0.08890113
-0.13028215
-0.1902315
0.55671716
-0.12980974
-0.37398446
0.028604517
0.13342483
-0.18735757
0.21031545
-0.3244433
-0.17750819
-0.00037128216
0.23437007
0.07749882
-0.23460896
-0.04248061
0.1505989
0.604705
0.0663245
0.17575417
0.2983569
-0.47994673
-0.13431714
-0.1423092
1.2709774
-2.3727171
-0.7843648
0.11943594
0.663579
-0.029018886
-3.9576092
-3.658946
-0.6640231
0.06910393
-0.06791681
0.68766767
-0.2616634
-0.009906501
-0.12897086
-0.25802767
0.23707804
-0.17146002
-0.2360171
-3.336042
-1.631663
-0.6368198
-1.5648701
-0.023199359
-3.6095526
0.4816382
0.65855014
0.40565437
-0.15822865
-0.41386923
1.348832
0.96712357
-0.652823
-0.36507478
1.5984948
-0.19589587
-0.29434437
-0.41045827
-0.13995968
-0.6357466
-0.6740139
-0.32402906
-0.18340312
0.26507396
-0.20659035
-0.88273734
0.4243727
-4.108055
-1.2994865
-1.7479187
-0.29287416
1.7999395
0.29632828
-1.2675883
-0.28436592
1.8017448
0.25641
-1.4340152
0.30236375
-0.1433759
0.33822006
0.1057187
0.33821866
-0.39429072
-0.29896483
-0.19641446
0.55812126
-0.010547221
-0.7061657
0.1435705
0.43138868
1.0138886
-0.50424063
0.3470075
0.3135442
-0.80407864
0.5509581
0.15458095
0.3484485
-0.55822235
-1.1066713
-0.42640513
0.1817894
-0.13693213
-0.9340404
-2.2979693
0.026551703
-1.7500622
0.2402246
-0.64805835
0.03251344
0.21872464
0.13797419
-0.25773558
0.39189145
0.07599971
-0.09474672
0.46070892
0.43360662
-0.01814583
-0.3726016
0.21450895
0.32341105
0.6358949
-0.36982632
0.24408305
-0.040124744
0.5158167
0.1318019
-1.2924223
-3.316042
0.0886425
0.012974322
0.69740677
-1.394613
-0.9938997
-0.0060742795
0.09231311
-0.44136164
-0.07092832
1.1960431
-0.7089003
0.31145334
-0.2949735
0.40670156
0.8721036
-1.079401
-0.23314065
-0.50624967
0.1223135
0.1890428
-0.50015783
0.3404186
-1.6930418
-0.18551083
0.8722587
-0.031426616
-0.27176055
1.3287416
-0.5342464
0.6281641
0.5886101
-0.43209696
-1.0730222
-0.081671156
0.87695384
-0.2170731
-0.5493558
-0.19257961
-0.40080428
0.3075994
0.8029638
0.50833356
-0.57504123
0.30230975
0.07590005
-4.585726
-0.63405794
1.4239844
-0.78748584
0.4458112
-0.63003844
-0.28428474
0.667237
-0.11884847
0.40103495
0.16259421
0.3894662
-1.0943158
-0.21280509
-0.90211767
0.10096686
0.8450291
0.11064477
-0.30304897
-0.24685302
-1.5404012
-0.9986755
-1.2058853
-0.2380561
0.15055843
-0.46981484
1.0171913
-0.29887575
-0.34428832
-0.08298805
0.16954736
-0.11732286
-1.0124927
0.8516337
0.9066932
0.098460056
-0.22238149
0.15342446
0.21375412
-1.1705173
0.33380002
0.2561866
0.43723398
0.29367292
-0.014920606
-0.92097735
-0.83910817
0.20195326
-0.81476194
0.11447111
-0.039187618
0.68057936
0.08648433
-0.4450082
0.19163114
-0.11893496
0.42823908
-0.1920658
-0.16442148
0.1061092
1.3911185
-0.96399266
-0.38626924
-0.132802
-0.14709565
-0.4336717
-0.37087157
0.11786575
-0.35729146
0.23358154
0.31882548
0.104263246
-1.2521034
-0.21521673
-1.2165372
-0.78177446
0.04237524
-0.43884003
-0.5341559
0.10020849
-0.18468548
1.1702424
0.45685223
0.48258922
0.5614382
0.15990295
0.42033517
-0.08657833
-0.6051546
-0.049388465
-0.61063945
-0.58887523
-0.39515507
0.17256607
-0.111901194
1.3624517
0.014242949
-1.0003355
-0.21166307
0.7729939
-0.294723
-0.14497761
-0.11775751
-0.34346923
0.7321218
0.03598603
0.13322413
0.35600385
0.32893375
0.19532317
-0.025025174
0.36621583
0.6576635
-0.5304701
-0.21018362
0.32611337
0.2893002
0.15111543
0.1443749
0.33338088
-0.6186433
-0.33077884
0.06648674
-0.39273313
-0.11176683
-0.113373615
-0.25494972
0.33383802
0.23427601
-0.030836446
0.0103652375
-0.3338526
-0.32728568
0.36613953
-0.24515358
0.019598026
0.9717921
-0.19676721
-0.776641
-0.024562558
0.02350527
0.08719626
0.34550288
-1.7813818
0.32186583
-0.44081017
0.14319867
-0.4430227
0.20612457
0.089901894
0.19214168
0.17577177
0.056677714
0.28013492
0.28478158
0.078195564
-0.41575256
0.46324432
-0.067501724
0.21492112
0.47062042
-0.29734284
0.42294005
-0.66469884
-0.033566516
-0.4082404
-0.40356666
0.0014634987
-0.30153126
-0.04086419
0.1066357
-0.97564715
-0.364952
-0.4822986
-0.25198844
0.038224157
0.43499607
-0.13226722
0.3078981
0.30852765
-0.008792003
0.08376217
-0.051738814
0.23292488
-0.27256057
0.3053913
0.27166364
0.29179925
-0.01442859
0.3128347
-0.18000625
0.34822872
0.00091793085
0.45344603
-0.5182339
0.18998861
0.4725756
0.10955135
-0.056423824
-0.205821
-1.1838955
0.9904081
0.3823809
0.6197352
0.27834707
0.3222012
-0.1795919
-0.15284482
0.39952794
-0.32017022
0.21066023
-0.3158636
-0.59634775
0.15347955
-0.27037716
0.42594784
-0.70724815
-0.6088662
-0.12705484
-0.26977056
0.0076224813
-0.5275385
0.2780882
-0.7036199
-0.15811102
0.36504018
0.015703052
-0.1826209
-0.8803074
0.3421061
0.6002013
-0.04084884
0.14885093
-0.20538862
-0.037933692
0.2126692
-0.113252595
0.39368525
-0.66787773
0.10776901
-0.2136114
0.25085884
-0.34963042
-0.06327386
-0.26742455
-0.2969862
1.2925926
0.0046753185
0.5471067
-0.09274423
-0.7238807
-0.27724528
-0.09591447
0.3018888
-0.8624671
0.3028944
-0.26421276
0.035365183
-0.23980518
0.2184067
0.3577612
-0.26938936
0.24786492
-0.795002
0.22949672
-0.54129374
0.5515983
0.002797342
-1.1786997
0.06933759
0.37226236
0.053448766
0.26642442
0.6907484
0.45463294
0.29690307
-0.28410706
0.61210257
0.13236246
0.16696908
0.38282517
-0.15285103
0.5518117
0.35908517
0.21371998
-0.29195958
-0.26472214
0.20931391
-0.11008605
0.41776744
0.032637574
-0.15200143
-0.1962017
-0.4883049
0.021360993
0.42912158
-0.21297759
-0.0896422
0.08592449
-0.3304187
0.30244413
-0.11324761
0.36636785
0.19222212
-0.027527677
0.027297333
0.24416198
0.34198812
0.25833902
-0.35637698
-0.2887006
-0.61611843
-0.17734599
-0.09601976
-0.25069287
-0.21816549
0.83487356
-0.4434597
-0.19319716
-0.4409594
-0.42399284
0.6710803
0.3241267
-0.13662799
-0.044009984
0.19486302
-0.16485542
0.058479935
-0.060500935
0.106620714
-0.14358985
0.24608828
-0.047728933
0.34940666
-0.13118744
0.27671096
0.03703269
0.16447206
0.12145883
1.1353106
-0.059817646
-0.13893409
-0.21911262
0.15565531
-0.24341467
0.73005134
0.6576535
0.35156494
-0.57400095
-0.1793907
-0.5098158
0.13922533
0.31537923
0.115080185
-0.3074908
0.17262292
0.2701348
-0.056490846
0.33865067
-0.3057774
0.054966535
-0.33379582
0.07149792
-0.32290748
-0.30076295
0.04810611
0.7774957
-0.111768864
0.73123753
-0.44270694
0.3442542
0.35674506
-0.34972194
0.17471735
0.22018093
-0.19909419
-0.13614513
-0.049942177
0.11584135
0.53757185
0.19694434
-0.20137072
0.08345962
-0.6125565
-0.32775602
-1.1810428
0.19050838
-0.27422845
-0.14882046
0.12352905
-0.1363213
-0.14814882
0.6766784
0.10002392
-0.27135703
0.19574098
-0.03806753
0.21804322
-0.22511245
-0.2932201
0.48300406
0.19955415
0.40458792
-0.045103565
0.06143047
0.1102333
-0.29591092
-0.30637264
-0.30605274
0.02098524
-0.24285865
0.23553108
-0.392799
0.0450763
-0.3663913
-0.23500317
0.27170712
-0.30219388
-0.33603823
-0.29452822
0.4782354
-0.17586654
-0.020278795
-0.21400212
-0.40624154
0.0742151
-0.01685571
0.18519315
-0.022181327
0.17197105
-0.09964687
-0.4073364
-0.25238296
-0.15400872
0.22189163
-0.14210026
0.24481906
0.13337494
-0.38458875
0.16855279
0.23495531
0.043295953
-0.09949528
0.9370571
-0.47838694
0.62793994
0.94388413
0.8251961
0.19725233
0.12298165
-0.49867508
2.2024705
-0.27095112
0.054035522
-0.090424985
-0.17328581
-0.6152726
1.4108138
0.29591918
0.05868666
-0.16462207
0.19084007
0.12455427
-0.8078401
-0.0999082
-0.38255596
-0.37833756
-0.36370233
-0.008274277
0.19598164
0.6199668
-0.72866315
1.1220211
-0.15358996
-0.6869808
-0.18012625
-0.2619254
0.12748745
-0.9754803
-0.30811033
0.2589624
-0.09592124
0.53897256
0.7157823
-0.55273056
0.31011337
0.15039429
0.73605424
0.30322284
-0.31437528
0.373694
0.7470062
-0.16703609
-0.18211894
0.34471813
-0.08689858
0.17238753
0.3055158
0.1685558
1.2095301
0.471682
1.0896804
-0.25340164
0.3317572
0.21664743
-0.14420205
-0.26240408
0.031845886
0.17687732
-1.2972867
0.3444152
-0.048347294
0.31124842
-0.027482184
1.2196885
-0.31057686
0.34047502
0.55116683
0.112742305
1.1042913
0.3248108
0.1296838
0.2420938
0.06383927
-0.19392551
-0.24908021
-0.06342712
0.18901962
0.13052872
0.0841751
-0.2535488
1.2122568
0.09455899
-0.2783492
0.15311044
-0.31515607
0.13420959
0.19620848
0.01312427
-0.33099082
0.07354674
-0.13321254
-0.5357699
0.009491384
0.57888854
0.3814236
0.15565877
0.31289166
-0.38853115
-0.15590903
-0.28299758
1.9014311
0.11873125
0.08979125
1.9350666
-0.17827281
-0.34039715
0.8186809
-0.66806215
0.077014536
-0.20354709
-0.95983744
-0.8737397
0.6663342
-0.7573272
-0.51706535
-0.21902138
0.5443323
0.36392915
0.100915685
-0.12671195
-0.3047531
-0.24340422
-0.17731145
0.17232811
-1.0580356
0.6322589
0.058824874
0.12574717
-0.68574095
-0.32556584
-0.20963791
-2.1056507
-0.33475694
0.1977126
0.3556094
-0.48799917
-0.103567295
0.6992625
0.8993843
-0.36898175
0.13007724
-0.2441162
0.12153765
-0.07432037
0.02992192
0.12168856
-0.1486383
-0.5737851
-0.3205905
-3.6729503
0.14779696
0.3727688
0.68159986
-0.23243958
-0.044474117
-0.20628044
-0.3151611
-0.35475838
-0.15150553
-0.18275666
0.16489957
1.0056914
-0.09302461
-0.30643848
0.07986114
0.59137297
-0.47432208
0.28472885
0.30139914
1.0229204
0.38604903
1.6766561
0.102387875
0.23696165
0.9041912
-0.4495087
-0.0448505
-0.00049206597
-1.0041847
0.1594796
0.07073027
0.10796768
0.32089853
0.22181591
0.20931904
-0.012255306
0.15140255
-0.18762441
0.45010045
0.28353038
-0.28959814
0.35535994
-0.4365724
0.14171661
-0.1107507
-0.24416022
-0.15083669
-0.019152302
-0.11925583
0.19315873
-0.9049218
0.047261357
-0.11144186
0.009788215
0.18041831
0.12851235
0.12350088
0.012376786
0.12633789
0.11102838
0.33620548
-0.24789096
0.0098514855
0.56294847
0.40786502
-0.041795637
-0.3137804
-0.36063597
-0.25072625
0.09371087
-0.16682443
0.29034144
-0.15281224
0.36622944
-0.3553473
-2.5581846
-0.45110184
-0.4879647
0.20981373
-1.0244486
-1.7055591
-0.35862452
0.5271601
-0.42697948
0.15607415
0.33478108
-0.092497244
-0.30659696
-0.4744648
0.15992615
-0.38070786
0.16637717
-0.36871773
-0.19151856
-1.0314854
-0.27421257
0.05699946
-0.21589261
0.6417589
0.07226152
0.3777089
-0.13398679
-0.17023018
0.23323454
0.120466225
-0.6566939
-0.13430624
-0.020802815
0.16297743
-0.14432181
-0.5792419
0.12258907
-0.2922982
0.16476701
-0.0053924234
-0.23730244
-0.29629213
0.49261937
-0.061852455
0.56553173
0.39533323
0.53317475
-0.21647333
0.10654263
0.004730733
-0.68086547
0.35875508
-0.69491875
0.17827392
0.48559788
0.28851914
-0.07011129
-0.2397194
-0.10794294
0.3638934
-0.16045782
0.37080538
-0.046990115
-0.090205595
-0.38158235
-0.094049156
0.14652114
0.363173
0.14094877
0.40258104
0.2386481
-0.92916816
0.6401285
0.034646347
0.57429016
0.19687021
-0.2546792
0.5065507
-0.21810403
0.08926353
-0.18844624
0.08252483
-0.059186757
-0.09933113
0.06946643
0.32968432
0.3635378
-0.32279864
-0.016087683
-0.36597356
0.18226545
-0.07423561
0.5100744
-0.4204911
-0.10708331
0.010747672
-0.1933989
-0.15582722
0.26163632
0.00022501261
-0.17671414
0.11206564
-0.56439155
0.3260458
0.16272354
0.25322318
-0.43536744
-0.081525266
0.3134759
0.31276774
0.18649064
0.012864278
-0.62442535
0.28148577
0.34353805
-0.088465326
-0.21866003
0.35563532
0.17060766
0.5470686
-0.54529667
-0.54436916
-0.11459421
-1.2452071
-0.17566079
0.06788822
-0.004272305
0.038768712
0.28543267
0.28431097
-0.13985634
0.23055868
-0.124829195
-0.2771311
0.013973234
-0.15878868
-0.2981065
0.044338126
0.20884162
-0.22970453
-0.3985933
0.28861052
0.28415477
0.6367048
-0.35797995
-0.09265162
-0.22953516
-0.28193346
0.1853033
0.23964679
-0.45870605
-1.0252513
-0.3994893
0.0032041788
-0.13663237
0.14603128
-0.006997112
-0.21456587
-0.34934774
0.033918567
-0.13434634
-0.01589205
0.016026001
0.009546578
-0.8168666
-0.05251582
-0.1284078
0.07801462
-0.22725376
0.077309154
-0.72719634
-0.37559602
-0.37659055
-0.16318694
0.31285572
0.58024555
-0.34614876
-0.11156391
-0.19546397
-0.10008689
-0.16567197
-0.3174625
-0.13445832
0.32272056
-0.1719234
0.2729105
-0.5474847
0.090365976
-0.13276255
-0.120638825
-0.13172515
0.0391753
0.016657976
0.10531731
-0.2837278
-0.26415074
0.023036826
-0.14274776
0.027142843
0.32178766
0.12342069
0.0011723435
-0.21012251
-0.01369828
-0.0902673
-0.3093691
-0.5256727
0.6711355
0.23992987
-0.24957626
-0.4273409
0.17098194
0.043638412
-0.2678652
-0.17629293
-0.23955768
0.07875936
0.26319426
0.0015453398
0.6322959
-0.1258085
0.33768427
-0.5148807
0.013899177
0.02281586
0.71326363
0.06945717
-0.21439467
0.6520876
-0.021069856
-0.3162233
0.20461343
-0.22317234
0.28902996
0.1070272
-0.34101588
-0.24103245
0.31571704
-0.1535567
-0.3973131
-0.03949091
-0.28928304
-0.34401366
-0.17545816
-0.2626237
0.28336218
-0.09936103
0.03670914
0.19059093
0.028230933
0.011671267
-0.30546838
0.29463366
0.27332363
-0.12113162
-0.31210434
0.20201457
0.23613788
-0.34207565
-0.016258514
-0.2356162
0.002472279
-0.0630112
0.19262427
0.2708716
0.10486094
-0.11271977
0.1905309
0.0799615
-0.23752585
0.18772694
0.15308855
0.53149134
0.19977522
-0.08557962
-0.08053705
-0.29183552
0.1613152
-0.1503783
0.27242908
-0.061483387
-0.24392614
0.16357353
-0.070749104
0.12416877
0.087584674
-0.21967506
0.017706452
-0.056775603
-0.045834888
0.059461053
0.23050067
0.15179656
-0.26250726
0.44664606
-0.091876164
0.26968428
0.077448286
0.18619144
0.01188991
-0.019807002
0.011552002
-0.28429863
-0.2090702
-0.1238139
-0.1505924
0.17623334
0.29778755
-0.25052807
-0.10523332
-0.07998428
-0.2185278
0.20076638
-0.3458143
0.04313515
-0.14501797
-0.13497253
0.11209518
0.24449259
-0.35460138
0.28585246
-0.010880383
-0.33471698
-0.31915462
-0.045893583
0.15711468
0.0716118
0.27261505
-0.16845384
0.14061175
0.20420958
-0.15118647
0.112934805
-0.027876798
0.03270919
-0.06713363
0.3521851
0.18672706
0.012575904
0.35554618
0.3170637
-0.19208702
0.072108835
-0.14410469
0.28758624
0.36260167
0.06617322
0.12098691
0.026836822
-0.3393305
-0.109625086
0.021232491
-0.5239284
0.07275599
0.102342024
0.259934
-0.29279968
0.08804637
-0.1731437
0.0019362526
0.17073217
-0.27436522
-0.1282378
-0.2451342
0.15990125
-0.16506127
-0.1689842
-3.4438221
0.0010614635
0.06551605
-0.13786197
0.42699024
-0.030250104
-0.04892886
-0.04772909
-0.2000749
0.2510841
-0.29168525
-0.027595669
-1.4776163
0.034872267
-0.24838313
-0.21406257
0.009616976
0.48847368
-2.3158443
0.1426962
0.024364535
-0.28311092
-0.18625817
0.11499409
0.462684
-0.21349546
-2.107285
0.6093963
0.43392834
-0.13673568
0.24303822
0.9990619
0.12973851
0.43316862
-0.051608846
-0.9137024
-0.32603776
-0.10471888
0.02494259
0.15628362
-0.63622296
0.0009306388
-0.2618215
-0.08826376
0.4607041
0.17873955
0.08652284
0.20590957
-0.39280415
0.29739198
0.3296877
0.026257116
0.43705612
0.27291656
-0.047574554
-0.17354624
-0.12282693
0.1760566
-0.3471129
-0.085716106
-0.20180288
-0.21572286
-0.032309018
0.21996956
-0.34294066
-0.1821895
1.8921654
-0.25510055
0.17032099
0.72917265
0.28116757
-0.03050322
-1.1004598
0.67233336
0.13204616
0.20258898
-0.27368888
-0.24711783
-0.2545448
-1.1473813
-0.05014935
0.02808594
0.23385833
-1.1611977
0.047845107
-0.19560543
-0.31779164
0.10226194
-0.0846131
-0.036557812
0.3442152
0.2858227
0.27233562
-0.112388425
-0.10699986
0.08986345
-0.037798077
-0.12044546
-0.16619281
0.1109327
0.1993233
-0.1209182
-0.22319199
0.18296915
-0.563757
-0.043731872
0.0679147
-0.20169406
-0.57045394
-0.15515001
-0.21029238
0.046882674
0.32020906
-0.74501735
-1.5143528
-0.0063280836
0.24177657
0.110864684
0.639149
-0.18062598
-1.0095607
0.49779427
0.12975247
0.16912498
1.1281399
-0.07847061
0.21897574
-0.3446565
0.35051584
0.31110576
-0.3266965
-0.05151978
-0.6877519
0.109620996
-0.024476854
0.33679837
-0.8150422
0.12588501
0.06203005
0.21494974
0.21392609
-0.3546926
-0.21488735
0.8379065
-0.48504373
-0.53025615
-0.6321991
-0.44688702
0.51950043
-0.32263684
0.6477012
0.2531968
-0.023209715
0.96041846
0.06751069
0.42350745
0.114539325
-1.5203543
0.46118233
0.36665416
-0.010971551
-0.13039723
0.24679664
-0.4023384
0.31897035
0.01428557
0.15045421
0.29301026
-0.39318836
0.6734105
0.38416898
0.48735192
0.030574178
-0.4819808
0.2943013
-0.12391197
0.024133014
-0.23841724
-0.1663836
-3.4076283
-3.515355
0.0056355624
-0.03684917
-0.1573483
-0.26191464
-0.12875947
-0.25372916
-0.2548483
-0.06599486
0.06430112
-0.52857465
0.25680798
-0.24898818
-0.3828276
-0.18212052
0.15295154
-0.27284992
0.01612363
-0.07265413
-0.014144707
0.049454883
-0.20746863
0.32000056
0.06481663
0.095927484
0.18846622
0.23938587
0.045158572
0.21927491
0.50039643
0.3305835
0.08406767
-0.05301034
0.42441618
0.31771654
-0.50644314
0.27383637
-0.11156189
0.38827708
0.265828
-0.103396684
-0.4432729
-0.21631475
-0.35778254
-0.5775432
-0.018139651
-0.05782865
-0.12072906
0.3140675
0.7374538
-0.10706215
-0.37179628
-0.057111256
-0.44365594
-1.6545866
0.1078341
-0.028778221
0.35696498
-0.8961459
-0.70200855
-0.2091865
-0.12852195
-0.16973953
0.117732756
-0.12203715
-0.1922774
0.36287183
-0.6098768
0.09351028
0.26357496
-0.067888305
0.27592015
-0.7805357
-0.045966744
-0.07092399
-0.21684729
-0.31500393
-0.11144548
0.22904186
0.6793128
0.12517877
-0.4025131
0.256349
-0.21067847
0.33175302
0.03596679
-0.00498807
-0.05712467
-0.3037405
-0.2818608
0.3971052
0.014278957
-0.2873603
0.16658702
-0.2476516
-0.3968784
-0.21801925
-0.34872583
-0.21880724
-0.2772921
0.14206453
0.17867295
0.020659609
-0.44445416
0.20121358
-0.23595329
0.08550726
0.31586546
-0.3299377
0.20387723
0.33642593
0.4766275
-0.057421297
-0.20137483
0.13286594
0.31680766
0.024242863
-0.1465389
0.21098436
-0.8211141
-0.3923437
0.13083166
0.1440725
-0.26478088
0.1147521
-0.08212102
0.6511397
-0.5033438
0.018437356
-0.10772232
-0.35293993
0.06152821
-0.4198298
0.6281339
-0.33270612
0.33857286
-0.12675646
-0.020827588
-0.105302125
-0.08864735
0.25825188
-0.03518175
-0.024171013
-0.27235729
1.0635751
0.17782336
0.060638078
0.19692129
-0.012935586
-0.5219777
0.30476177
0.016398698
-0.1480599
0.15943839
-0.041694462
0.082350075
-0.3381227
-0.119570196
-0.3541485
0.3929339
-0.10370615
0.075023256
-0.36177403
0.8692132
-0.4177009
0.63772166
0.13974546
-0.31339183
0.26316917
-0.0919817
-0.018939639
-0.23803231
-0.22639275
0.012254503
0.8213905
0.6478836
0.5096993
0.33462048
-0.24428967
0.07914964
-0.15240856
-0.17909333
-0.35271403
-0.2105039
-0.08638006
-0.3045279
0.48147362
0.0070402916
0.045334224
0.20857118
-1.3796102
-0.3132125
-0.4507414
-0.089653395
-0.05940155
-0.08520642
-0.39676023
-0.06491528
0.19515516
-0.0898172
0.35665974
-0.14272374
-0.37566036
0.10858564
0.21695688
0.08763028
-0.06438788
0.0033579043
-0.30285254
-0.051280458
-0.1921336
-0.08530322
-0.25951594
-0.4291464
-0.13267767
-0.0065474613
0.09308666
0.23252344
-0.5415885
-0.33003756
-0.08464219
0.014034926
0.36410168
0.17237611
-0.1747068
-0.6395936
0.16988955
-0.14701268
-0.22413409
-0.027196908
0.28915253
0.3092668
-0.40359476
-0.16267018
0.26101932
0.39922628
-0.11598831
-0.048198126
0.19375347
-0.27878428
0.20799474
-0.12767698
0.07453169
-0.20040388
0.4079558
-0.21951535
-0.15785795
-0.051084504
0.06767887
-0.31329715
-0.46478644
0.2218908
-0.5754951
-0.2722726
-0.077202834
-0.005488962
-0.23336141
-0.331633
-0.06057492
0.11182674
-0.45793343
0.115961134
0.3373559
-1.112236
0.14432794
0.31861976
-0.09670737
0.005672986
0.20395978
0.44450918
0.30205488
-0.08553863
-0.379037
-0.08112601
-0.26561168
0.09037177
-0.061787605
-0.24788556
-0.12144763
0.044857807
-0.20577106
-0.2316506
0.06965263
-0.6405863
-0.25137773
0.22834565
0.10512142
-0.033879578
0.07318046
0.08147118
0.024912365
0.42932355
0.058385298
-0.24841885
0.050769534
0.35395747
0.26956043
-0.74896634
-0.2276742
-0.25796375
-0.17583627
-0.18050762
-0.093762144
-0.094482064
0.21343668
0.25645733
-0.1311323
-0.36116242
-0.26831433
0.23679712
-0.57323176
-0.230326
0.050422773
0.24420112
0.035676282
-0.117912725
-0.2592054
-0.3444942
0.30273113
0.23926118
0.17337106
0.151843
-0.03618178
-0.10099356
0.13024408
0.22876826
0.08779822
-0.56963277
0.06675571
-0.18522912
-0.21515225
-0.1227871
-0.17259859
0.052935455
0.11273953
-0.0746551
0.17170995
-0.24354523
0.027108137
-0.03826895
-0.032748587
0.24787074
-0.01344537
-0.14258467
-0.07055177
-0.48346558
0.16298792
-0.37255925
-0.06045496
0.20664592
0.24362989
-0.26530635
-0.38488153
0.04981278
-0.1752415
-0.3359798
0.0071783545
0.18854411
-0.23326649
-0.06934082
0.13638975
0.14374316
-0.22495744
0.09376777
0.12696214
-0.062460314
-0.06333667
-0.037085682
0.12857062
-0.1738663
0.16073006
-0.07146627
-0.14900227
0.23424216
0.07559986
-0.030680507
-0.03873476
0.25631014
-0.22459824
0.087265566
-0.30922014
-0.3464559
0.25331503
0.16754472
-0.06473735
-0.28547233
0.1464526
-0.35234177
-0.01946999
0.3346573
0.078091994
0.031501487
-0.24045913
0.25295484
0.13998243
-0.30535522
-0.22030088
0.06759394
0.12850957
-0.09223328
-0.26214907
0.13372825
-0.194483
0.30803826
0.24230313
-0.05435121
-0.29131165
-0.3929944
0.21310435
-0.15857169
-0.39750007
-0.2790489
0.23380883
-0.14225192
0.109403476
0.36100665
-0.27334377
-0.51367587
-0.008487494
-0.29586843
-0.7495812
-0.19497783
0.33795017
-0.33023834
0.1356114
-0.073324546
-0.067121126
0.20699637
0.2971077
-0.16997755
-0.32880953
0.25669694
-0.19347921
-0.22723114
0.021905094
0.104442775
-0.70027876
-0.45391622
-0.9750521
0.59459275
0.06887045
-0.3021133
-0.4478901
0.02020515
0.040552408
0.17738494
0.0980355
0.012409911
0.44134414
-0.7786932
-0.04316979
-0.1622041
0.026296886
-0.09404947
0.040483765
0.96733093
0.0077446997
-0.2459684
0.2087102
0.87135357
0.32213685
0.06414459
0.021042509
0.06258303
-0.24851522
0.2621578
0.0356195
-0.17281283
0.31032333
-0.44038063
-0.33944315
-0.20594673
-0.2280084
0.30766252
0.12336541
0.23779243
0.7759363
-0.015222172
-1.1279333
-0.041190565
0.021870822
-0.3429316
-0.23789287
-0.66419697
-0.08470742
0.1379816
-0.031386346
0.13904287
0.26519233
-0.11032422
-0.53113776
0.7931459
-0.07919944
0.18387826
-0.065772355
0.030206352
-0.20736122
0.10550813
-0.2169549
-0.11451186
0.42020604
0.10758511
0.10648632
-1.6005301
0.3733036
-0.70919794
0.16198976
0.1561538
-0.33778033
0.2820238
-0.09867243
0.017847747
-0.33406
-0.40651157
-0.29755583
0.22993018
0.03120777
0.036657427
-0.25073433
0.0053707883
0.03262487
-0.017233605
-0.06698917
-0.048693724
-0.6917749
0.06665999
-0.30565035
0.06595853
1.6840253
-0.14525907
0.07721962
-0.57946783
0.07080223
-0.27900034
0.7698241
0.043753985
-0.25951985
-0.2166014
0.14205825
0.20340584
0.15856111
-0.062723614
-0.33913946
-0.20016257
-0.007859355
0.10215457
0.23053096
0.03115075
-0.027738925
-0.01663483
-0.29988766
0.016056031
0.42698652
-0.124655
0.3111923
-0.19348834
0.30930343
-0.3431057
0.045498952
-0.2023939
-0.19554506
-0.06201473
0.010820161
0.00061927905
-0.11859301
-0.0045656115
-0.36418638
-0.18388915
0.13435857
0.050348446
-0.36323225
0.09639444
0.13774851
0.15038833
0.7697468
-0.56154597
0.14946407
-0.12843807
-0.004061419
0.18187974
-0.43493876
-0.098720066
-0.15233603
0.054918557
0.29737222
-0.16232732
-0.30272853
0.05811423
0.05977586
-0.084469244
-0.16794293
0.28510064
0.6440288
0.35882983
-0.7199588
0.13225351
0.006707296
-0.0009565351
-0.15238826
0.8008924
-1.617917
-0.1811835
-0.19468129
0.0111477515
-0.17306922
-0.10660648
-0.33918378
-0.22977264
-0.14968005
0.0645728
-0.30882552
0.0020030052
-0.13778794
0.27042484
-0.3020054
0.28956574
0.31452826
-0.13665889
-0.21755244
-0.3529306
0.011606149
-0.81261986
-0.050041348
0.05809678
0.12666033
0.11876271
-0.17210045
0.12753603
0.32008108
-0.10869086
0.33132622
0.27116978
0.3136324
-0.09994394
0.31232518
0.06696642
-0.24282616
0.21047302
-0.028412698
0.575015
0.33707893
-0.21779107
0.30105776
0.57048184
0.054926287
-0.26600957
0.05457017
0.17693311
-0.08373651
-0.008194581
0.35940242
0.17689358
-0.19639829
0.2925577
-0.16612372
0.23215997
-0.06463357
0.43879548
-0.09110532
0.2712779
-0.06645774
0.009658973
0.7378998
-0.041253082
8.277942e-05
0.006984256
0.048365086
0.38837728
-0.0005166524
-0.019178554
-0.4071545
-0.24929738
-0.010520649
-0.069339514
0.0064751804
-0.1993934
-0.029464116
0.15403408
0.21448502
0.023819257
-0.18606168
0.17806716
-0.27209958
0.21394758
0.13148852
0.18432887
0.19133548
-0.04688253
-0.8573103
0.18475418
0.21335427
-0.7213847
0.035805676
0.20100941
-0.42088774
0.13125277
0.06963587
-0.107024565
-0.26869693
-0.17908691
-0.0020799625
-0.028226584
-0.014850426
-0.2595895
-0.26325676
-0.15580034
0.1206711
0.18874572
-0.5628251
0.15363859
-0.09130811
-0.3443209
-0.018509494
0.303637
0.058700595
0.23551622
0.22009292
-0.14621109
-0.18689409
-0.032606002
-0.31740093
-0.18801399
0.15597034
-0.32515237
-0.016689546
-0.17506452
-0.3314632
-0.18423489
-0.27560943
0.5991555
-0.21400249
0.28970656
-0.21775971
-0.28734887
-0.086048596
-0.073186755
0.3752203
-0.41155726
-0.2642433
0.0881633
0.16903418
0.09958401
0.19487081
-0.3074405
-0.0067924806
0.20920116
-0.3125784
0.20630813
-0.19915219
-0.1449091
-0.062218443
-0.014353752
0.04531094
0.37840483
-0.2983127
-0.2434101
0.29647815
0.17698032
0.10510091
0.048612684
-0.05406052
-0.2062412
-0.20228234
-0.14829433
0.19931485
0.059221018
-0.19191185
-0.107269436
0.31136268
-0.09729812
-0.46394888
-0.30154312
0.27017725
0.04862393
0.05446297
0.084642835
0.33563966
0.26377153
-0.07503994
-5.5034313
0.15018179
0.05416649
0.04896017
0.4992745
-0.04735067
0.16183186
-0.0858126
-0.31801802
0.20291217
0.2272676
0.28526056
0.1852516
0.037326727
0.3428866
-0.05454263
-0.32115906
-0.04430995
0.19982596
-0.036846865
-0.50917083
-0.26907814
-0.23972484
-0.376614
-0.1969103
-0.12872411
0.08090301
0.022603553
0.09448338
-0.3281891
-0.1449576
-0.061806265
-0.60067093
0.48908713
-0.094406225
0.093678825
-0.06529081
0.32491237
-0.045227565
-0.1800715
0.17747648
0.07470343
0.18922797
-0.25863928
-0.32108384
0.21645164
0.0741757
0.22506346
-0.7575289
-0.08883584
0.04848583
-0.021302413
-0.055557087
-0.24358906
0.0369248
0.19542915
-0.08221271
-0.0846344
-0.03287704
-0.5363432
0.19427778
-0.115811
0.26762247
0.64112735
-0.4349077
-1.0993006
-0.04034251
-0.07741699
0.038013656
-0.11656889
-0.12197639
-0.020509513
-0.008165684
0.7986332
0.033844206
0.15049115
-0.10658914
-0.06962562
-0.23296593
-0.31516117
-0.17164038
-0.13849334
-0.83649766
-0.34759933
0.046854716
-0.40822247
-0.60468566
-0.36402208
0.2716135
-3.0906851
-0.48946247
0.04828419
0.17755984
0.009376977
-0.05000558
-0.0025805533
-1.948429
0.29229885
0.5994384
0.26879385
0.4885244
0.2968871
0.17483965
-0.13276887
0.11357033
-0.036544707
0.063551694
0.1648028
0.3272649
0.25345874
-0.52536786
0.32737446
0.4562058
-0.3733945
-0.14282994
-0.14776331
0.02304778
-0.097118825
-0.12662809
-0.17115974
-0.23427375
0.050974302
-0.21585096
-0.24116705
-0.8479167
-0.050913095
0.24115221
-0.07565457
-0.084536925
0.66669035
-0.32751513
-0.009095847
-0.081570536
0.19662948
0.34062818
0.044096254
-0.19894882
0.14262271
0.008972841
0.08475861
-0.37006813
0.18139395
0.074496605
0.021966498
-0.21343607
-0.13038607
-0.434508
0.2735282
-0.109080486
0.62996644
0.1135805
-0.20198613
-0.39318034
0.053076465
-0.016836157
-0.12274411
-0.035062045
-0.016326934
-0.09423143
0.22847815
0.40577522
-0.023547417
0.11906575
0.2669539
0.020234415
-0.040311668
0.032345977
0.09007478
0.2023125
0.5351315
-0.123325184
-0.35197195
0.8479952
0.73244625
0.16653223
-0.01617668
0.15399647
0.067960404
-0.3322074
0.33305952
-0.118333675
0.11724555
-0.28961328
-0.20483999
0.075803794
0.06099562
-0.057334818
-0.015917215
-0.34673157
-0.18933809
-0.7352469
-0.12827514
0.028010966
0.11909485
-0.35062048
-0.18434386
0.12538072
0.25780773
0.28656965
-0.32581675
-0.5774511
0.15025266
0.23513249
0.17670953
-0.023912191
-0.15462068
0.17955032
-2.086959
-0.09069007
0.54401124
0.017624194
-0.21601151
0.10716455
0.05841816
-0.6152736
-0.21017404
0.20597875
0.056339115
-0.19151983
0.5011021
-0.7398901
0.12546423
-0.17832734
0.035099786
0.00080137525
-0.11772452
-0.30814573
-0.07683747
-0.16354157
-0.1663955
0.075699285
-0.0032958942
0.020417193
0.288694
-0.572393
-0.26107258
-0.064437486
0.015865335
-0.1597162
0.20210075
0.19952495
0.19558491
0.23662828
0.19867891
-0.33662918
-0.2670621
0.34844077
-1.7040609
-0.60196936
0.16947395
0.41339245
-0.2922415
-0.3172196
-0.2980263
0.045816746
-0.007840008
0.119037926
-0.18242536
0.05443638
0.13273147
-0.15580657
-0.5624704
-0.17543405
0.08824248
0.30831885
-0.045665085
0.23338296
0.04303418
-0.9126208
0.9432704
0.41342562
0.20685355
-0.58536345
-0.19101451
0.020746414
-0.38499448
0.35629013
-0.0024273396
-0.04845178
-0.0673587
-0.6351281
-0.2909612
0.14788789
0.19259626
-0.023233742
-0.30546135
0.052770853
-2.4551542
0.03879373
-0.2371561
-0.18658848
0.25205162
-0.13924985
-0.7001447
-1.5607517
0.014906527
-0.014895029
-0.06306475
0.38871783
-0.2841623
0.0063804775
-0.32674888
-0.15869886
0.17225468
0.38572928
0.0761008
0.3198865
0.2240985
0.036902443
0.20915931
-0.33926004
0.27905402
-0.02562271
-0.020215163
-0.08700854
-0.27124602
-0.01634401
0.030271137
-0.14595395
-0.036906123
0.37374023
0.3282716
-0.43125734
-0.19322008
0.20530903
0.037946973
-0.310501
0.045872886
0.19803938
0.31420088
0.17353714
0.16248353
0.30525333
0.24184568
0.009316948
0.08051503
0.202015
-0.15045483
-0.33030155
0.30195248
-0.21250874
-0.32700416
0.272842
-0.15265298
-0.22788219
-0.26068
-0.13377294
0.26790762
0.20560414
-1.3337796
-0.29855025
0.92356765
-0.602082
-0.2697245
0.07843903
-0.23867437
0.17357633
0.15604946
-0.045996785
0.23283458
-0.08023447
-0.21905676
-0.4631517
-0.71870446
-0.113732725
-0.05928647
-0.17041211
-0.5173136
0.097351536
-1.8201628
0.27935988
0.08150215
-0.11789587
0.2192669
0.17173204
-0.2728149
-0.088508815
-0.047533263
0.08218194
0.042334206
0.2519399
-0.20651957
-0.055682085
-0.072390445
0.07606085
-0.08076233
0.11181467
0.15150477
0.43227276
-0.251337
0.011121884
0.11366194
0.5087746
0.11610822
-0.121688485
-0.9100185
0.05667547
-0.3419677
-0.033058055
-0.006879937
0.0020548843
0.2739766
-0.16748953
0.1901597
-0.18491948
-0.040736143
0.06705317
0.08755775
0.07366062
-0.3790271
0.35981178
0.06184482
0.0036135912
0.3092185
-0.3824985
-0.6726691
0.12155717
0.7296455
0.38823935
-0.20490964
-0.119219914
-0.19757633
-0.123876676
-0.30921605
0.03968213
0.28020972
0.13271049
-0.6265596
-0.07128716
-0.082383156
0.24540097
-0.11199607
0.419062
0.6733079
0.15121724
-0.18711394
-0.34554097
0.8742414
0.27907482
-0.05520299
-0.057888184
-0.1198015
0.7926728
-0.30449894
-0.690157
-0.43466088
-0.2022372
-0.92441386
0.2840821
-4.35704
0.068154134
-0.16963784
0.17220777
0.054904133
0.031123921
0.26522273
0.1973986
0.12792099
-0.061453428
-3.1970572
-0.32377467
-0.22331098
0.17380244
0.2989956
0.12020413
-0.0013562446
-0.16076827
-0.16409425
-0.25720626
-0.521832
-0.020703098
0.28145278
0.5989741
0.29411766
-0.1401149
0.13408172
-0.126807
-0.113832794
-0.26049113
-0.029580282
-0.7346728
-0.4900244
0.0059841904
0.3456222
0.21185572
-0.019101175
0.21105841
0.123394914
0.23632285
0.08044076
-0.0032559114
0.042154532
0.03325075
0.24733058
-0.31088847
-0.23296054
0.06642401
-0.043778483
-0.48593765
0.2296868
0.18024206
-0.21188124
-0.43588156
0.19591053
-0.18415198
0.010558225
-0.123409614
0.41332775
0.32320553
-0.37581417
-0.46199188
-0.29121727
0.17866357
-0.057517473
0.3535949
0.080698304
0.10860879
-0.056935072
-0.045407165
-0.0058877277
0.057568386
-0.11905846
-0.03489047
-0.13931975
-0.17835774
-0.011800752
-0.28573844
-0.12000696
-0.09725124
0.44622216
0.16669926
0.27799848
0.3619461
0.07361718
0.18120104
-0.13448209
0.34792086
0.537355
0.09770008
-0.20945282
0.17007655
-0.18445548
-0.061607927
0.53504336
-0.39211816
0.11280498
0.26375228
0.069077775
-0.13486075
-0.2557823
0.21623124
-0.081847504
0.21962255
-0.33940363
0.23869051
0.041931666
0.17640841
-0.06414545
0.15423423
0.25376958
-0.007893233
0.013924305
-0.19605756
0.39203954
0.06240993
-0.25057682
0.022665108
0.8381523
0.18104416
-0.5926335
0.37369278
0.09671896
0.040937126
0.0647573
0.07717773
0.31129992
0.0118668135
-0.10838111
-0.22719009
0.6452207
0.12908454
-0.13243034
-0.25515923
0.09469613
0.10573119
0.27095827
-1.1847585
0.15192653
0.15423924
-0.3045624
-0.07493411
-0.08735286
0.34239203
-0.028843325
-0.3067196
-0.18775702
-0.07671748
-0.31218162
-0.7598847
0.16026908
-1.2633154
0.08910882
-0.0485738
0.22943947
-0.005857505
0.50180364
-0.19295831
0.49444434
-0.088156335
0.26250142
0.043281697
-0.04528003
-0.21498346
0.022078965
0.13235298
0.35319757
0.19075137
-0.32814896
0.22157623
-0.12824504
-0.2765863
0.020234939
-0.53816265
0.061873056
-0.06530073
0.07898517
-0.069021076
-0.45784217
-0.5851833
-0.18018515
0.10011905
-0.1920135
0.30790293
-0.122449525
-0.27966318
0.2091487
0.23691998
0.2329768
-0.026896043
-0.05610615
-0.14584495
-0.098047934
-0.5314224
-0.15765017
-0.038467098
0.22635074
0.09634136
-0.20096236
-0.02585521
-0.7548335
-0.13676392
0.15917379
0.12043139
-0.3255639
0.05116207
0.39918122
-0.22642422
0.25630268
0.12027293
0.069638416
-0.059221454
-0.12115046
-0.010563768
-0.32144067
-0.15400219
0.31658337
0.41864878
-0.17899206
0.105960205
-0.03437084
-0.053416446
0.15369052
0.20703712
0.14277612
0.07747752
0.12783785
-0.26924598
0.17136653
0.03910048
-0.065238416
-0.05403916
-0.12653048
0.12169813
-0.14038624
0.03130228
-0.071789816
-0.31803647
0.09416294
0.267835
-0.39858732
-0.07850289
0.20517801
-0.33184934
-0.3064278
-0.13317868
-0.14438425
-0.30938822
0.31565422
-0.22026236
0.06167919
-0.028651038
-0.2993682
-0.42044863
-0.12535645
-0.1097195
0.07577248
0.1125298
0.23551099
-0.20401567
-0.17968577
-0.43735418
-0.098962076
0.51089686
0.15300936
-0.14877884
0.048251957
-0.052631386
-0.26185834
-0.13096729
0.046447624
-0.126429
0.40818945
0.01440075
-0.3491905
-0.71099293
0.105914496
-0.123762794
-0.26056892
-0.37024644
0.34134337
0.18352433
0.08649263
-0.3110086
-0.30436245
0.017836582
0.37455592
0.194336
-0.3033366
-0.11542318
0.29900834
-0.51050264
-0.27879673
-0.038671043
-0.108273074
-0.18561353
-0.5304308
-0.87657005
0.10794221
0.20941629
-0.10986794
-0.26899654
0.23085937
0.10414618
-0.20491938
-0.39062753
0.046865262
-0.20919092
0.105603516
-0.11965887
-0.30240506
-0.3410075
0.42727083
-0.3186146
0.1511122
-0.04344936
0.20498982
0.47309548
0.35991022
-0.2911278
0.5292132
-0.081888594
-0.38412562
-0.051605813
-0.03694549
0.29995874
0.13256009
0.437303
-0.21396883
-0.26068947
0.22880428
0.121665515
0.07812907
0.20010489
0.34717926
-0.4481877
0.46011585
-0.4189997
0.4377858
0.1434892
0.1934694
-0.30066517
-0.32399058
-0.1767434
0.09766505
0.07058049
-0.49549508
0.21612728
0.031800605
0.2280824
-0.33859667
-0.14495793
0.25454134
0.2396765
0.15730993
0.33776015
-0.09872651
-0.00047576838
-0.2645229
-0.24837017
-0.17243318
-0.055869468
0.21006414
0.0773507
0.7111452
-0.12904595
-0.3008725
0.7431036
-0.124992564
-0.18242618
-0.27099434
-0.6549878
-0.25634235
-0.33082557
0.052685715
-0.13380776
-0.26456395
0.024145622
0.022847857
-0.2043524
-0.3408689
-0.04975114
0.143375
0.20421144
0.26538268
-0.3919396
0.05431121
-0.36067235
-0.04280668
0.5708757
-0.5324487
0.05251703
-0.10064465
-0.8697651
-3.4051323
-0.96876997
-0.15287496
0.317083
-0.20542409
2.1724002
-0.22023374
0.15153144
-0.077093214
-0.11989622
0.11077503
0.06698719
0.008803248
-0.14079082
0.12675005
0.39421928
0.09686607
-0.20290422
0.75198275
-0.43384692
0.024874628
0.5974432
-5.5736737
0.28943807
0.30429447
-0.36083728
-0.28974298
-0.14995365
-0.048925318
-0.29982772
0.21283633
0.05505171
-0.5606202
-1.3222785
0.047556013
-0.23597328
-0.02552575
-1.2254868
-0.008885131
0.010026074
-0.09715246
0.00011909008
0.94444156
0.010673672
0.21010856
-0.2500589
0.11926996
0.25038102
0.034156166
-2.0955942
-1.2118609
0.45390972
0.3436514
0.13551223
0.5472238
-4.302407
0.53320813
-0.09549211
0.28279644
-0.113780886
-0.04758936
-0.08759814
-0.023366202
-0.26519227
-0.2883307
0.12508771
0.01277256
-0.18909545
-0.9463323
-0.047166582
0.8586279
-0.0781119
0.3117967
0.2416817
-0.047475673
0.33901396
-0.1736855
-0.07028682
0.076559104
0.6221896
-0.07585869
0.15239927
-0.10570954
0.5243314
0.012449608
0.1285323
0.31248733
0.028729258
-0.20268749
0.21353889
-4.22294
0.33980018
-0.0021532178
0.16853887
0.043379724
0.053274218
-0.068264425
-0.53730613
0.17733032
-0.10141134
0.27498713
0.058903724
-0.18274687
0.25313494
0.3017406
-0.29804045
0.03865552
-0.22558378
0.8654729
-1.4854809
-0.29388204
0.049968064
1.2666051
0.34015906
0.38119203
-0.052140355
0.043367743
-1.4661262
-0.052958723
0.086781435
0.32464853
0.20232724
0.016558656
0.42261124
-0.557151
0.13429636
0.16001497
-0.014614926
-0.07547684
0.11417559
-0.08029862
-0.63939226
0.37598258
0.022068381
-0.13488327
-0.026726954
-0.19523442
0.21552967
0.16328502
0.5880481
0.35397282
-0.2076551
0.29134634
0.050067525
-0.03990624
0.028620502
0.30744213
-0.17877573
0.51366717
-0.0017924185
0.20852627
0.02421657
-0.86558586
-0.15290667
0.2078796
0.23539528
0.21842302
-0.30239105
-0.5684904
-0.12466223
0.09674781
-0.006921351
-0.38442606
0.025437832
0.36107478
0.09839612
0.3961685
-0.0045780675
-0.04703639
0.37724155
0.001171983
-0.24613398
-0.55267256
-0.049405754
-0.08433983
-0.14174499
-0.059545908
-0.26054952
-0.19546251
-0.29927248
-0.30731547
-0.5356972
-0.1589464
-0.01358971
0.26230496
0.4291436
-0.14308693
1.0958867
-0.20925279
-0.98939747
0.016484516
0.029192267
0.45918465
-0.050233424
-0.40551093
0.36534688
0.33861077
0.08642759
-0.78798383
0.52737117
0.41070434
-0.291736
-0.27129698
0.281728
-0.7725525
-0.31293207
0.13653687
-0.13880198
-0.24258906
-0.3331211
0.42729056
-0.1464349
0.027458727
0.07189717
-0.20395604
-0.66629386
0.8627727
-0.06221955
-0.31967193
0.080919385
-0.21876323
-0.7333689
-0.028732087
-3.0118403
-0.30940163
0.123784095
-1.0333111
0.51388276
0.1738725
0.21523516
0.20004985
0.06518129
0.2923498
0.11174167
0.0712807
-0.24408588
-0.19394034
0.32937884
-0.05258354
-0.010186788
-0.09426961
0.20696625
0.15253755
0.10235843
0.13022247
0.43482405
0.49604705
0.029699787
-0.012037608
0.11834732
0.12952207
-0.22934943
0.11274604
-0.04542178
-0.064132676
0.30339837
0.44205013
-0.303604
0.1473275
0.45142564
0.0045909076
0.16173035
-0.23634444
0.27992377
-0.14509396
0.023899406
-0.8239057
-0.10695571
-0.0064539947
0.28970045
-0.0687229
0.37481868
0.11041992
0.08464874
-0.041237503
-0.20332284
0.2758102
-0.121963814
0.11517536
0.5413733
0.18492983
0.29191238
0.017735055
-0.08999584
0.0953852
-0.099219605
0.7523414
-0.3137695
0.23739393
-0.13819505
-0.30301154
0.3704932
0.12161559
0.2740587
-0.15012108
-0.13752462
-0.3617403
-0.048564006
-0.17174652
-0.25851375
0.4044932
-0.092304915
0.21228859
-0.06941707
0.0195385
0.124517165
-0.28340137
0.23851511
-0.3066499
0.09191803
-0.06405506
0.24224132
0.30570322
-0.34596434
0.085832715
-0.043025497
-0.28703856
0.34977716
0.03172307
0.3835302
0.28195605
0.041429695
0.10471203
-0.23920184
-0.27506313
0.1904208
0.46655038
0.2771674
-0.18401341
-0.25093862
0.012905346
-0.2676922
-0.122643605
0.13899362
0.118925035
0.21666014
0.27658057
-0.20194061
0.12961498
-0.2583074
-0.10782164
-0.12867193
-0.35693136
-0.1171101
-0.21651262
0.3100958
0.053396236
-0.04073302
-0.27288386
-0.025094055
-0.40312433
-0.12325403
0.2373715
-0.15290031
0.057330493
-0.10517656
-0.43589526
0.10562492
-0.18565354
0.20804873
-0.2429568
-0.049178377
0.06722564
-0.28050613
0.13864139
0.28997484
0.18507752
0.18020914
-0.14569981
-0.17345698
-0.26481295
-0.20434083
0.01403862
0.056233644
-0.29088312
0.2536428
0.21665049
0.042701926
-0.54432863
0.016110368
-0.96658295
0.13790347
0.24255031
-0.17839186
-0.32280156
-0.033388965
-0.28563288
0.31224602
0.22328387
-0.11777465
0.046960574
0.3609904
-0.25509247
0.32796606
-0.16295591
0.17997904
-0.20879065
0.050479516
-0.0032517028
-0.244036
0.0105117755
-0.12376847
-0.21256776
0.124814294
0.16471243
-1.8748605
0.08948786
0.16657656
0.04236451
-0.035627436
0.5304733
0.18338853
-0.2810172
0.15120134
0.09242653
-0.05502305
-0.21760112
0.34872073
0.44499883
-0.103833675
0.011888639
-0.26496375
-0.54359996
-0.9347096
-0.14011183
0.015011165
-0.19237229
0.1430948
-0.2676472
0.07432564
0.033096116
0.18936777
0.035561886
-0.033760816
-0.24043076
-0.22432695
-0.21764387
-0.1513662
-0.032785367
-0.4350592
0.35588747
-0.030349689
-0.052002918
-0.35276878
0.03022413
0.0077481843
0.45167172
0.035648957
-0.2763808
-0.16628249
-0.4247454
0.01680564
-0.21254332
0.27454358
0.06376088
0.10016322
-0.20703577
0.28935188
-0.10743685
-0.07017143
0.32363385
-0.33407554
-0.12486963
0.11638943
-0.11172421
0.037374973
0.05257367
0.11718544
0.18380457
0.20996545
-0.078210145
-0.19263281
0.26808882
-0.19407348
-0.024138793
-0.5720512
0.09191294
-0.26887265
0.07409229
-0.4103029
0.38476756
-0.055116713
-0.2068929
-0.0063408497
-0.02940877
-0.07347084
-0.2136103
0.052938305
0.05590756
-0.01359269
0.11991983
0.36388138
0.4127432
-0.11059874
-0.48887676
0.08599339
-0.70354605
-0.25345135
-0.07833508
-0.2789624
-0.18235144
0.12083877
0.26896343
0.29357854
0.1166714
0.05306655
-0.03245826
-0.15041977
-0.14872508
-0.2626072
0.3225095
-0.3158002
-0.020099828
0.22017467
-0.22266513
0.26073235
0.20017155
-0.03003256
0.33937472
-0.15044327
0.19906397
-0.20878899
0.034561206
-0.024747865
0.12218705
-0.46967602
-0.3328769
0.54811716
0.08803526
-0.26332188
0.3235877
0.036385823
-0.037461154
0.0065935752
0.19062553
0.13274366
-0.11090364
0.20542194
0.09766363
-0.09163958
-0.13585088
0.24487548
-0.47229528
0.13062285
0.08204934
0.18040869
-0.03509012
0.10561117
0.26117048
-0.034133393
0.15509833
-0.33196548
0.030309701
-0.062074363
-0.19842388
-0.13074754
-0.08961114
0.1798776
-0.2992675
-0.28126016
0.259442
-0.15023153
0.07072244
0.18892895
0.07197222
-0.35427198
0.050949093
-0.06979889
0.22048391
-0.2784189
0.2213574
-0.046754543
0.08928138
-0.2235635
-0.29222485
0.2321537
0.13337563
-0.13860737
-0.030754507
-0.29660782
0.16488802
0.025838044
0.17749648
-0.075510986
-0.13000886
-0.14876637
0.36936417
0.027360365
0.17854403
0.0042245868
0.26532558
0.16870439
0.20865186
0.18420848
-0.40065145
0.10379683
0.34480438
-0.2484005
-0.26450065
-0.48558012
-0.5972675
1.3147496
-0.09104991
-0.44071794
0.025049075
1.2632325
-2.0535777
-0.17479901
0.16302395
0.24042982
-0.32272622
-0.1306963
-1.870332
0.14718398
0.13622484
-0.2769752
-0.08689126
0.23285723
1.0083644
0.37925753
0.33591443
0.31860664
1.3169245
0.15141277
0.7026349
0.02504539
0.7116588
-0.6261161
0.022721192
-0.09306966
-0.81560075
0.059435245
0.18946736
1.3464689
0.1494374
-0.14893591
-0.2655298
-0.09411131
-0.45992106
0.7773169
-0.23368977
0.20759583
-0.7100976
0.1526879
0.14261913
-0.2201481
-0.9495382
0.18666919
0.1808389
0.062201582
-0.42990887
-0.46485734
0.022301724
-0.08236267
-1.9920609
-0.6091928
0.7254699
-0.018544907
-0.054835845
-0.21063565
-1.1218323
0.033731975
0.038336232
-6.0477824
-0.24271025
-0.41729185
-0.22637303
-0.85562205
0.0672088
0.19812198
0.025912028
-0.00482102
0.4165793
-0.062288284
0.14414866
0.19491224
0.038015068
-0.057459027
-0.017688233
0.27322114
0.031700306
-0.14189638
-0.11887162
0.15748096
1.371713
0.059717104
0.9187466
-0.3496571
-0.17753007
0.043671846
-0.33242723
-0.11367196
-0.30713665
-0.32428032
0.039961725
0.9132571
-0.13419214
-0.17715679
0.27597505
-0.008783523
0.09268008
0.5055918
0.7100962
1.1294832
-0.16625786
-0.0014295578
-0.346106
0.31376708
-0.8517005
0.7823358
1.4418608
-4.1398387
0.50609183
1.1036236
-0.20587404
1.3914843
-0.41677797
0.8814931
0.049360894
0.01854545
0.15108746
-0.013091525
-0.23675105
0.0074145366
0.12734058
0.08452212
-0.13556199
-0.07440197
0.14089009
-0.07220402
0.3059726
0.3972093
1.121156
-0.2112896
-0.14945683
0.5044176
0.012436856
-0.320679
0.08650469
-0.5269173
-0.17848176
-0.15376158
0.18586528
-0.063777655
-0.18666606
0.22812092
0.5049591
-0.096395366
0.21977164
-0.12684709
0.1291845
-0.2007183
-0.15837064
0.085932806
-0.20007981
-0.2754713
-0.14466557
-0.3546158
0.17140368
0.04197169
-0.28511918
-0.12557356
0.4070545
-0.18561572
-0.18596847
0.12539434
-0.22095022
0.0483436
-0.16280653
0.14533508
0.15831414
-0.454393
-0.18849888
-0.07039962
-0.32222477
0.2866623
0.314028
0.24129368
0.04054949
-0.024807395
-0.9187386
-0.15662894
0.15246795
-0.28714177
0.4759678
0.23823206
0.04679379
0.12217849
-0.00732723
-0.17600723
0.21171744
-0.040870924
0.18289803
0.24697119
0.041763503
0.2854542
0.28541213
0.1262705
-0.088933624
-0.05060204
0.15776631
0.15142815
0.0812679
-0.022237463
-0.045766212
0.043326315
0.64541465
0.2656128
0.098432794
-0.2813528
-0.13580737
0.30207568
-0.33744907
0.005244229
-0.32244268
-0.011776883
0.30716777
-0.022022402
0.23264378
-0.22312446
0.12729782
-0.44796354
-0.009464418
-0.05546948
-0.2064389
-0.2496891
-0.19126458
0.650508
0.140281
-0.058454424
0.3482301
0.061989084
0.13183984
-0.28868556
-0.029715054
0.024520414
0.6860355
0.6026339
-0.28653637
-0.17598744
-0.12000841
-0.06166206
0.1560469
-0.13613719
-0.14337441
0.39864466
0.23970012
-0.23860003
-0.13019061
0.12132487
0.1003856
0.71660113
0.11142158
0.005743444
-0.16885987
-0.09141186
0.04700014
-0.022973545
0.053166833
0.24790688
0.01554218
0.15991841
-0.07164556
-0.023170501
-0.024159104
0.0387541
-0.14242315
-0.025447961
-0.014268932
-0.1980446
0.1598226
-0.3851287
0.11652343
-0.19565469
0.026534885
0.050281458
0.15348661
0.025506414
0.1259694
-0.25574696
-0.0115930075
-0.30841872
-0.2952795
-0.1605007
0.18079734
0.22322057
0.005038698
-0.049557913
-0.057356507
-0.15521811
-0.14889596
0.078571014
0.17011882
-0.047025774
-0.0014882257
0.22200659
0.036532953
0.10646938
-1.671131
-0.27712178
0.0015419258
0.17833865
-0.58288366
0.90496504
0.04123799
0.15076688
0.05243495
0.3299572
0.13656524
-0.36657882
-0.019259933
-0.05682294
0.18181992
-0.33666387
-0.17193653
0.04833962
0.029463619
-0.01738769
0.047775745
0.15113622
-0.031672157
-0.06286157
0.19006796
-0.061798982
-0.10036349
0.15937245
0.041833553
-0.39053366
0.1401901
0.064714044
0.08310391
-0.27208412
0.26972824
-0.06792697
0.007361561
0.024943108
-0.49988514
-0.026345715
-0.32603306
0.124400005
0.21595033
-0.12180234
0.12170175
-0.026352977
-0.01633679
-0.19486274
0.25098714
-0.033388052
0.29073015
0.47682634
0.014101548
-0.2239425
0.020301236
-0.23006871
-1.7031267
-0.068553016
-0.057863533
0.15615548
-0.34443685
-0.23368557
-0.019596376
0.20445064
-0.1744531
0.23202074
-0.16386245
-0.011679599
0.12226826
0.090527244
-0.06163146
-0.13754097
0.019707806
0.25829208
-0.1496445
0.080222994
-0.26099086
-0.21793182
-0.032199945
0.13045983
0.057510827
-0.017622922
-0.30224463
0.04135585
-0.07356036
0.26366758
0.01779831
-0.0739644
0.2740294
0.24052528
-0.02897436
0.20782131
0.16809416
0.17335095
0.34968317
0.37052843
-0.22656488
0.19873081
0.40555307
0.15617496
0.19653778
-0.36979026
-0.16398264
-0.035585433
-0.07643377
-0.09922961
-0.19004187
0.12675914
-0.035593983
-0.2673788
-0.2939376
0.02514107
0.08943192
-0.06292407
-0.043162853
0.05915809
-0.14527181
0.15854396
-0.08925835
-0.09219572
-0.112060435
0.27367896
-0.08303237
-0.17562628
-0.28928712
0.0055391523
-0.37875
-0.20714206
0.2472359
0.17905684
-0.20928445
-0.4342138
-0.045940477
-0.03583237
0.2424199
-0.19927365
0.2164915
0.3781534
-0.032547057
-0.2622624
-0.18720788
-0.024938293
-0.3669706
0.35020956
0.08420857
-0.093296066
0.053414993
-0.1103301
0.15058932
0.18582949
0.17679577
-0.0655255
-0.1269589
0.13982606
-0.10002211
0.17050557
-0.18875656
0.057093207
-0.21113227
0.061611217
-0.3098106
0.54112387
-0.10287302
0.08694991
0.053761292
0.12834944
0.102066316
-0.3337032
-0.12323618
-0.27377596
0.12136881
-0.16399637
-0.26767406
0.11339384
0.085597575
-0.3426231
0.03046512
0.28235358
0.03774895
0.25729164
0.12738831
0.09026763
0.115459934
0.015979543
-0.23276156
-0.29459685
0.21012045
0.2314487
-0.35056776
-0.16011794
0.19635579
0.09958851
0.17443646
0.24733216
-0.3064734
-0.118019685
-0.091285914
-0.18194197
-0.16833097
-0.02989769
-0.26390415
-0.107728876
0.32079372
-0.116448075
0.21560259
-0.23321715
-0.20569097
0.24791317
0.05167913
0.10099984
0.19592153
-0.34077525
0.23134993
-0.048672386
-0.00782735
-0.17512713
-0.021658987
0.09363703
0.2340833
0.17461526
-0.1272238
0.27525192
-0.14838186
-0.28499216
-0.13112383
-0.0004443226
0.22623184
0.069760345
-0.29505762
-0.23004258
-0.38921776
0.13101406
0.3712045
-0.061061263
-0.39604124
0.15152806
-0.12699105
0.061595622
0.18641043
0.17283565
0.22728598
-0.019063594
0.48934257
-0.28765926
0.025712388
0.32366106
-0.28574377
0.07004867
-0.16519924
0.034141343
0.03733012
0.36040753
0.19158936
-0.23716512
0.0038794614
-0.021603048
0.15063949
0.19942763
-0.33554024
-0.25515756
0.18406697
0.30709746
-0.0025695602
0.25353548
-0.3863364
-0.046667386
0.16842225
-0.0004008809
0.124748856
-0.106723495
-0.13701116
-0.22494483
0.10010632
0.060951162
0.09238529
-0.233072
-0.32365984
-0.033974644
0.07359144
-0.25667128
0.11643618
0.28178185
0.017178638
0.24098289
0.28944775
0.05609151
-0.2808477
-0.6467453
0.051256225
-0.19525385
0.1473889
-0.23216999
-0.18376927
0.015503544
-0.3373713
0.1949063
0.1883311
-0.3535644
-0.07969276
0.27140436
0.5685901
0.118108
-0.026193578
-0.1940053
-0.76870555
0.07752628
0.32185072
0.90876365
0.18537244
0.36043116
0.21563536
0.33965033
1.8209544
0.04382818
-0.3008723
-0.14161615
0.084577054
0.62501913
-0.77861553
0.0004464028
0.12724343
0.39120236
-0.32321638
0.2789452
0.0965501
-0.5674194
0.55506796
0.026950125
-0.021767331
-0.13192268
0.45875028
-0.2810892
-0.1801266
0.39271918
-0.08017698
0.19614011
0.33505958
-0.36730972
0.3614056
-0.20186785
-0.5654683
0.19050023
0.26404503
-0.47634014
-2.0645454
-0.024543941
0.28960767
-0.8033996
0.047961615
0.07762195
0.6829976
0.026656087
0.05526984
-0.24105638
-0.0683914
-0.021859752
-0.107067205
-0.21797745
0.11933906
-5.7452245
2.2859309
-0.27244318
0.14957671
-0.06746164
0.65447706
-0.44455928
-2.2885692
-0.19161858
-0.13149178
-0.3098556
-0.04807562
-0.41637027
0.46724218
-0.532188
-0.29286832
-0.22919351
0.6659308
-0.6295874
-0.19283612
0.28351784
0.4494072
-0.1350696
0.7573242
-0.26879543
0.028558621
0.10379693
0.04235186
-0.01268665
-0.033134494
-0.18527648
0.14316867
-0.17148505
-0.25054878
-0.18597566
0.092338294
0.27109763
-0.2375268
-0.117662236
-0.13840753
-0.02639196
0.17335278
0.002428739
-0.2440539
1.0421642
0.34858882
0.38658255
0.14274023
0.28272563
-5.3571115
0.3518305
0.02431378
0.044729102
-0.49163935
1.6282898
0.13919339
-0.30825165
0.3782814
0.39018336
0.80671954
-0.04397392
0.57070553
0.2638192
-0.0013088062
-0.2526433
-0.058554195
0.081492394
-0.3981646
-0.048849598
0.20299268
0.32657507
-0.13132137
-0.14069815
0.59881705
-0.0042428747
0.10591106
0.035193354
-0.17880653
-0.03905759
-0.047464795
-0.42945325
-0.040835943
-0.24725354
0.12722957
-0.091924734
-0.22104613
-0.051398773
0.096713096
-0.3043569
-0.052591484
0.45967487
-0.47966304
-0.21595356
-0.13524346
-0.35377702
0.22683504
0.29793277
-0.18695155
-4.03522
0.09724773
-0.5117165
0.49079558
0.11653074
-0.07768513
0.58306265
0.23462889
-0.20249113
-0.0631692
-0.3232624
0.32188827
-0.006894352
-0.34388077
-0.22143815
-0.15340695
0.03789792
0.49071407
0.049857795
-0.104108624
0.21257459
-0.28687224
-0.874418
-1.2437391
0.26419482
-0.1338993
0.10436828
-0.014271217
0.64838606
0.019478822
-0.060549766
-0.19970278
0.0062780925
-0.11770698
0.0386766
-0.028021414
0.26953414
-0.19023089
-0.06360641
-0.3438961
-0.0039946577
-0.08861545
-0.19773102
-0.013483614
0.036193132
-0.11754435
0.040066943
-0.09315461
0.16557612
0.0065257624
0.1053694
-0.007905163
0.0035906555
0.4602258
0.17731833
0.060247023
0.22367005
-0.29121882
-0.27931708
0.19643682
0.046557173
0.012717631
-0.046401545
0.25315005
-0.2547452
-0.15402995
-0.67241997
0.6277444
0.22874472
-0.25216353
-0.1643042
-0.07427041
0.11764288
-0.102950245
0.23087728
0.275774
0.26478934
-0.46379557
0.114678375
-0.45881438
-0.16483492
-1.1984067
0.71673757
-0.10887385
0.1231518
-0.09650392
0.06335775
-0.13319032
0.26974845
0.017516576
-0.14957844
-0.026001928
0.12550712
0.35821632
0.032575727
0.14799832
0.1144075
0.12642428
0.046948552
0.12079525
-0.010633519
-0.13434786
0.21481994
-0.031933274
0.16691454
-0.038506243
-0.41387603
-0.27138868
0.039128862
-0.044542838
-0.09533591
-0.07815672
0.28022197
-0.16997245
0.25127077
0.08239734
-0.2464154
-0.030178105
0.036726836
-0.32748252
-0.19544366
-0.08825264
0.27037778
-0.12636875
0.15770063
0.153664
0.032905977
0.059189793
0.7280044
-0.2314404
-0.07352287
0.044073485
-0.15685381
0.24044517
-0.18684371
-0.38027504
-0.47463435
-0.10096938
-0.06984547
-0.20509839
0.23186861
0.5166508
0.15412769
-0.17334065
-0.17193308
0.19581024
0.19342929
0.06741436
0.27957773
0.22403207
0.2969202
-0.033198774
0.051938813
0.03827143
0.382684
0.02212076
-0.2847812
-0.006483237
-0.29413426
-0.023675274
-0.30701074
-0.054480642
-0.30977017
-0.22034912
-0.070716664
0.106598794
-0.08215949
0.12296343
-0.22527766
-0.005492086
0.15959686
0.05207552
-0.006204738
-0.041334674
-0.2572408
0.0055001853
0.17641646
-0.33979604
0.1877247
-0.21151085
-0.022286378
-0.42566246
-0.20407064
0.34206158
0.16769063
0.21281187
-0.19464393
-0.23625764
0.033581518
-0.10462092
-0.11505228
-0.24663715
-0.096261285
0.11097143
0.030806487
0.19951598
-0.027771238
0.1492898
-0.033218734
0.020980189
0.58791226
-0.1442292
-0.0020957855
-0.21163177
-0.1370829
0.2015735
0.28790006
-0.13351026
-0.310398
0.21416503
0.10240645
0.059233267
0.026028086
0.11844576
-0.33221075
0.07938946
0.077966236
-0.10073222
-0.081462175
0.09537436
0.2845502
-0.020255202
0.16555199
-0.038506616
-0.45402792
0.10491031
-0.0066553196
0.14883679
0.00168583
0.03971642
0.01454627
0.008060077
-0.06043804
0.3718469
0.1670094
-0.06586096
0.16281827
0.056454863
-0.10836183
-0.24487787
-0.1316078
-0.10177224
0.17942838
0.35219285
0.046315152
-0.2705098
-0.25663638
0.24836478
-0.013917514
0.23424254
-0.18328626
-0.08142975
0.23595546
-0.047776364
0.32806826
-0.4232414
0.44777018
0.42608774
0.25149277
0.056232836
0.20121972
0.18261096
0.18576945
0.13520715
-0.09093854
0.12019555
0.16659926
0.13495007
0.32602093
-0.28012836
-0.39929307
0.18308145
-0.027034331
-0.27622053
-0.28187752
0.038162448
0.22353816
0.25299588
-0.122840405
-0.3691672
0.27754152
0.24880183
0.16655137
-0.007987675
0.30725077
-0.03162838
0.09473854
-0.2557664
-0.28427908
0.010015839
0.07766274
0.21036975
0.06503537
-0.2577091
-0.18499058
0.002284789
0.027616348
0.0013599396
-0.15509717
-0.2580562
-0.072943434
0.08267211
-0.27201092
-0.3005252
-0.0724112
0.21189374
-0.16631752
0.20869079
-0.32781646
0.19511047
-0.09431451
-0.13704929
0.17457768
-0.033880804
-0.25449878
0.033798963
0.15193127
-0.16371748
0.045622617
-0.021950217
-0.14360364
0.040032502
-0.018516574
-0.10244075
-0.15486687
0.11235703
-0.30257446
0.099854685
0.2958808
0.0066441363
0.36022523
0.08090563
0.07104064
0.24360704
0.10572508
0.2252528
-0.03154803
-0.25950766
-0.30745754
4.1197734e-05
-0.043343868
-0.1218794
0.18673478
0.054597173
0.09885283
0.16912661
-0.19986545
-0.082079105
-0.04207788
-0.30402806
-0.023533473
-0.07037815
-0.1346466
0.10378229
0.038784575
-0.22040191
-0.39969745
-0.051987123
-0.24523956
-0.17030855
-0.12285811
0.15115678
0.32890472
0.10231951
0.3046482
0.2224587
0.14200734
0.33359763
-0.1420131
0.19794758
0.04051926
-0.0858319
0.051081333
-0.35175636
-0.3785056
0.17954181
-0.2843935
-0.38495484
-0.22163044
-0.3458841
-0.11319103
0.20758638
0.23347923
0.20291516
-0.051172502
0.3811962
0.3148654
0.0837858
-0.108832285
-0.004451647
0.32297963
-0.34487042
-0.23800816
0.20201741
-0.1725891
-0.10830197
0.17934115
-0.19676057
-0.25180227
-0.20651497
-0.17858724
-0.18926771
-0.19884908
-0.37057072
-0.17098536
-0.2671524
0.42400813
-0.067822404
-0.3190723
-0.05884566
-0.23301162
-0.049087454
0.092291765
-0.39721176
0.1594899
-0.2690318
0.38208765
-0.2993344
-0.18108189
-0.29427004
-0.06764285
-0.03823867
0.119967274
-0.30874246
0.09487565
-0.21125737
0.056588773
0.30278805
-0.036627866
-0.1732835
0.055725586
0.079009354
-0.13517082
-0.2036707
0.19068797
-0.007840834
-0.17755401
-0.0658968
0.31872556
-0.23536105
-0.10253871
0.3036926
0.011729264
0.035281904
-0.008844733
0.07820646
0.012307348
-0.0801266
0.0071749864
0.08703367
0.029102212
-0.019590922
-0.09035552
0.05054909
0.0
-0.1133755
-0.020980187
-0.15169376
0.0
-0.07711127
-0.053288158
0.12975381
-0.11719382
0.11957987
-0.11683048
0.08241442
-0.2596611
-0.02296134
0.1959068
-0.0067585325
-0.122711524
0.08587667
-0.03601612
-0.023205858
0.19290817
0.05374936
-0.062682614
0.028119693
-0.02537819
0.0
0.14333387
-0.03659758
0.015018259
-0.07443331
0.15432529
-0.029333102
0.05791069
0.015881905
0.07502492
-0.0019409446
0.07809797
0.06095331
0.003872811
-0.017255727
-0.22287004
0.032264642
-0.029990101
-0.06905502
-0.030466817
-0.038137183
0.036520425
-0.019044755
0.041384883
0.14162138
-0.0138983615
0.16636588
0.011028838
-0.066887714
-0.32592717
-0.07937427
-0.040292975
0.0
0.07171126
0.081313975
0.027360478
-0.077360295
-0.051006105
0.07221626
0.0
-0.04492637
0.032681633
0.0
0.088097684
0.038744546
-0.061996236
0.012074204
0.21091808
-0.10777466
-0.10489145
-0.026398467
-0.015646614
-0.13242544
0.07551967
-0.06628766
-0.07571672
0.027809292
0.106518775
0.0
0.52076846
0.0
0.022023322
-0.020121528
-0.060955398
0.0
-0.016711079
-0.019875808
0.005536614
0.012900835
-0.21304615
-0.04434651
0.22372678
0.08267254
-0.029126499
-0.044926636
0.029437494
-0.03970491
0.05972675
0.014157383
-0.0014386023
0.007816308
-0.100150794
0.021462483
0.027928837
0.11571976
-0.11072086
0.051480193
-0.21881142
-0.1613303
0.06443587
-0.0653736
-0.11599468
0.08552332
-0.0629605
0.16948025
-0.21695836
0.19850366
-0.06807365
-0.21990931
-0.18301386
0.24864167
0.040336482
-0.1744438
-0.08531556
-0.169291
0.11977815
0.2081644
0.2750986
0.16003896
-0.29155943
0.09543245
-0.13498192
0.09942921
0.040673643
-0.0798497
-0.17061761
0.08175614
-0.104608186
0.03871746
0.054537293
-0.07191838
-0.20931831
-0.044657044
0.07311567
-0.08262374
-0.06923943
-0.0011429494
0.45556065
-0.05371461
0.27650616
-0.039337877
-0.30740368
-0.11733187
-0.0907921
-0.04282713
0.13168117
0.05523399
0.09112838
-0.062207904
-0.1361319
0.032481395
0.14264983
-0.07327999
0.06969608
-0.13717963
-0.06638407
0.2258555
0.097749375
-0.07935121
-0.15666652
-0.09283794
0.05256553
-0.06492615
0.11189026
0.089750744
0.053386524
-0.18351673
-0.033259008
0.073726945
-0.1550235
-0.10858346
0.09220572
0.090979666
0.060726125
-0.099476896
-0.06382187
-0.060613073
-0.16790807
-0.074280545
-0.100419305
0.09634926
0.16409813
0.082719125
-0.032984704
-0.089835085
0.09384675
-0.12615366
0.06820855
-0.17213213
0.18567184
-0.07327081
0.13398677
-0.13825612
0.09702764
-0.14805733
-0.08488328
0.028083067
-0.14475918
0.04664035
-0.39565787
-0.12319222
0.3741758
-0.1456263
-0.17153372
-0.054865737
-0.076567404
-0.042263184
0.12982091
0.061607797
-0.06263591
0.20331797
0.17646581
0.14375827
0.058334652
-0.026324801
