49
2
120
1
relu
line
1
1
-0.26371422
-0.47077882
-0.29718286
0.015545687
-0.88576263
0.035755936
-0.024218973
-0.20635414
-0.22532506
-9.679331
0.37469813
0.08733295
-0.488854
-0.77946264
-0.044233035
0.044610158
-0.2875868
0.10676142
-0.09936852
-0.47759527
-0.6690113
-0.63293576
0.7337035
0.18048835
-0.07256311
-0.2898772
-0.0025628358
0.33881435
-0.31806472
0.53580254
-0.43744677
-0.2589988
-0.12950234
0.8215244
0.0577615
-0.24740425
0.068213224
0.0846759
0.009466099
0.95774275
-0.00016281678
0.014564455
0.22550023
-0.26696706
0.36225674
-0.30158135
0.0897629
0.1738137
0.2001861
0.26296258
0.1706461
0.15505122
0.7319225
0.10553124
-0.6080711
0.053267986
-0.68874586
0.21967179
-0.15274975
0.3722314
-0.21849135
-0.26681104
-0.7616743
0.35876557
0.2564322
-0.17000766
-0.18949392
0.3007997
0.5335008
0.56322557
-0.0006287337
-0.19186816
-0.3348216
0.2050564
0.25935692
-0.38873807
-0.68080926
0.2546278
0.054984868
-0.020573016
-0.13029076
-0.27289987
-1.155157
-0.17538571
-0.19110362
0.6982207
-0.27960235
-0.14746234
-0.3833788
0.21450274
0.017079188
0.11092336
-0.5307714
0.22606367
-0.8074621
0.31556237
0.018999208
-0.8267926
-0.83673936
-0.87424195
-0.07558275
0.30006003
0.15073523
0.34505227
-0.05299363
0.25204438
-0.22990969
0.73760587
-0.11180523
-0.06060837
0.069547616
-0.38285273
-0.6160304
0.3436328
-0.046782702
-0.008936365
0.054273695
0.09111339
-0.010266662
0.19727187
0.2921215
-0.14779425
0.11588487
-3.3546386
-0.026570326
-0.2760212
0.025793236
0.17660773
-0.22521538
-0.6808996
-1.4756739
1.0501264
0.33586076
-0.3730916
-0.22657561
0.46551606
-0.13926417
0.14194526
-0.06042325
-0.122615136
-0.106362164
0.027414003
0.3573467
0.049991697
0.4791931
0.045526505
-0.054168504
0.30370137
-0.05050292
0.0076869195
-0.58533263
0.04277575
0.5758846
0.38822833
0.07242472
0.24096507
-0.26356795
0.10581271
-1.244636
1.6004196
-0.80510926
0.3074922
-0.23788641
-0.07637006
0.38498166
0.5661866
0.7147054
-0.28519383
-0.11791188
0.087356314
-0.07235187
-0.8197611
0.30810678
-0.13309807
0.08851364
0.31042558
-0.65236294
-0.005415052
-0.3568341
0.691695
0.0722551
0.33695847
-0.41008297
0.41353962
0.037196267
-0.32944316
0.0420838
-4.1484375
0.24683456
-0.1852447
0.10524329
-0.26115865
-0.1353249
-0.022445923
-0.024629503
0.23305571
0.19418158
0.05758917
-2.6446323
0.022800671
-0.30126378
-0.45064458
0.38158992
-0.06463501
-0.27366698
-0.700696
-0.24384573
-0.24921027
0.2848453
-0.10669784
0.39915413
0.29119816
-0.35012737
0.1929784
-0.37221894
-0.006580654
0.17284131
-0.3348428
-0.30498338
0.31320608
0.37536407
0.21589293
0.2552442
0.38826406
-0.54846686
0.08181593
0.22255668
0.86536527
0.21668655
0.12554613
0.33713797
0.25618845
-0.06858081
0.26748455
0.13928339
-0.9140179
-0.22511569
-0.08015358
0.31640303
-0.048124634
-0.08899811
0.012550068
-0.22982326
-0.08890501
-0.44708845
0.08217033
-0.090528525
0.32599688
-0.21541278
-0.03270394
0.025777308
-1.0048693
-0.35072464
-0.05158406
0.26983914
-1.5609348
0.72125745
0.050255988
-1.6938596
-0.05022675
0.39274463
-0.66904527
0.098003775
-0.29830244
0.30516642
-0.0141728595
0.10313297
0.5369187
-0.23284878
-0.23209408
0.30148914
-0.24975055
0.37864044
-0.46620333
0.14521745
0.1792249
0.03533624
-3.6172466
0.41451272
0.769655
0.6488392
0.48982248
-2.689784
-0.2889845
0.65293086
-0.5970162
0.85394496
0.19682181
0.3495981
-0.04927082
-0.019542467
-0.7041087
-0.075795665
-0.22113644
-0.08087485
0.20371884
0.118167624
0.21931136
-0.11026046
-0.91629344
-0.2307559
0.11566964
0.015459186
0.44558463
-0.035678234
-0.17906018
0.58476764
-0.338371
0.12750243
-0.64458805
0.52507275
-0.02814886
-0.18766937
-3.3526278
0.638264
0.10314421
0.87482846
0.023380311
0.03671091
-0.12064641
0.17777999
-0.12524174
0.43556577
-1.2751898
0.10521796
0.17329901
0.047049314
-0.41926754
-0.027973343
0.42236733
-0.16683994
0.17889076
-0.2282606
0.14780556
-0.4030339
-0.23256226
0.06093264
0.1523488
-0.42547154
-0.023783538
-0.23769094
0.005827889
-0.2347679
0.18848571
-0.16109018
0.29043028
0.30954358
-0.22910145
-0.5922332
-0.19726412
0.04405724
-0.09754978
-0.29687855
0.27604806
0.1644063
-0.05153307
-0.065309435
-0.6534624
0.117996305
0.13594772
-0.25549993
-0.4158385
0.09464949
-0.1529988
-0.0551613
-1.0836589
-0.42724785
0.28058982
-0.12226061
-0.3905335
0.16635565
0.046880756
-0.09303243
0.17718405
0.28050172
-0.38662007
0.4527888
-0.14320159
0.67607933
0.13063827
0.18026678
-0.26420444
0.4057989
-0.20249932
0.29992303
0.0015156523
0.17751576
0.3557109
-0.31677753
-0.19004287
0.35049912
-0.25822216
0.47415847
0.25996965
0.37648177
0.18286394
-0.2088176
-0.21201874
-0.22871503
0.21334498
-0.42886972
-0.067957595
-0.3483977
-0.39764407
-1.8909299
-0.17579845
0.091475114
0.0769344
0.28359556
-0.106012724
-0.043589804
0.15600285
-0.13007942
-0.14985545
-0.025038958
-0.30854335
-0.3054937
0.1712637
-0.7267473
0.5061526
-0.23192595
-0.04448414
-0.07385923
0.4112198
0.052379906
0.0835251
0.22047442
-0.16559896
1.3434255
0.009861594
0.19551788
0.18095851
-0.7731845
1.5989302
0.75590694
0.69093585
1.2285738
0.32033867
0.08678179
-0.123377584
-0.17038661
-0.28158423
0.660793
0.21994723
-0.25614464
0.21641305
-0.025168674
-0.1936354
-0.019270336
0.072133295
0.09174427
-0.14639203
0.0347211
-2.3421955
-0.042022415
0.13567369
0.0579186
0.0063670734
0.251027
0.078393064
0.4976221
0.46827534
0.22686979
0.037338007
-0.25091726
-0.21074441
-0.015419915
-0.70820576
0.8662099
-0.8491927
0.123831525
0.020817066
-0.22355808
0.17660992
-0.04072213
0.08066688
0.1887418
-0.1238158
0.26682657
0.36340073
-0.050755586
-0.22037305
-0.4380165
0.15370815
0.0843288
-0.2501986
-0.18149322
-0.0683994
0.013612484
-0.058595367
-0.39961937
-0.096641235
0.25094083
-0.12225993
0.86510426
0.38904706
-0.22172488
-0.05593125
-0.30804268
0.34369773
-0.6383489
0.8213633
-0.05942865
-0.12843408
0.30929142
-0.17784627
0.24132563
-0.45146662
-0.34652466
-0.21619333
0.27894792
-0.15997554
0.09387655
0.0029935713
0.7687422
0.75169957
-0.15860146
-0.3628687
0.44385916
0.30657348
-0.6734284
-0.15175803
-0.074148245
0.8849838
-0.08650874
0.14240812
0.1596786
-0.13198765
0.021485023
-3.16155
0.17767029
0.14383087
0.13645835
0.23830909
0.06544212
-0.15729895
-0.37324587
-0.1540903
0.48723832
0.043336358
-0.09975691
-0.067733735
-0.20727512
0.28776836
-0.24482054
-0.3236817
0.8847778
-0.14603366
-0.33082712
0.31208408
-0.24919449
-0.29901263
-0.20785733
-0.13017175
0.5597583
-0.32377806
0.0043058395
0.103470035
-0.103817545
0.1352636
-0.07599466
0.3361502
0.76598114
0.36158153
-0.012797836
-0.13253292
-0.08598556
-0.22925982
-0.04240023
-0.018406097
0.09975881
0.012512817
0.17858653
0.38368097
0.33151463
0.27295682
0.40713185
-0.14201778
0.23316886
-0.12631704
0.21318962
0.9311897
0.21921931
0.095882095
-0.2643738
0.18424276
-0.22092463
-0.3664866
-0.065890506
-0.29591733
-0.29516625
0.27709022
-0.20686519
0.21065705
-0.1790505
0.40859964
0.17855513
0.18324569
-0.06228572
-0.119820915
0.008136975
-0.2313563
-0.08652598
0.24849288
-0.69015133
-0.004694593
0.5102528
0.28197598
-0.38249716
-1.6498147
0.6434353
0.0746216
0.8929098
-0.2626871
0.14560594
-0.6358156
0.22206134
0.11778137
-0.08086848
-0.3613775
-0.5993742
0.5934814
-0.24309124
-0.29853478
0.017583918
-0.25523722
0.36008546
0.49697223
-1.6738386
0.111780465
-0.34535193
-0.2859625
-0.30337152
-0.4046476
0.5534199
-0.15098804
0.55162734
0.102363
0.117592506
-3.1015124
1.0307548
0.11786267
0.1983478
0.14205214
-0.3444214
-0.27349484
-0.3023169
0.14754683
0.18487585
0.16192074
0.2734861
-0.50758547
0.30125216
0.15702885
0.16228911
0.099888
-0.41574532
-0.21369992
0.28330213
-0.4709264
-0.04473717
0.29326242
-0.32704923
1.0564115
-0.14456439
0.26400167
0.022011131
0.23680611
0.09875762
-0.277263
0.08150769
0.30879498
0.033896282
0.16516662
-0.33111635
0.22452688
-0.13090959
0.37545136
-0.24687666
0.28491968
-0.4967134
-0.41901183
-0.47096732
-0.113706544
0.19599432
-0.6891859
-0.04298958
-0.50643975
-0.19784556
-0.28452128
0.21713693
-2.826817
2.112492
-0.06509252
-0.58334786
1.2536584
-0.08160884
0.039977454
-0.33083063
-1.3316711
-0.38367295
0.2692539
0.2191787
0.39302728
-0.29742995
0.15028721
-0.2284217
-1.3015927
-0.23886833
-0.2927738
0.3303985
-0.36269593
-0.5831591
-0.08426795
0.086757064
-0.3616951
0.27888912
0.70389223
0.104516685
0.4535039
-0.29766074
-0.23239094
-0.27026176
-0.2842946
-0.118198365
1.0679891
0.40547925
-0.016270101
-0.4880598
0.16629818
-0.23442909
-0.22324818
0.51623863
-0.004008162
-0.117191486
0.14557967
0.0036795987
0.32540578
-0.040580675
0.09690245
0.19758743
-0.39093086
0.36857265
0.19010592
0.40279093
0.043957293
0.39608473
0.15689509
-0.14149664
0.4721841
0.8333778
-0.023303777
-2.955649
-0.4780996
0.05773372
-0.054371208
0.12921602
-1.1627666
1.275589
-2.9356182
-0.66592526
0.08970616
1.5440252
-0.252482
0.6454917
0.2598503
-0.490887
0.2977271
0.29441074
0.22767195
-0.02247299
1.4791305
-0.54980975
0.16220881
-0.45597136
0.30491066
-0.2976779
-0.20594086
0.21148263
0.06496582
0.273743
-0.07030162
-0.33447856
0.57885104
0.5322165
0.33744138
-0.102225125
-9.84099
0.3138348
0.90533817
1.0695722
0.32948405
0.6409602
0.08821929
-0.022230744
0.38428926
-0.12900446
0.21102093
-2.2042665
0.28799403
0.60549605
-0.37076154
-0.420687
-0.050359875
0.08899999
0.083145924
-0.02296102
0.049920723
-0.80633885
-1.1063476
-0.07813678
0.64278316
-1.3712705
-0.21272922
-0.49141517
0.5541137
0.45677736
-0.55318594
0.26623073
0.094239496
-0.55250776
-0.028536895
-0.025490502
-0.45243493
-0.09457809
0.13769631
-0.8950829
0.0041671987
-0.07116297
-0.3172433
-0.17873591
0.061812118
-0.28760174
-1.0311021
-0.3373906
-2.7253342
0.18161058
-0.5491006
0.18638825
0.85911316
-0.2228021
-0.11676385
0.18591923
0.1297686
0.2838762
1.0481846
0.72074425
-0.30178463
0.16901408
-0.06422083
0.046273205
0.34648106
0.41392657
0.273929
-0.20454326
-0.0544801
-0.6222408
0.2910888
-0.87878525
-0.15045573
0.1198213
0.15149769
0.07987484
-0.18908131
-0.48576987
-0.7545471
-0.13498962
-0.21905321
0.0121003855
0.8284322
-0.5661531
-0.29631275
-0.3170602
-0.15507922
-0.05616408
-0.71192694
0.079222836
0.07540756
-0.033667725
-0.56559134
0.6219377
-0.56490445
1.1569711
-0.29391408
-0.6748944
-0.29760045
-0.27963644
-0.21551213
-0.19570823
-0.26233408
-0.22737403
0.4936977
-0.19898506
0.16382219
0.09388051
-0.06816724
0.28125018
0.25540185
-1.532445
-0.42074817
0.39386305
-0.10215616
-0.4172468
-0.45872557
-0.12166805
-0.2599889
-0.97637343
0.40947604
0.40879396
-0.30025646
-0.27569586
0.13392258
-0.30429995
-0.1277126
-0.36538866
0.6277093
-0.03950044
0.1291873
0.38901904
0.22733593
-0.035986252
-0.39101544
-0.37776613
-0.21796052
-0.3311071
-0.06834656
0.020194232
-0.0123226745
-0.060720924
-0.059079356
-0.15930663
0.23869935
-0.30077142
0.6715265
0.13674523
0.08238456
0.3908059
0.29261193
-0.17961882
-0.48090348
-0.2837554
0.29528254
-0.11861301
-0.111846045
0.21388726
0.014390396
-0.19787247
0.41236448
0.5565955
-0.23645318
1.5233183
-0.26108083
0.10042838
-0.49965554
0.18694896
-0.068794586
-0.17102155
-0.09476154
0.044132292
-0.24597915
0.03468661
0.53216714
-0.22918418
-0.24510358
-0.23125874
0.6370155
-0.1526991
0.24900669
-0.054657277
0.11588628
0.02496306
-0.31300884
-0.08462178
-0.36612034
0.006626416
-0.36886278
-0.31413054
0.28273907
0.52592266
-0.5974976
0.08765706
0.65636647
-0.5073824
0.1483154
0.010945429
0.42602584
-0.20323975
0.16999502
0.4071632
0.38768876
-0.5645914
0.5728937
-0.5882566
-0.18298642
0.037119355
0.1061502
0.07010569
0.29728085
0.324513
-0.5640198
0.38363677
-0.009654437
0.24201028
-0.26494142
-0.76072025
0.057060517
-0.09468125
0.23728299
0.043477528
-0.7755774
0.1673326
-0.23643552
-0.051050268
0.06275265
-0.0443286
-0.18415585
-0.045335498
0.066875935
1.3167477
0.16247477
0.14885369
-0.028761268
-0.22808364
-0.036965508
0.26344007
-1.1013342
-0.6815206
0.2957382
0.0021428072
-0.4575189
-0.54486644
-0.303589
-0.072006926
-0.751335
-0.87536776
0.49008158
0.22591022
0.6917271
0.26527584
0.20439759
-0.25332078
-0.06398817
-0.5537047
-0.47414446
0.10023144
-0.05825034
-0.30080244
0.04180102
0.2414952
-0.67153406
-0.5969227
-0.14487222
-0.08884076
-0.17510504
-0.11494119
-0.06998746
-0.068362705
-0.5153778
0.33658105
0.1685309
-0.1281922
0.06875091
0.08817841
-0.17347458
0.28555733
-0.34183985
-0.16537894
0.20321561
0.1950674
0.6495604
-0.4048372
0.38107955
0.13780522
-0.17053843
0.14859283
-0.3026988
0.26269335
0.053514898
0.0504722
-0.004121626
-0.16001171
0.23247543
0.7152548
0.13227805
0.30298474
0.2029748
-0.11781192
-0.16633089
-0.08666948
0.29689983
-0.09285589
0.11208357
-0.260483
-0.24826925
0.06626172
0.04294369
0.25693554
0.2665212
-0.33223954
-0.3185237
-0.2780123
-0.31249782
-0.4188024
0.4271753
-0.37122706
0.36324987
0.097967945
-0.25347236
0.075118065
0.24817763
-0.46818864
0.22883324
-0.13766815
0.08723734
-0.48112285
-0.4816655
0.45568067
0.15842335
-0.21097024
0.16430834
-0.17681636
0.23913124
0.26514977
-0.53981763
-0.0039636567
0.33931905
0.21319711
-0.23046169
0.0047110855
-0.15464377
-0.5088762
0.18639253
0.054857735
-0.41760826
0.060029015
-0.24866383
-0.2156239
0.03625992
-0.32309023
-0.043882255
-0.1764837
-0.30770868
-0.19069162
-0.031875696
-0.24187924
0.55849355
-0.31126007
0.25229147
-0.15385182
-0.13933094
-0.00064060494
-0.30461186
-0.18812609
0.10115128
-0.5016048
0.10476746
-0.08923854
0.18741375
0.043712113
-0.27974156
0.13010535
-0.06516819
0.07792879
0.5406194
0.24352583
0.18321586
0.16685043
0.1776341
0.22640543
-0.398181
-0.20951825
0.16597447
-0.1523196
-0.02716876
0.48678505
0.13565405
0.10098608
-0.28356346
-0.07945964
0.101127736
0.28786293
0.10577302
-0.10967448
-0.13997932
-0.4085145
-0.3205748
-0.23825867
-0.52296233
-0.0358691
0.17765798
-0.37197995
-0.20142402
-0.12899394
0.51236683
-0.31033993
0.059418444
0.08092651
0.050443947
-0.33792695
0.29093343
1.8258363
0.4654631
0.3012691
-1.1575669
0.32218102
-0.31290358
-0.4387531
-0.16024248
0.9502346
-0.12485669
-0.42592388
-0.03842429
0.08032157
0.13511264
-0.47472718
-0.2887429
-0.07811088
0.08278633
-0.13144198
0.093437046
-2.2548373
1.3347559
0.058800027
0.33172506
0.030269489
-0.14547858
-0.5628329
-0.3857961
-0.77842146
-1.9522587
0.622323
0.06097129
0.1841789
0.15550892
-1.0669103
-0.047641665
-0.48786908
-0.96289796
0.7736898
-0.39273784
-1.228996
-0.099049196
-2.6275387
0.24763334
-0.027781239
0.6212244
-1.2219825
0.06433296
-0.4476522
0.042069484
-0.110838726
0.67742103
0.5073997
-0.08103352
1.1702225
-0.22819176
1.3299093
0.16507667
0.18939786
-2.7437
0.15773222
0.19396192
0.9350449
-4.2368636
-1.1799356
0.09682378
-0.17638597
0.018495413
-1.274203
0.43964076
-0.56270486
0.3286519
-0.84940845
-0.2832644
0.17568225
-0.8509333
-0.15254445
0.29898256
-0.02182433
-0.597802
0.2687099
0.26878864
-2.7979486
0.04815364
0.26171958
-2.0840979
0.2496764
0.5355402
0.8435035
-0.27286586
-0.047110096
-5.4569006
1.3438622
-0.021438833
0.7427513
1.2116871
-0.37270334
-0.8087351
0.66810316
0.047396693
0.65634954
-0.7053882
-0.31264862
-2.1658604
0.24669337
-0.2978996
0.48114756
-0.5337549
-0.13536891
0.5093724
-0.8530411
0.5488579
0.6107026
0.80585873
0.17659831
-0.005562539
-0.26875126
-0.5616309
0.32862312
0.4079116
-0.4786729
0.41796604
-0.22541332
-0.5296676
0.24008456
-1.7834408
0.14750455
-0.16664597
0.7982439
1.1538005
0.35904196
0.2947597
-0.49837667
0.5616078
-0.9370176
0.12666686
-1.9618478
0.055034515
-0.078435525
0.029351171
0.13165598
0.37173995
-0.24468872
0.23254329
0.26052064
0.14526394
-0.22915016
-0.71497536
0.0901624
-1.1793151
0.8536267
-0.30282503
-2.2603686
-0.74144876
-0.75367916
0.012059629
1.2683275
-0.3410698
-0.18249743
0.93270147
0.70339864
-0.22585401
-1.4531467
0.081225395
-0.33005095
-0.1799175
-0.19807962
-0.17841688
-0.6044408
0.10409629
0.80452836
-0.66396433
-1.1677266
-0.24421357
0.942209
-0.15652491
0.021213744
-0.17259622
0.1611183
-1.0872883
0.06388657
0.3105151
0.914094
-1.1950425
-0.09986819
-0.3335838
-0.2678336
-1.6139594
-0.41230917
0.5655594
-0.4184794
-0.33668303
-0.057110857
-0.17631336
-0.13561504
-0.60052556
-0.7417737
0.2595283
2.673215
-0.44713882
0.9598083
0.35985556
0.14675404
0.28974974
0.18233156
-0.01906677
-0.08330256
0.65518534
-0.15180412
-0.030120911
-0.4217647
-0.7258315
-0.31809
-2.564098
0.54052514
-0.5697015
-0.6771499
-0.22810292
0.16964169
-0.6930131
-0.13565186
-0.25504982
-0.02759069
-0.18965255
0.74651194
0.19687918
0.107134074
0.02046427
-0.2649622
0.5329146
-0.51844686
0.1161513
0.9675616
-0.087007955
0.1403237
-0.3772042
-0.32979465
-1.0362427
-0.2941298
-0.89189434
0.39795735
-0.049026635
-0.12232232
0.13319999
0.14872397
-1.0497115
-0.10602191
-0.23341504
0.20768093
0.5835887
-0.20468031
0.1695686
-0.21464318
-0.044679843
-0.19781484
0.09876296
0.22635747
0.3542578
-0.18826866
0.4444234
-0.24491714
0.16212957
-0.020466255
0.019789696
0.15195253
-0.1540382
-0.43656537
-0.23637186
0.3370043
0.740524
-0.13851897
-0.27968368
-1.0361857
0.28352028
-0.2634416
-1.4074138
-0.35101587
-0.07769858
-0.059712354
0.11930034
-0.6731351
-1.1056311
-0.3680457
-0.21518795
-0.049801353
0.6219466
-0.2591552
0.28917974
-0.03526309
-0.008381925
-0.13329211
0.0063152714
-0.29745522
0.61310977
0.07481358
0.11670458
-0.019953446
-0.2805884
-0.45001101
-0.093188465
-0.43871486
0.28696603
-0.09021365
-0.45346853
0.022979928
0.22745171
-0.5131704
-0.5995982
-0.26604316
0.45656896
-0.09176428
0.1421468
-0.23920886
-0.9780045
0.009165589
-0.6141332
-0.22848688
-0.5179514
0.13910559
-0.43163583
1.3847439
0.31848106
-0.25492436
-0.35687193
-0.0074472507
-0.16076398
0.13916668
0.3205905
0.6633216
0.6027917
-0.33620983
-0.074930236
0.23855628
-0.12629472
0.27145013
0.3672827
0.061998002
-0.44543052
0.72999525
0.2857675
0.33733878
-0.33738384
-0.15757605
-0.28227302
-0.0073712347
0.31183663
-0.133291
-0.29572263
-0.63854176
-0.23422214
-0.33465084
0.001871147
0.48614794
-0.30430567
0.33979464
1.0687246
0.062244654
0.033176307
0.017736405
0.11274154
0.2848602
0.49179024
0.2875253
0.33467603
0.36368454
-0.7361735
0.034377333
-0.26097396
0.1806494
0.01694061
-0.40051153
0.03341268
0.036480494
-0.5711485
-0.08068431
-0.43381137
0.3012754
0.6146578
-0.007953713
0.10539995
-0.48022598
-0.11717318
0.16907755
0.21989974
0.16952744
-1.1494486
-0.88402575
-0.046074796
0.37260857
-0.118469186
0.6259371
-1.5670894
-0.55758077
0.84990454
-0.1650229
-0.6442373
-0.7038904
0.23847713
-0.051978894
-0.09788549
-0.07100766
0.3191901
-0.086733654
-0.041337587
0.3415182
0.44046682
0.11455262
0.018334031
-0.06808105
0.42815524
0.102230325
0.05431276
0.19417478
1.0928566
0.037733965
-0.16536203
0.3033986
-0.12516113
-0.06861797
0.08328442
-0.5905293
0.09874791
0.46757284
-0.42300686
-0.4765548
-1.8121718
-0.73090965
0.24081519
-0.06967738
-0.1141681
-0.33809
-0.05978304
0.37046346
-0.024620669
0.18602511
0.08135086
-0.75301534
-0.35128224
0.0916655
-0.027194608
0.15443921
-0.001604783
-0.40724963
-0.5398844
0.13907123
-0.29448766
0.23543756
0.32022962
0.54717386
-0.6312072
-0.1849782
-0.44055268
0.509423
0.04188294
0.044379704
0.30116028
0.031714965
0.04784505
-0.03936755
0.34098938
0.1685901
0.15058438
-0.08828578
0.13159578
0.2071828
0.2191855
-0.03339305
0.11351385
-0.27491143
-0.19146365
-0.0062805186
0.28319538
0.47428465
0.09664515
-0.2804361
0.23264654
0.029075116
-0.18451957
0.09870958
0.004464214
0.2446791
0.23206796
0.6392682
-0.050840013
0.17077954
0.15158646
0.19291793
-0.05087763
0.35850558
0.016326228
-0.37828928
-0.018990323
0.11246186
0.16173196
-0.2422005
-0.057154592
0.04608388
0.4244463
-0.16411614
0.12384062
0.14352788
0.14072962
-0.10307961
-0.9090253
-0.18470868
-0.80472577
-0.35465294
-0.31458828
-0.21163179
0.40711865
0.19018742
-0.82734334
-0.23980941
0.71505076
-0.3300507
-0.3879153
0.23725994
-0.08446169
-0.1458251
0.007960766
0.3036042
0.49785843
0.27949914
-0.22998048
0.37645626
-0.119151026
0.3089364
-0.042324066
0.052796066
-0.10716473
1.4094148
0.038512126
0.30390915
0.0900162
0.17591213
-0.11404385
-0.33028486
0.16358608
0.13466305
0.111239
-0.115761906
-0.31296366
0.33608973
-0.075529054
-0.20450321
-0.8376152
-0.30598846
-0.015704172
0.22854804
0.18592651
-0.35077494
-0.17191699
-0.035301577
-0.20997447
-0.4198982
-0.14861174
-0.04232194
0.22677022
-0.08187182
-0.07410013
-0.092346855
-0.21140553
-0.07743787
-0.57886183
-0.0918146
-0.3901861
0.12979433
-0.15837453
-0.2383038
-0.3726039
-0.28408793
0.13189514
0.30904308
0.56123793
0.22366612
-0.15884617
-0.120392494
0.10798937
-0.10307105
0.52278894
0.03539723
-0.09516079
-0.39721864
-0.24675146
-0.095804766
-0.27849966
0.06660069
0.40179163
-0.34316596
0.29759604
0.18099903
-0.72317934
0.26654273
-0.26224422
0.20734549
-0.2267443
-0.16323845
-0.059653558
-0.11780602
-0.22935256
0.55064845
-0.17054051
0.03686902
-0.17584375
0.41230038
0.94786525
0.1308904
0.24872518
-0.040240034
0.72603106
0.41766426
0.71578074
-0.049713306
0.14941986
-0.7294295
0.13560587
0.6406953
-0.20875378
0.8866879
0.74557316
0.5061552
-0.23612313
0.23031896
-0.06982699
-0.23316084
-0.21628244
-0.076507814
0.016992046
-0.8507175
0.5253628
-0.52722234
0.16909035
1.0298111
-0.018587753
0.9560977
0.07319337
-0.51752007
-0.12188235
-0.42077678
0.38821968
-0.46403444
-0.106562674
-1.6853635
-0.07111853
0.23104194
0.6674042
0.9362403
-0.07620299
-0.38918582
-0.25717065
-0.4446622
-1.0999794
0.4121255
0.24985501
0.33166552
-0.18603098
0.82791674
-0.052101314
-1.2627164
-0.4428157
0.029756818
-0.24896604
-0.012881909
0.22264937
-0.19848008
-0.32128054
0.6804972
0.2048614
-0.62729913
0.33445734
0.1308995
-0.13441871
-0.43468416
0.20453463
-0.14546892
-0.49400386
0.40866274
0.06779116
0.07562691
-0.050059147
0.56135803
0.5982096
0.09096346
-0.3015575
0.24871057
-0.66795576
-0.18769379
0.52927
0.17054231
2.265463
-0.6198452
0.54164296
0.86673754
1.152197
0.4006058
-0.33284625
-0.088086165
0.26170903
-0.04211547
-0.028313383
0.15083748
-0.40617037
0.21672438
0.6063598
0.25303748
0.148561
0.28491357
0.94442314
-0.15767165
0.10613112
0.13029917
0.12554629
0.007704967
0.04098004
0.13857996
-0.6312367
-0.2066547
0.4871485
0.27580094
0.058488023
-0.014337614
0.31811222
0.108567595
0.80004436
-0.32051277
-0.6494654
-0.55728394
0.333632
0.24696441
0.031993255
-0.07274011
0.061984353
-0.14753324
0.12381202
-0.15177295
-0.31667626
-0.5111979
-1.0263716
0.26919833
0.8212452
-0.23055974
0.0929198
0.17713775
-0.13242571
0.5444959
-0.8315582
-0.31494686
0.036192764
-0.2721161
-0.069124945
-0.64748394
0.21560094
0.72818774
-0.0626572
-0.12587623
-0.14964652
0.037845545
-0.39679557
-0.22582741
-0.24704881
0.063023224
-0.28657624
-0.6081881
0.07257536
0.63100076
0.24613957
-0.37254718
-0.006650448
-0.2881829
-0.66741264
0.13798583
0.1378914
0.69361913
0.24225432
0.0135556245
0.10812864
0.686922
0.12531516
-0.19200884
0.034013636
-0.47782642
-0.043080002
0.32552996
-0.3019811
0.5899836
-0.85543907
0.113705516
-0.70970905
-0.34293246
0.21611522
0.50898486
-0.33623376
0.58923745
-0.0434534
0.1926744
0.12676422
-0.16128859
-0.32620922
-1.3599474
-0.45893118
-0.46568736
0.040711917
0.2079312
-0.14901882
-0.17018537
-0.22191879
-0.08743563
-0.064663686
0.1610725
-0.24289995
0.45091006
0.34951782
0.2707502
0.36700058
0.0035794675
0.30166882
-0.07530216
-0.13202743
0.2780269
-0.8275524
-0.17682007
-0.39696875
-0.15551518
-0.0373391
0.17169832
-0.094952695
0.4808332
0.34784904
0.048033334
-0.081861176
-0.37790528
-0.106419034
0.39252263
0.43281138
0.08200514
0.14003271
-0.27195883
-0.48987383
-0.27614766
-0.13927202
0.059519783
0.42372724
-0.24243426
-0.0203131
0.26784247
-0.45556626
0.12660778
-0.23985662
-0.10935372
0.226388
-0.18563043
0.220136
0.22273259
0.016157964
-0.19396846
-0.106991865
-0.026349435
-0.1542066
-0.03485929
0.0999651
-0.3118539
-0.23893353
0.059746213
0.08797382
0.2572127
0.24916801
-0.09404001
0.44469255
0.06475979
0.24246286
0.13043308
0.51505595
0.33965084
-0.026307201
0.24605818
0.007690103
-0.71805817
0.031364202
-0.106154464
0.07929206
-0.16899149
0.07662465
0.33205605
-1.032656
0.15420099
0.16622247
-0.4123805
-0.28232712
-0.058847357
-0.17386062
-0.067803495
0.09355804
-0.25248823
-0.62624305
0.1640886
0.09800485
-0.7193168
0.06185326
-0.11261805
0.19295968
-0.16483995
-0.19721821
0.15368797
-0.26480046
-0.26470587
0.047167514
0.2614124
0.20178105
0.07125311
-0.2207651
0.30444458
-0.25991532
0.30373755
-0.31605315
-0.0044646263
-0.33833635
-0.03541596
-0.012740757
-0.05888711
0.079270944
0.4183767
-0.12701516
0.14384471
-0.4745732
0.10510562
0.36464515
-0.17894463
0.06532239
-0.46491298
-0.5116542
-0.054317717
0.079033576
-0.19141936
0.4921621
0.34389445
0.117437035
0.057572298
0.028873371
-0.30476624
-0.2166743
0.31091833
-0.47342145
0.074342296
0.30855322
0.13228735
0.2482363
0.043303713
0.24208066
0.17224762
-1.7076768
-0.16212398
0.012013799
0.035372443
-0.36466742
0.014393985
0.548223
-0.052291006
-0.25279236
-0.32122812
0.23208585
-0.10390353
0.19326831
-2.3767824
-0.29732198
-0.3093281
-0.1771165
-0.2555102
-0.065792024
-0.20131695
0.17498724
0.012031803
0.016269704
0.22073226
0.051551543
0.02000273
0.4019905
0.03856903
-0.6222494
0.32577157
-0.6058197
0.18541268
-0.3108515
-0.20675819
-0.22886886
0.15189017
0.6182317
-0.31701106
0.026224587
-0.44445282
0.16644493
-0.091132216
-0.33101872
0.050591826
-1.0617917
-0.15253094
-0.25953567
-0.74252725
0.3556843
-0.18206868
0.037788734
-0.15969732
0.003524881
-0.30170688
-0.20620704
-0.0040456075
-0.25851494
-0.077468455
0.0121821165
0.19818826
-0.0901712
0.21605818
-0.30554983
-0.31570458
0.2701343
-0.021238994
0.101552665
0.06869236
0.1483733
-0.11454714
0.055511754
-0.23200704
-0.17659451
-0.394588
0.20573685
0.1296203
-0.036531243
0.0151246125
0.19720277
0.11749911
-0.4994924
0.19484271
-0.07627243
0.34142095
0.3246413
0.2538217
0.11286081
-0.06396634
-0.22270808
0.0038212498
-0.29438636
-0.361024
0.029889155
0.1946037
-0.4016583
-0.029802278
-0.09906817
-0.31757522
-0.07598737
0.16037484
0.017726721
-0.68390715
-0.11849458
-0.07215705
-0.3010557
-0.43689233
-0.10332866
-0.42132053
0.01583854
-0.0051751216
-0.11479261
0.3858967
0.4002166
0.10001631
-0.1502536
0.24956192
-0.074919
-0.0011275824
-0.7001457
0.94327503
-0.3613689
0.57411486
-0.4168521
-0.07904892
0.104639105
-0.12087624
-0.10202662
0.2419374
0.20880878
0.33413875
0.34535912
0.2381196
0.3064235
0.022000317
0.124774344
-0.022563588
-0.06866441
-0.00035852182
-0.33096424
0.07930352
0.17464784
0.24581939
-0.03715009
0.22072218
-0.05592704
0.17625064
0.10733549
0.1611567
0.06735047
-0.11573173
0.110659406
0.1815318
-0.05540303
-0.17604339
-0.33940277
0.1720749
0.5304474
-0.49130082
0.24767126
-0.21337073
-0.2502948
0.287075
0.21067154
0.019560836
0.039000493
0.123955294
0.3811253
-0.361929
-0.13051124
0.07016905
0.08716395
0.07579113
0.081444405
0.032934003
0.42685497
0.008348862
0.2561231
-0.16455717
-0.109539434
0.13034186
0.2453087
0.011282172
-0.15438932
0.24492145
-0.37702823
0.022281995
0.30334032
0.19109365
-0.001809895
0.54602814
-0.21555515
-0.32480878
-0.23301283
0.13163185
-0.205111
0.05982088
0.39985415
-0.16139485
0.08433155
0.15839401
0.3702384
0.27260426
0.12816924
-0.22961642
0.07040022
0.18541841
0.15794621
-0.15999267
-0.2916286
-0.13519117
0.22832
-0.31320924
0.023363808
-0.118132375
-0.20607118
-0.25483447
0.12002605
-0.19916657
0.3348166
-0.1132442
-0.16044669
-0.019965857
0.18203457
0.124170296
0.0055532204
-0.35790917
-0.25060928
-0.27041212
0.20551105
-0.13406499
0.17339423
0.04889976
-0.34949386
-0.30372298
0.008426007
0.15012217
-0.4465201
0.2197395
0.14173798
0.027222559
-0.302396
0.12479299
0.026647745
-0.04177143
-0.01912781
-0.18009454
-0.13141258
-0.043880403
0.23025697
0.07273674
0.07858605
-0.8100899
-0.48533535
0.008113205
-0.36118233
0.0047659287
-0.34229794
0.9661919
-0.031375766
-0.110869095
0.21620776
-0.16756454
0.03501934
0.8188247
-0.3685742
0.67068046
-0.19494747
-0.5447145
0.058080513
-0.03921217
-3.1429598
0.3155878
0.14166342
-0.03591931
0.008407514
-0.7280919
-0.15433496
-0.26644453
0.643837
0.2096587
0.21161923
-0.71457183
-0.16752276
0.050197564
-0.69683254
-0.12289558
-0.75494903
-0.1721299
0.31091794
0.29304776
0.56765425
-0.13510157
0.28179893
0.3670921
-0.13353416
0.28075823
0.26874268
0.49022302
-0.20940174
0.7181299
0.018493684
0.4040265
0.07540705
0.18073454
-0.2743257
0.5216917
-0.288929
-0.17337653
0.10891628
-0.09093236
0.026948882
0.96172446
-0.21590303
0.32284096
-0.52784353
-0.28517008
-0.12567778
-0.2091493
0.91294426
-0.082453795
-0.7187595
-0.29985285
-0.27746424
0.26900434
-1.1271478
0.10200639
-0.17713872
0.15317161
0.022184417
0.00941664
0.5090242
-0.10814802
-0.14164202
-1.8667076
-0.5010207
0.19349015
-0.08675424
0.25506508
-0.49487743
0.4919845
0.115418784
0.22877981
-0.42721316
-0.052027203
-0.37576896
-0.050400883
0.05482229
0.28599688
0.8259184
-1.0087553
0.17843445
-0.55252343
-0.13513589
-0.09483864
0.20713738
-0.040551405
-0.14305979
-0.7299215
-0.24053578
-0.22160052
-0.2036938
0.27431253
0.025355961
0.13566276
-0.3910977
0.2013551
0.30065036
-0.14020443
0.64325076
0.0045836866
0.4518804
0.056762207
-0.19068044
-0.051888138
-0.5933079
-0.43797266
0.24008779
-0.4532273
0.044460773
-0.13502298
-0.07673907
0.3041827
-0.30766943
-0.18987231
-0.16980232
0.2530876
0.2107116
-0.02793902
-0.06571077
-0.0758892
-0.8587915
0.29249683
0.64041233
1.4181107
0.27718642
-0.21016663
-0.07080503
0.077915706
0.16668966
0.056851022
-0.1225604
0.3677541
-1.354929
-0.71066755
0.2442868
-0.061937984
0.052714005
0.14069623
-0.016299399
0.44867253
0.31572616
-0.0025200997
0.29194534
0.33325255
0.09103275
-0.00239729
-0.032125097
-0.122211665
-0.09641579
0.6610017
-0.6459645
-0.41350237
0.35714832
0.35463098
0.07422558
0.38970116
-0.26996544
0.9084486
0.10339287
-0.16000862
-0.0764181
0.3197381
0.06743318
-0.3435887
0.42044878
-0.18130931
0.31400836
-0.15321185
0.34018686
0.17464118
-0.38955534
0.666964
0.269682
0.0156106595
0.3427022
-0.27366462
-0.056345224
0.106896095
0.26575607
-3.2180188
0.036070865
-0.18034077
0.03925145
-0.71265984
-0.14706276
-0.29917046
0.18477947
-0.18233976
-0.4325711
0.2474024
0.47453532
0.052067608
0.43505213
0.11723007
0.41624907
-0.08821773
-0.06812481
0.10542298
0.21367124
-0.35944867
0.80390954
-0.51834816
0.029991891
0.015966358
0.6495136
-0.21616654
-0.087781765
0.41431102
-0.0567162
-0.19825697
-0.99815524
-0.4121917
-0.31429747
-0.20511301
0.7526615
-0.04749787
-0.90094143
-0.0968266
0.24877115
0.035832107
-0.19178699
-0.43331784
-0.3368212
-0.093147606
-0.29614303
-0.3213878
0.19874533
0.9287871
0.08477184
-0.0048102695
-0.21546932
0.116427384
0.46600223
0.29615253
-0.15975404
-0.17539336
-0.040709198
0.352192
-0.04928044
0.040777758
-0.2484538
-0.33563578
0.2320163
-0.31466016
0.06101187
0.034034014
-0.0640161
-0.09998212
0.6761963
-0.1347399
-0.24044141
-0.27583706
-0.30908757
-0.043186035
-0.11494691
0.21837729
-0.09617145
0.1029578
-0.03807451
0.16865578
-0.0648321
0.035926335
-0.23582608
-0.11434586
0.14399372
-0.032637943
-0.52812064
0.022188645
-0.11450884
0.3033095
0.014928297
-0.33408713
0.106586374
-0.09615476
0.22854136
-0.4277935
-0.31352958
0.6646809
-0.23922282
0.013508854
-0.46824923
0.2971462
-0.015211612
0.14946765
-0.11066525
0.11817983
0.11428783
-0.2708592
-0.24201684
0.25931513
-0.07015047
0.074508995
-0.27772787
0.23364364
0.3114846
-0.0025686016
0.25909004
0.11630283
0.39169815
0.5971292
0.3852258
-0.24532606
-0.2828641
0.23036136
0.059050012
-0.049540915
0.6442928
0.12395406
-0.33831015
-1.4033681
0.10540497
0.11332926
0.5826671
0.036305044
-0.22690028
-0.19542643
-0.34886682
0.8676538
0.26427108
-0.21909028
-1.2439432
0.12140683
-0.43491802
-0.069490984
0.874825
-0.36541083
0.27657947
0.18194166
0.23884836
-0.16528009
0.2247526
-0.40916443
-0.23234919
0.18716435
0.024210136
0.08139181
-0.27193418
-0.2850697
0.13200228
0.31030416
-0.025796056
0.19953817
-0.4486657
-0.6754796
0.28154212
0.24110888
-0.1209513
-0.17363685
-0.11025542
-0.3589684
-0.41480395
0.14525624
0.45148972
0.12922592
0.20506617
-0.090989225
-0.054988585
0.37995073
-0.21685813
-0.49052405
0.043050148
-0.1745574
0.004899358
-0.13032487
0.29397848
0.2627773
-0.5165934
-0.16885442
-0.29728436
0.0008200306
-0.07507089
0.0993312
0.11290171
0.29902938
-1.521801
0.39189303
0.11093733
0.41396198
-0.18819284
0.040800724
-0.0045854393
-0.1400379
-0.103025086
-0.06653839
0.08670503
-0.2795353
-0.28454778
-0.7583155
-0.09969489
0.14466594
0.101699516
-0.19255039
0.36608756
0.13107046
-0.25812685
-0.23607484
0.27882057
-0.032501224
-0.18712887
-0.06329144
0.10868206
0.4286679
-0.06321445
-0.0851351
0.4191792
0.6865949
0.20488593
0.3475354
0.16348422
0.07362514
-0.040234476
-0.30162302
0.276237
-0.3546972
-0.27765822
-0.22595266
-0.3463478
0.0131992325
0.17846505
0.12300908
0.07307347
-0.40223637
-0.30066437
0.1062573
0.058663316
-0.32717758
-0.22059713
-0.35106367
0.19368373
-0.32224464
-0.120837085
0.35187107
0.49158213
-0.068836026
0.21381077
0.23760796
-0.2555692
-0.13467327
0.041304864
0.10278941
-0.5688124
-0.133067
-0.09036105
-0.15133402
-0.1586421
0.1596928
0.20454285
-0.018011546
0.21511912
0.3163841
0.07560956
-0.29579535
-0.17063668
-0.26174948
-0.39514711
0.042933166
-0.08796168
-0.34589222
-0.147353
-0.33690563
-0.24621601
-0.03846887
-0.032552175
-0.2853005
-0.23100682
0.16987835
0.083695926
-0.035689812
0.10812789
0.13706036
-0.31650415
0.14414434
0.19447613
-0.008320662
0.23563269
-0.22950113
-0.05190344
-0.23982008
0.05617289
-0.24447685
0.24980257
-0.17292315
0.34978053
-0.35604796
0.4055461
0.064142145
0.2225949
0.052127987
0.29668203
0.13272612
-0.26614535
0.25273803
0.3272618
-0.28288314
-0.20019045
-0.17590392
0.49398524
-0.19155309
0.05221477
-0.24918826
0.10563575
-0.25625575
0.0049379165
-0.18081309
0.25910625
-0.1515764
-0.09418278
-0.06253234
-0.0007275343
-0.16701984
0.46450827
-0.039563708
0.22395779
-0.11706779
0.5646722
0.17250456
-0.23260805
-0.10054596
-0.28508496
0.23384058
-0.3241164
0.27967915
-0.2821995
0.25834832
-0.060491215
0.11176459
0.2991177
0.52898645
0.012459787
0.07709128
0.17761941
-0.09647471
-0.3270235
-0.0039420486
-0.017051272
0.12766165
0.14140828
0.019341616
-0.08944369
0.12732334
-0.19821413
0.10552719
0.056392428
-0.10798847
0.34329107
-0.4085225
-0.07113171
-0.23178881
0.23653208
-0.23866634
0.2982204
0.250508
-0.28990376
0.16415435
-0.2328614
-0.054051332
0.18650973
0.21680962
-0.21913591
0.14733765
-0.23836802
0.19879349
-0.14023493
0.08418718
-0.3508739
0.36231652
0.12927374
0.26795903
0.038358927
0.27670878
-0.004439144
-0.044924848
0.19764316
-0.16731672
-0.013642705
-0.12214054
-0.18955143
-0.20097138
-0.35374704
-0.34333307
0.3690958
0.4130036
0.09110039
-0.33852753
-0.2764548
0.28587592
-0.068213664
-0.2463042
0.026031315
0.026116107
0.42866856
0.051355872
0.15375778
-0.18732795
0.1954034
-0.21919459
0.2693641
-0.80254555
-0.052321717
-0.25311133
-0.15121903
0.44932318
0.38243502
-0.15838166
-0.06780079
0.14121567
-0.047935665
-0.3347785
-0.18439372
0.11054831
0.092117414
-0.046379752
-0.26879627
-2.4645193
1.1707125
-0.16455714
0.29264665
0.32068196
0.12347903
-0.24591944
0.35049924
0.18431966
0.13049708
0.30352145
-0.1380327
0.26477778
-0.1002602
0.3195457
-0.038952947
-0.3234049
0.03171352
-0.13235576
-0.16074215
-0.4518595
-0.13959977
-0.0022970082
0.24431854
-0.65408
0.20743716
0.2375433
0.2889796
-0.082356036
0.16711575
-1.3746812
-0.41003433
0.6249477
0.31803137
-0.2169653
0.022995349
0.1292602
-0.2688719
0.13550825
-0.00080293417
0.5295487
0.26326573
0.29488027
-0.05607053
-0.23320997
0.13856985
-0.3280117
0.22481108
-0.07390298
0.08263711
1.1649079
0.09404212
0.3114555
-0.020107029
0.15437889
-0.1485289
0.46481654
0.026485547
-0.6716258
-0.013596254
0.027568609
-0.14376639
0.13138603
-0.5285079
-0.12950785
0.5149893
0.2975008
-0.40966606
0.78728956
0.19580574
0.06378305
-0.13204981
-0.105364986
0.019668309
0.3574974
0.061812293
0.020463884
-0.017684493
-0.15387034
0.2539935
0.54657954
-0.3396414
0.27200228
0.040123805
0.32047784
-0.89039546
-0.12471075
-0.3355878
0.0316244
-0.23070835
0.30193996
0.7157842
0.03548962
0.23351744
-0.017213656
-0.25087214
-0.23469184
0.20737113
0.32717854
0.31427225
-0.23817657
0.06280428
-0.089537136
0.45987895
-0.84156466
0.13626654
-0.037583787
0.12399495
-0.38216683
-0.027632453
-0.21586278
-0.10581899
0.031287905
0.34002334
0.26680803
0.0471093
0.11326477
-0.09557133
0.03556372
-0.2013627
0.309611
0.28191075
-0.13911085
-0.95380086
0.16336171
-0.36684346
0.63322073
-0.23493749
0.28235123
-2.2878883
-0.3196873
-0.13005213
-0.020687172
-0.18457802
-0.22343145
0.11818576
0.04833068
-0.08708933
0.037527364
0.09856698
0.09945055
-0.37339842
-0.022946928
-0.101825476
0.4667636
-0.2541998
0.092350125
0.059832167
0.043630958
-0.15843664
0.3450689
0.05658438
0.037416257
0.10842189
-0.45636383
0.33714446
-0.12191758
-0.41795787
-0.26785174
0.19373047
-0.028097041
-0.06542396
0.22557557
0.075606726
-0.03183806
-0.075318396
0.120015495
0.17171861
-0.007189492
0.022529902
-0.27027556
0.26334274
-0.05455795
-0.1748152
-0.16334128
0.008436054
0.007076031
-0.9173311
-0.16633369
0.0052810027
0.11133991
-0.15464199
0.29180902
-0.6077124
0.09199399
-0.17826389
-0.26177397
0.1690906
-0.2839632
-0.082594275
-0.03584753
0.016538316
-0.39678267
-0.05782534
0.10547947
-0.21639332
-0.09880382
-0.056202434
-0.12619452
-0.30965248
0.07638033
-0.044548664
0.063801736
0.94326645
-0.2889522
0.19865438
-0.17042342
0.019274313
0.08923846
-0.084620014
0.34079975
-0.11962714
-0.16107927
0.026556429
0.19251831
-0.14946812
0.14147869
-0.10461913
0.20953721
-0.30923566
-0.6812572
-0.26552778
0.055809524
0.3367972
-0.08189976
0.24735548
-1.8928772
0.069945514
-0.21658064
0.25015846
-0.15453602
-0.3370831
-0.039264403
-0.6125131
0.19122033
-0.41254476
0.38747844
-0.4294433
-0.061383963
-0.5391719
-0.050204385
-0.23146895
0.07892116
0.42875952
0.002191655
0.7635656
-1.1293715
-0.07444402
0.010786335
-0.39649168
0.52297467
0.7308371
0.68207765
0.38043055
-0.48729908
0.105282634
-0.23821846
0.27771354
0.121606015
-0.48467618
-0.023987208
0.084688336
-0.08024643
0.16991442
-0.14877662
-0.16403718
0.09839139
0.4264134
0.017197879
0.24208409
0.49487308
-0.04901938
0.03059526
-0.1014833
-0.40629423
0.14054687
0.36373934
0.13303761
0.3404634
-0.30063027
0.017886147
-0.44338897
-1.5060542
-0.32196987
-0.13444021
-0.14961226
0.13073568
0.0386287
-0.06170808
0.11826957
0.12662688
0.36255977
-0.115032956
0.0040887417
0.0874486
0.18602979
0.14522763
0.29646993
-3.829633
-0.045112345
0.43528754
-0.047319837
-0.30612132
-0.6038613
0.11291276
-0.017174954
0.45357627
0.025501864
-0.22313829
-0.02620001
0.2239657
-0.23755237
0.07285592
0.22774774
-0.17282933
-0.6306759
-1.5670615
0.3402974
0.098240174
-0.04978396
-0.17468761
0.06834583
-0.2833339
0.0642152
-0.09331733
0.08810339
-0.3413306
-0.026830368
0.060867652
0.15556669
0.31295127
-0.33539757
-0.08877854
-0.28392327
0.008469519
-0.09167427
-0.044688035
0.04307146
0.13824423
0.34358522
0.22642626
-0.073734
-0.027954252
0.25643092
0.3173138
0.14912224
-0.1471667
-0.07141231
-0.03764647
-0.089656085
0.22187679
-0.13475601
-0.17190853
0.015822278
-0.26573762
0.21783742
0.06592807
-0.35155466
0.21475117
0.04009098
0.02180018
0.11970936
-0.2365765
0.017917857
0.0024735683
0.055629198
-0.42649537
0.3390315
0.1946239
0.054453734
-0.2667972
0.21605074
0.37825897
0.11672134
0.020792525
0.12019634
-0.119688444
0.12469371
-0.21050903
-0.07189913
0.0065902295
0.11425282
0.44393212
0.03336686
0.13598081
-0.2882519
0.10827937
0.48647407
-0.17344514
-0.1831797
0.30463916
-0.21731038
0.06272216
0.14457561
-0.017305998
0.1305664
-0.004437375
0.09205049
-0.0021835752
0.28817445
-0.14135322
-0.2703161
0.15521893
0.118533015
0.07513835
-0.23881622
-0.13470843
0.031211691
0.11325707
-0.002854221
0.21533619
-0.008777601
0.09301206
-0.27608475
-0.1432424
-0.14964621
-0.079531886
-0.11796927
0.21185483
0.057947002
-0.27186096
1.0242194
0.42262748
-0.18089731
-0.15445943
0.3161713
0.4435489
-0.11096635
0.2255594
-0.106978215
-0.3694893
0.11863502
-0.3920319
-0.23739204
0.38804635
0.40940863
-0.4317792
0.0067903465
0.084970646
-0.41273153
-0.05187425
-0.020517312
-0.20373519
-0.017856048
-0.24792191
0.36812624
0.19882905
-0.58633476
-0.32285157
-0.6098307
-0.23729552
-0.119086094
0.39106727
0.09453007
0.19793208
0.20680368
-0.06619204
0.1660569
0.34163997
0.0105124805
0.21190837
0.59557325
-0.1836077
-0.10443833
0.39950788
-1.0543735
-0.14165793
-0.0525079
0.3010337
-0.26251394
-0.147034
-0.04171762
-1.0351018
0.050868105
-0.03816043
-0.26278815
0.25229955
0.16617894
-0.6009851
-0.057169307
0.35602877
-0.14261527
-0.054661714
0.20535205
0.16154742
-0.18575554
-0.5630998
-0.38563722
0.29679048
-0.23440848
-0.57555497
0.10773142
-0.3847107
0.11107319
-0.07193408
-0.1651188
-0.16675116
-4.9982133
-0.03492163
0.031176653
-0.260305
0.08622718
-0.088190295
-0.026725918
0.02844049
-0.062113434
-0.1357048
-0.033114202
-0.030719135
0.078691006
0.4556095
0.19557437
-0.10318368
-0.11909438
-0.09933256
-0.21753298
-0.21801157
-0.6384327
0.5361346
-0.06513476
0.040249713
0.15761067
0.38270393
0.0006562661
-0.29841813
-0.17176327
-0.048501894
0.06689744
0.119692065
1.002689
-0.020564903
-0.3249969
-0.33458272
0.3656654
0.07036194
0.007323255
0.104031585
0.111388646
-0.08542586
-0.18586013
0.021305876
-0.16081782
0.2096307
0.019767089
-0.3272586
-0.08107329
0.19911325
-0.10451047
-0.06149072
-0.22948974
-0.3099452
0.034452394
0.3469864
0.28428346
-0.15644102
-0.20274673
-0.12225
-0.29879758
0.24380329
0.04995109
0.078002915
0.039221186
0.2727431
-0.038892325
0.009423107
-0.02971147
-0.009222388
-0.011797324
-0.10356209
0.3470028
0.03477353
-0.8387128
0.577144
0.21449244
-0.12394606
-0.10097636
0.08469068
-0.3250389
0.86745924
0.11432066
0.19238931
0.1680964
-0.07895612
0.87843025
0.27471125
-0.23035681
0.28612065
0.44732553
0.34792396
-0.21102384
-0.31548455
-0.064727575
-0.25529104
-0.14169428
-0.16903052
-0.10896327
-0.3246041
-0.45036742
-0.033546716
-0.1890107
0.122175485
-0.08510901
0.13362212
0.1724847
0.34539843
0.025021242
0.14589506
0.25453228
-0.4042234
0.2789104
0.27491665
-0.28001374
0.30878136
-0.15747848
0.2393454
0.09916648
0.2414242
0.1459763
-0.05589731
-1.2129467
-0.07737884
0.07259902
0.18301143
-0.33968902
-0.9557458
-0.09185374
-0.07477239
-0.33216363
0.17576641
0.15860254
0.3566919
-0.69420964
0.3738286
0.21188009
-0.12325452
-0.27596736
0.046801377
0.0019770125
-0.05298733
0.31713533
-0.33468524
0.20595896
0.004331708
0.10970982
-0.3085483
0.3160034
0.27752328
-0.20770884
0.10983553
0.03906677
0.095304966
-0.015531421
-0.13497363
-0.2563213
-0.08720198
-0.30809554
-0.09590991
-0.034608454
-0.33422086
-0.4756379
-1.2087879
0.33804876
0.33637422
0.5649577
-0.25950375
-0.06441072
0.26362807
0.14805196
0.13693134
-0.18769108
-0.18904348
0.23347007
-0.33940983
-0.045348365
-0.169662
0.68393075
0.1150603
-0.20195112
-0.006216368
-0.1519866
0.12550883
0.040812053
0.1570273
0.25114262
-0.049223512
-0.23425533
-0.05742863
-0.05154516
-0.2791042
-0.26111436
-0.15475672
0.83450836
0.051930886
-3.0297227
0.26479042
-0.14224029
0.2141956
0.22215468
-0.71004707
-0.6831469
-0.36795115
-0.35431242
0.28707793
0.14749551
0.08143065
-0.036514692
0.10522875
-0.03565585
-0.46329543
0.1476512
-0.28253007
-0.09085208
-0.2637719
0.14224517
-0.22602946
-0.3026894
0.21574426
0.28385884
-0.32401595
-0.003270179
0.22081655
0.32641822
0.08464522
-0.2565519
0.06793247
-0.25933596
0.90323025
0.23594871
0.035607535
-0.10401288
0.36201465
0.30908298
0.21234359
0.054411694
-0.19419679
0.14272419
0.03474476
0.24692865
0.14609689
-0.10364445
-0.2002099
0.03913967
-0.32749584
-0.109339
0.16871229
-0.19613099
0.1403262
0.22805598
0.47849792
0.0028449297
0.15650865
0.08627839
-0.43786258
-0.238293
-0.26444408
0.514459
-0.22783895
-0.003727575
-0.10792631
0.07108995
-0.030528693
0.20965055
-0.06760743
0.08483696
0.052873995
-0.0028080994
-1.3107066
0.025904784
-0.074388355
0.13035399
0.08171741
-0.03544566
-0.2910186
0.108933
-0.20426261
-0.08873299
-0.24501717
0.23851544
-0.20404181
-0.23026922
0.6634109
0.010751804
-0.11273062
-0.022775507
-0.19849661
0.32001588
0.26431414
-0.07880444
-0.24268982
0.19648741
-0.08632588
0.053456817
0.118094824
0.2861366
0.16375639
0.67283344
-0.27135396
-0.1300426
0.038381606
0.035099298
-0.06508034
-0.04337868
-0.2384178
-0.18999726
0.27552927
0.1957711
-0.04392606
-0.057932988
-0.13552827
-0.032767836
0.021346688
0.19864818
0.07293549
0.026936619
-0.27579612
0.16163391
-0.10604911
0.063971356
-0.19952287
-0.05121082
0.06289731
-0.25454193
-0.059095435
0.27779064
-0.183995
0.15070905
-0.28239614
0.03963153
-0.01801331
0.24112923
-0.008053645
-0.15884992
-0.45197442
-0.13441963
-0.04281807
0.12213554
-0.24612889
-0.3021344
-0.36470708
-0.11409737
0.08177484
0.44836172
0.22930744
-0.1267992
-0.372301
0.34275025
0.02794111
-0.46552238
0.4292842
-0.5067151
0.50872993
0.28318524
-0.10931099
0.3026586
-0.21721666
0.16940337
-0.12815376
-0.06306961
0.04479518
-0.098631695
0.10424076
-0.3261724
0.047432628
-0.31909183
-0.27937505
-0.075861216
-0.20815231
0.5551201
-0.028760001
-0.15809892
-0.37948602
-0.21793212
0.01964665
0.25528294
-0.561727
0.005862659
-0.09737467
0.092779554
-0.04656291
-0.14351285
0.46381563
0.37399662
0.039951183
0.081975736
-0.08902218
-0.23689038
-0.367972
0.17695235
0.10011277
0.011098327
-0.00197519
0.005040914
-0.25337505
-0.036025647
-0.20620134
-0.33907923
0.065080434
-0.03435341
0.26380244
-0.15913855
-0.059258994
0.1531149
0.29577476
0.122473165
-0.11257133
0.10800094
-0.13190317
0.14145145
0.1007756
0.072926596
-0.19056904
0.10147089
0.1855768
0.0233482
-0.38241056
0.040371764
-0.30659616
-0.2553591
-0.044220224
-0.17051728
-0.09878684
0.14166652
0.112758994
-0.21684602
0.14673766
-0.01361602
-0.0060563684
-0.022992423
0.15339111
0.22279
-0.2821572
0.023826329
0.30655393
-0.090356864
-0.05472576
-0.1690274
-0.02798658
0.054985914
-0.0050107324
-0.101007245
-0.23287128
0.36280432
0.034436453
0.07501929
-0.14335962
0.07575439
0.112659276
-0.34370226
0.25372458
-0.38284335
0.25138202
-0.06436336
0.38084853
-0.18312924
-0.058843497
0.312991
-0.15273307
0.16871934
-0.11646578
-0.07402526
0.08754844
-0.3400761
-0.23847489
-0.1843401
0.08172618
0.033244714
0.30988637
0.072658345
-0.2716499
0.54689986
0.23971371
-0.006718422
0.5441254
-0.43471554
0.010738113
0.32949162
0.10211073
1.347265
-0.015853314
0.31064114
-0.15534325
-0.12982975
-0.3425795
0.102362484
-0.075402506
-0.08407971
-0.200011
0.067319244
-0.07726737
-0.062359214
-0.15328605
-0.38617444
0.24096517
0.19372034
0.34556615
-0.10605189
-0.1546447
0.48372537
0.47059393
-0.11533259
0.19089857
-0.22960475
0.13856295
-0.040773444
-0.018828817
0.34506842
-0.0419404
0.36747757
-0.007054688
-0.4405499
-0.12635145
0.213383
-0.16653393
-0.38175017
-0.31909564
0.10727785
-0.08952443
0.3806344
0.38093084
0.38499618
-0.18637402
-0.46122584
-0.5910318
0.22882289
0.12922142
0.35357568
0.13098751
0.14490165
0.39081842
-0.32281044
-0.14364031
0.07975625
0.27569708
-0.28548142
0.054663245
0.18580078
-0.6597153
-0.18003313
-0.25040296
-0.8956218
0.16038121
-0.020344067
-0.23892516
-0.26779476
-0.24227181
0.15155011
-0.045208454
0.2319114
-0.19098583
-0.30058905
-0.8602902
-0.022837933
-0.051722437
-0.035240088
0.06232367
-0.33818337
-0.06361862
0.15648083
0.22400531
-0.052313283
0.29323965
-0.21600719
-0.29342335
0.32342535
0.036823023
-0.45858085
0.2508375
-0.1256246
0.44005018
-0.34598798
-0.43010628
0.051952813
-0.16616327
0.009618264
0.036701996
-0.11462229
-0.12390752
0.057876304
-0.2624145
0.05846414
0.41740638
-0.12206258
-0.21446614
-0.26905647
0.15966041
-0.38592133
0.1633527
0.5232202
-0.16590847
-0.09506471
-0.5507413
-0.47715008
0.03683435
-0.19996655
0.037006103
-0.2989383
0.117193624
-1.0380272
-0.31868336
-0.04155826
-0.41754287
-0.39176768
-0.029242052
0.13205793
-0.25587696
-0.30410123
-0.016881192
0.2684241
0.091650404
0.24264377
0.00044626123
0.2891111
-0.42746118
-0.2689684
0.090600304
-0.2551258
0.050846174
-0.6706631
-0.15778048
0.065825135
0.44117233
-0.09628436
-0.18929373
0.071030684
-0.23022534
0.35872036
-0.26937044
0.0902254
-0.027759567
0.049577724
-0.11497303
-0.6557826
0.13361262
0.14885694
0.0256849
0.030730408
-0.2349689
0.17195824
-0.19271865
0.31103534
-0.02505386
0.039982818
0.23459701
0.024468327
0.39022398
0.18903196
-0.42680484
-0.34270263
-0.20349607
-0.13888496
0.053706
-0.004577379
-0.4127043
-0.060044818
0.029478073
-0.03541373
0.01681003
-0.26464355
0.61246926
-0.15247267
-0.33811978
0.020258913
-0.14646918
0.30992636
0.11335158
-0.24579348
-0.038978964
0.37152833
0.07332671
-0.11980551
-0.08980268
0.4787027
-0.24957334
-0.09985784
-0.3518346
-0.15542398
0.40746492
-1.636984
0.22943147
0.42033884
0.052010793
0.22711092
0.2548097
0.13075337
-0.16870722
-0.08843492
-0.12724307
-0.23866525
1.8309321
-0.20511214
0.11134048
-0.32667008
-0.21994509
0.20438254
-0.015207941
-0.18944375
-1.4883708
-1.7138904
0.34753272
0.2164802
-0.239416
-0.2284743
0.20339276
0.016030103
-0.6056164
-3.3370988
-0.48446953
-0.67102766
-0.91328996
-0.2822858
-0.42711467
0.32044137
-0.20207925
0.17718528
0.16486986
0.26868385
0.09835489
-0.05916921
0.023765044
0.3478685
-5.8926926
0.34270862
0.10875511
-0.14796779
-0.11711282
-0.2577133
-0.15016922
0.44951275
-0.18966356
-0.15793127
0.24201287
0.14982304
0.1789812
0.12110007
0.25839174
-2.141791
-0.18478495
0.24052523
-0.04696535
-0.058839053
-1.0326383
-0.53206384
-0.16818134
-0.1963791
-0.09785129
0.083369955
0.0011276007
-0.22302192
0.24606054
-0.1539032
0.021769542
0.07281387
0.056169063
0.8858045
-0.24405155
0.067940325
0.83320504
-0.28373644
0.16194668
2.5300045
-2.6054547
-0.27912742
-0.48173502
-0.3643148
0.20453689
-0.027109219
-0.21158594
0.15082766
0.0207628
-0.2424504
0.24915019
0.33975005
-0.24720462
-0.152378
0.12450181
-1.1417757
0.22851527
0.18315321
0.3411907
0.31334183
0.25892377
0.020256419
-0.30710378
-0.97888196
-0.20283405
-0.030867144
-0.019919455
-0.08924893
0.12274068
0.19740386
-0.3060374
-0.39512226
0.17381647
0.4134013
0.10222225
0.18883228
-0.026129695
-0.32466134
0.5062339
-0.09399715
-0.12217848
0.042172097
0.0551117
-0.24499813
-0.9312811
0.06900905
-0.44446665
-0.17229857
-1.3130755
-0.008788043
-0.08227865
0.23833746
-0.011374984
-0.33222413
-0.0880408
0.22990249
-0.11166853
-0.15051472
-0.07437344
0.038648695
-0.4253297
-1.6229625
0.05883721
0.2966829
-0.04167159
-0.95764774
-0.12737101
0.06558273
-0.31100336
-2.2610343
0.17750192
0.064471155
0.050747193
-0.4529705
0.5984083
-0.14643127
0.17084795
-0.01258889
0.033696797
-0.07408089
-0.28019202
0.17105354
0.022323001
0.12639016
-0.061351378
0.31890094
-0.19315568
0.7886909
0.35457113
0.30748802
-0.26711693
0.38659057
-0.11930211
0.29737887
-0.24631713
0.5730249
0.03699868
-0.055158757
-0.0026610882
0.33155084
-0.105027385
0.03584994
-0.18280013
-0.23988983
0.041012987
-0.29963282
-0.17096443
0.099298604
-0.03764438
0.13232236
0.025221204
0.298118
-0.33059323
0.059348352
-0.11933757
-0.0797691
0.23493068
-0.28422803
0.22784604
-0.07303312
0.58682287
0.8647527
-0.06385508
-0.64566237
0.03143853
-0.25892344
-0.41758642
0.5922635
0.5235983
0.28166527
0.10634707
0.06722116
0.093913734
-0.12591542
-0.13399018
0.118116
-0.09358318
-0.061623715
0.1384044
0.15092587
-0.31021196
0.2941108
0.13630831
0.29489732
-0.29642937
0.1629679
-0.11120075
0.025763506
0.048436042
0.22765885
0.1373724
0.14312421
-0.061846413
0.6365707
0.57214546
-0.27455905
0.04205097
-0.5449376
-0.34988958
0.038526077
-0.01918226
-0.048290472
0.13518888
-0.07073623
0.14419593
-0.29174092
-0.24633257
0.22514601
0.64602923
-0.32855406
-0.21620187
0.107961476
-0.010620684
0.13130288
0.37052542
0.4871646
0.14842196
-0.41539887
0.51743376
-0.33212802
0.1750761
0.12797879
0.0466608
0.08946466
-0.13287614
0.4082437
-0.4022328
-0.08720643
0.04728735
-0.31461912
-0.034143455
0.09515059
-0.5366974
-0.23877528
0.028506584
0.17716986
-0.37269434
0.20448609
0.04280909
-0.07449313
0.3049076
0.37027407
-0.017560784
0.111243695
-0.08101413
-0.32969686
0.060169477
0.50254655
-0.21507579
-0.012121648
-0.13415979
0.006340787
-0.09373624
0.26342797
0.15424758
-0.13433105
0.09462968
-0.023372356
0.14741768
-0.04186526
0.17967933
-0.35200334
-0.0007071896
0.09687793
-0.4326913
-0.4694049
-0.15903005
-0.2184712
0.11390752
0.20597938
-0.22103743
0.044592362
-0.22590964
-0.003577028
0.34270984
-0.10968073
-0.01912876
-0.29047054
-1.1931517
-0.41948384
0.1615647
-0.046982996
-0.11422679
0.14652203
-0.15448985
-0.25962013
-0.38562673
-0.041895572
-0.5618763
0.06522221
0.026487587
0.102065705
0.25613588
-0.16205561
-0.049565196
-0.5057795
-0.21257424
-0.057528503
-0.050855
0.18671878
-0.025092702
-0.24154651
-0.16328149
-0.14613001
-0.20051457
-0.09551783
0.27037197
-0.03192901
0.1767167
-0.1942821
-0.26825613
-0.08198819
-0.03057626
0.10153846
0.08664043
0.3340009
0.096212454
0.23489924
0.10061399
-0.10258915
0.06547619
-0.41739485
0.0058584334
0.24996293
-0.1856854
0.05854894
0.37630743
0.40892878
0.21245648
-0.21405795
-0.25724807
-1.3244867
0.38418347
0.08275503
-0.2402213
-0.0427753
0.20407993
-0.1310193
0.40154964
0.32729858
0.10916037
0.15033811
-0.065497704
0.32976437
0.0471372
-0.14836015
0.19270492
-0.026766576
0.12275307
0.10072887
-0.08510839
0.06958977
-0.004612445
-0.021312967
0.051095933
-0.2851673
-0.13878024
0.41235003
-0.15291645
-0.22318135
0.011207006
-0.0019357152
0.23566903
0.07777327
-0.077959284
-0.18114361
-0.29678348
0.055888753
0.0039859344
-0.3121714
-0.18697642
0.19496772
0.19157071
0.9724385
0.10006346
-0.1910238
0.1144825
0.32916665
-0.257342
0.3216834
0.49605283
-0.044710033
-0.13207701
-0.2772182
0.08803175
-0.3825928
0.28136015
0.0056866547
-0.12594911
0.070032574
0.0010481769
-0.043690752
-0.29846537
-0.32276303
0.035570554
0.1701396
0.19712897
0.46781945
-0.45734802
-0.3504529
-0.14399385
0.053845372
-0.19061409
0.12871072
0.24476111
-0.008209606
-0.046047434
-0.26253325
-0.42542678
0.22548793
0.20626538
0.15473607
0.29765522
0.25379363
0.17544667
0.49857742
0.14458606
0.5681454
-0.18549271
-0.061861355
-0.13739198
0.31415445
-0.22931525
-0.38939524
-0.107069656
0.016666485
0.011859685
-0.087098725
0.2351081
-0.18275748
-0.15107435
-0.033084705
-0.23804532
0.10253044
0.07456405
0.11503601
0.18036355
-0.15497395
-0.17167836
-0.10473838
0.11673969
0.039187312
0.1884669
0.23752578
-0.26788718
-0.016536627
0.32644442
-0.22698171
0.23056716
0.01695583
0.18043981
0.1069301
-0.21494374
-0.068067074
0.02679806
-0.035698295
-0.22965623
0.1392057
0.09549935
0.16760327
-0.12156658
0.047760643
0.15324077
-0.11678636
-0.060858108
0.36110613
0.09178814
-0.17952207
0.020063562
0.12199522
-0.07181661
0.4508492
-0.052144885
0.17204462
-0.18059707
-0.13592276
-0.05599654
-0.05532896
-0.09933538
-0.23126778
-0.3055941
-0.38999143
0.058460116
0.00079602003
0.2641568
-0.013772905
-0.5129076
-0.22352354
0.20099244
0.30478364
-0.34444702
0.19151868
-0.47627684
-0.114423245
0.27009133
0.16042264
0.2283109
0.30847308
0.18988216
0.010969102
-0.08348947
0.057449915
0.16718966
0.22283292
0.08643856
0.040436123
-0.10459818
-0.14925447
-0.4049004
-0.18739027
-0.3231239
0.044720475
-0.0446308
0.31158715
0.148255
-0.16124275
0.08136066
0.22230028
0.11746877
-0.23157994
-0.03767384
0.37015647
-0.35702837
-0.08591947
-0.3766198
0.34678307
0.18297534
0.27262
-0.23316294
0.09614104
0.08276426
-0.13778561
-0.26309097
-0.12501177
0.11135349
0.36814076
-0.39260596
0.21391419
0.018278377
0.35141072
0.014841644
0.16268057
-0.025479615
0.1584981
-0.14557654
0.25065118
-0.26527396
-0.18550073
-0.12923579
-0.13566692
0.15077603
0.609562
-0.29842713
-0.628684
-0.016402954
0.25188166
-0.84272015
-0.3146203
-0.21139665
-0.43269905
0.47062424
-0.2750219
-0.09975227
-0.26209325
0.039216448
0.03431502
-1.2177005
0.057671778
0.51763463
-0.10972449
-0.2734015
0.3284098
0.5165312
-0.26339364
-0.09406126
0.2573665
1.0732735
-0.45876876
0.9465535
-0.20836733
-2.018909
0.38660693
-0.14409748
-0.23352084
0.8333793
0.6411434
0.36563417
-0.94605184
-0.06241677
0.7598156
0.4063737
0.23596674
0.44469792
-0.5329692
1.607962
-0.288528
0.2819502
-0.0036746697
0.07238733
-0.6940337
-0.45323583
-0.018436149
-1.3344812
0.29719782
-0.57664436
0.005657375
1.0490937
0.91321445
-0.35586697
-0.30927965
0.48370188
0.44590327
0.22282249
0.1495944
-0.9069493
-0.45217678
0.7703376
0.9324166
0.5798421
-0.14954889
0.90129054
0.31387135
0.4627526
0.30827764
-0.3131961
-0.19546814
-0.14335667
0.031654865
-0.20597887
-0.15462196
-0.14352675
0.2642572
-0.2732669
0.31280923
0.16355568
0.6231137
-0.35448763
-1.6666038
-1.1393293
1.0917306
-1.2909831
-0.15798993
-0.20983088
-1.9322373
0.192271
-2.104835
0.13024288
0.4998467
0.26398164
0.56594604
0.13976806
0.52448046
-0.041448265
0.20576467
0.30595252
-0.022431
0.41504616
-0.23880132
0.2672263
-0.17986894
-0.5209971
0.16258062
-0.33965507
0.46196795
0.027639955
0.33625942
0.22601181
1.165573
0.12034388
0.37721002
-0.2971859
0.2626071
-0.15715373
0.2852182
0.2706281
0.112653345
-0.12216418
-0.84754276
0.29923812
-0.015475433
-0.033815444
0.06595764
0.4414655
0.20809479
0.41202587
0.61394066
-0.10591123
-0.06947739
-0.00215274
0.116371974
0.34016448
-0.08972439
-0.23825176
-0.4340227
0.106058426
-0.17198177
-0.7589097
0.071708344
0.080131166
-0.06449991
0.3477235
-0.046111386
0.6115598
0.2027725
-0.042268418
-0.5475465
-0.25269115
0.36100936
0.23541477
0.039862864
0.20287126
-0.16109647
-0.5851337
0.19828087
0.035515677
-0.019709498
-0.41608694
0.07592573
-0.27029335
-0.26704136
-0.24780758
-0.08661137
-0.17471205
-0.16431907
0.074368805
-0.1994964
-0.2850693
-0.4698437
-0.061366387
-0.20727362
0.01754148
0.33167157
-0.43622267
0.062769756
0.45149887
0.009217924
-0.05969752
-0.02759853
0.13646711
-0.18583071
0.1867447
-0.14064741
-0.8932739
-0.18671858
0.13791652
0.35054326
-1.3663334
-0.19580437
-0.1679376
-0.027000839
-0.09511031
-0.17644304
0.22849691
-0.07759273
0.13845575
0.16255507
0.5551723
0.07041778
0.25297302
-0.3460038
0.24996138
-0.17013508
0.3279203
-0.048751675
-0.007093565
-0.04940753
0.44783834
0.18375266
0.36053637
0.33946577
0.16542016
-0.43400884
0.16691089
0.114260115
0.032259755
0.024235109
-0.556835
0.20722167
0.25722784
-0.098464094
-0.51628786
0.39724076
-0.006932646
0.39176768
0.23849678
0.2118565
0.19484061
0.34994712
-0.29426855
0.11435493
0.071468055
0.2354731
0.25867435
0.17699467
0.10819111
-0.1868901
-0.04596479
0.08520198
0.04310465
-0.18618365
-0.14495702
0.3593377
0.18719292
0.02457865
-0.11140381
-0.09665969
-0.11344882
0.14392385
-0.09701958
-0.19378847
-0.047557972
-0.07428365
-0.22518843
0.30464655
-0.19657809
0.05707904
-0.32304138
-0.10531861
0.1393659
-0.1606938
0.32332665
-0.069720335
-0.07487041
0.1907244
0.44269922
0.1490199
-0.14616525
-0.20168918
0.21205138
-0.16228497
0.03108505
-0.28562132
-0.02244747
-0.2630465
-0.3133382
-0.22109005
0.013098675
-0.03231413
0.20864213
-0.2503147
0.24575813
-0.31616643
-0.334258
0.29923004
-0.06565172
-0.043601334
0.21780878
0.079837695
0.026415505
-0.015815765
0.21766251
-0.06309924
0.11001945
0.065230995
0.0781155
0.01591254
-0.16663423
-0.011272306
0.3405168
-0.17285325
-0.2703992
-0.356119
0.026317079
-0.42091578
0.05843539
-0.045504265
-0.13092473
0.20001553
0.21078384
0.33763698
-0.53136194
0.28988913
-0.087698616
-0.20711273
0.23475575
-0.13560767
0.15031025
-0.011773145
0.3567349
-0.45338833
0.048292395
-0.16164619
-0.31651247
-0.2195395
0.32477733
0.45353895
-0.0001339723
-0.10544327
-0.13256365
-0.10096975
-0.38547286
-0.24665192
0.26359764
0.23657778
-0.098298386
-0.33829483
-0.07844649
0.33304864
-0.3767855
-0.15299657
-0.1988035
-0.13587493
-0.31822553
0.17211567
0.14125407
0.21909846
-0.28383082
-0.17611031
0.26818785
0.13618267
0.04909739
-0.19316685
-0.36748517
0.17266895
-0.30137286
-0.15394561
-0.13381743
-0.14791477
0.3221133
-0.32098496
-0.019987678
0.22439031
-0.007945673
0.037173092
-0.12230305
0.4220072
0.041783594
-0.13116054
-0.009273672
-0.09704662
0.062418852
-0.20359544
-0.054017298
0.052127797
-0.4461114
0.14196578
-0.24652502
0.36187533
-0.15557896
0.086600944
0.12315066
0.43101695
-0.16768873
-0.33020273
0.03171754
0.42647034
-0.19252709
0.01653067
0.108283736
0.02618698
-0.23347984
0.07612018
0.23366593
0.181016
0.42423883
-0.09013173
-0.16872363
0.10146643
-0.2000137
-0.1020091
-0.0457845
-0.022968598
0.3510191
-0.2588101
-0.04556399
0.30661935
-0.14063507
-0.35586086
0.13654023
0.2165724
0.10607997
0.2623171
0.3022299
-0.0016876701
-0.15953052
-0.12765974
-0.055133983
0.045327313
-0.23749928
0.16891915
0.12873502
0.4388418
-0.07085182
-0.57608145
-0.015615119
-0.17096283
-0.2723651
0.15748622
-0.189089
-0.027229091
0.53745687
0.2710549
0.19686905
-0.013837094
-0.3096024
0.1370686
0.09626031
0.29110295
0.06527986
-0.19590825
0.077626325
0.004378369
-0.07189017
-0.14291158
-0.20314692
0.20309538
0.24929391
-0.17709748
-0.23319109
0.316539
0.17529082
-0.22845374
-0.13866936
-0.33183458
-0.043509223
-0.21664108
-0.22779459
0.069686785
0.11932673
-0.7548698
-0.13740416
-0.40538558
0.23363674
0.004201203
0.109598726
-0.08013394
-0.145904
0.17646545
0.10551019
0.13158375
0.013577257
0.30172002
0.30362853
-0.008870287
0.06622817
0.022518337
0.32697946
-0.01812476
-0.081747554
0.13933603
0.01653999
-0.27138877
-0.14224745
0.0071160705
-0.14182517
-0.2844614
-8.034757e-05
0.09826009
-0.104404084
0.076434515
0.14453307
0.108346544
-0.31581324
-0.052477747
0.24290784
-0.28791913
0.09069527
-0.2880138
-0.25916472
0.13878071
0.35306144
0.041295074
0.30213767
0.051495835
0.3613753
0.20551915
0.12682499
-0.4883493
0.09437082
0.15160629
-0.24482411
-0.5201682
0.2454193
0.17018394
-0.28634885
0.09046653
-0.0072887563
-0.12796152
-0.34399176
0.16710034
0.14024517
-0.1489105
0.24598202
-0.011443913
-0.2545703
0.062412977
-0.32697132
-0.11604135
0.040410485
-0.25599837
-0.0043608504
0.29632834
-0.08776
0.115884796
-0.15153888
0.3544984
-0.39414287
-0.21821514
-0.268733
0.013586968
-0.0885762
-0.34196255
0.089394845
-0.19498205
-0.07623657
0.17815328
-0.11759686
0.06363047
-0.31618997
0.02889619
-0.23062795
0.3791092
0.23986681
0.2396937
-0.26134536
0.2810106
0.073274784
-0.17942558
-0.094525136
0.23332591
-0.22020109
-0.09112101
0.12478231
0.41024083
-0.3559586
-0.15386714
-0.1494517
-0.030013882
0.2585367
0.007602765
-0.06361146
0.053937003
0.15484104
-0.26747614
0.35519817
0.06170927
-0.23690575
-0.20450588
-0.17823294
0.37683624
0.38054484
-0.14594214
-0.15817788
-0.2941302
0.061203867
-0.021267729
0.05990413
-0.30748734
0.3898741
0.15773913
-0.018227428
0.058558404
-0.13442901
0.52852845
-0.9098999
0.3020391
0.2500935
0.10013523
-0.93207055
-0.22629423
0.20424247
0.13534889
0.5578619
-0.53512865
0.5377125
-0.17231955
0.048183385
0.61694986
-0.4185819
-0.33940935
-0.13711773
0.028377099
0.49446693
-0.091458835
-0.27617836
-0.2442477
1.3144143
-0.34986845
0.015960017
0.47623968
-0.5106637
0.7819961
-0.24584797
-0.7287116
0.15000843
0.20352261
0.5552673
-0.12757243
0.16769725
-0.13477175
0.349431
-0.46920094
-0.6560417
-0.5277926
-0.38079086
-0.157534
0.43075934
-0.7243059
-0.05231216
0.7732335
-0.2887573
0.27438214
-0.40955085
0.32944816
-0.17070268
0.07752335
0.9428229
0.18170251
0.05860165
0.03703487
-0.743708
0.29970753
1.0496026
-0.0027884727
-0.03797282
-0.04600912
0.25207585
0.47679564
-0.015136329
0.036538422
-0.1874428
1.0307821
0.5372749
0.61920106
-0.2565438
-0.33251902
1.2944888
0.6373501
-0.24496639
-0.21916746
0.5036226
-0.58435553
-0.08100989
0.57337004
0.28997368
-0.041161824
-0.0705702
-0.37864727
-0.090672515
0.044501398
-0.46430635
0.13925192
-0.29131883
-0.4904405
0.012635874
-1.6911913
0.1950791
-0.028750518
-0.0776286
0.44497648
0.14542964
-0.5148883
0.32431
-0.32782826
-0.040906094
0.37902698
0.72090197
0.0781307
0.3506646
-0.2998934
-0.017142393
-0.6073508
-0.08207756
-0.18197353
-0.03193885
0.40633616
-0.21165836
-0.20048283
-0.016910277
-0.3306823
0.081098855
0.11144667
-0.41547635
0.009839849
0.041302998
0.3443414
-0.15589702
0.17386793
0.16508143
-0.27525938
0.08451704
0.19698851
0.27354452
-0.13135715
0.03131956
0.19233939
-0.2039575
0.26006374
0.049614914
0.060343713
0.47931215
-0.22596142
0.09793331
0.24498194
0.3678073
0.00086224824
-0.10797094
0.06655402
-0.08623633
0.43942884
0.15107134
0.119450055
-0.37624016
-0.012801912
-0.08573023
-0.0059166076
-0.24738371
-0.12663533
0.06767818
-0.15001361
-0.0046938406
-0.7494255
-0.16103795
0.10724332
-0.031933233
0.2194947
0.18393281
-2.498844
0.18625522
0.24411847
0.51602894
-0.37798437
-0.37318346
0.32265687
-0.21960935
0.15119913
0.018268235
0.20491622
0.27784395
0.17348242
-0.17897251
-0.122912474
-0.44256985
-1.6767325
-0.0019303062
0.4017967
-0.08394932
0.080582745
-0.11427596
-0.25147638
-0.09805829
0.048533916
0.22324976
0.42540267
-0.018643672
-0.05740401
0.47417033
0.36848077
0.10003177
0.06523385
0.12892292
0.2050481
-0.04263411
0.34872526
-0.26501065
0.018962823
-0.091456436
-0.086749144
-0.031829137
-0.16622394
0.21669824
-0.043851964
0.19501619
0.26793757
0.13668282
0.009415234
-0.11441076
0.3072672
0.23302954
0.13510571
-0.32186487
-0.081433564
-0.19415116
0.07758443
0.010724096
-0.30373722
0.3414421
-1.4193994
0.32945085
0.051506385
-0.1607746
-0.16847658
-0.23517984
0.27540892
-0.33696666
0.3828887
0.032742977
0.042071335
0.108160734
0.17388473
-0.17877176
0.061066467
0.049110495
0.048908893
0.019622913
0.039970636
0.22134891
-0.084923826
0.19167306
0.13222428
0.069233894
0.410149
0.30065265
0.26534832
0.12827575
-0.26722324
0.071737394
-0.0530321
-0.21148635
0.01534121
-0.1492775
0.18580236
0.41889074
-0.2321281
0.65572476
-0.12431014
-0.23839901
-0.04057342
0.17493184
0.052253634
-0.10225902
-0.102242015
0.090529814
-0.07496734
-0.13272548
-0.005429761
0.06633244
0.047939908
0.07315324
-0.071019955
0.46582025
-0.0874043
-0.0812653
0.020328559
-0.33409247
-0.31067377
0.16509053
-0.20128144
0.15329917
-0.14173916
0.32319802
-0.7789298
-0.30966723
-0.22060417
0.32493207
-0.14911357
-0.2629507
-0.14992999
0.18708016
-0.26853645
-0.14911892
-0.033978164
-0.11247569
-0.14820987
-0.015593323
0.09200824
-0.0136300605
0.04534864
-0.03629238
0.13189632
-0.037772197
0.013642291
-0.1854064
0.08800546
-0.07678178
0.19196719
0.36487877
0.23317721
0.034358364
0.26510534
0.0765587
0.07572993
0.013365382
0.005386811
-0.01427874
0.032270152
-0.19684835
0.18228519
0.14243974
0.2176422
-0.22427751
-0.3971462
0.11296276
-0.05453096
0.22343533
-0.29972717
-0.3171723
0.05783571
-0.005390347
-0.118625775
0.20683844
-0.09931231
-0.10817837
-0.33949867
-0.14740032
-0.14317368
0.040610764
0.120533176
-0.09993174
0.22679937
0.36024705
0.3543771
0.2855066
0.044354428
-0.040448427
0.3200789
-0.14486584
0.04155885
0.15339182
-0.09048469
-0.26218498
0.2380257
-0.13278064
0.027562605
-0.20450842
-0.09474754
-0.16944689
0.0313971
-0.019745104
0.03053946
-0.36044973
0.10303329
-0.0003240767
-0.09711693
-0.46207902
-0.12739967
0.2558945
0.17100666
0.20029348
-0.12224118
-0.040421292
-0.13868168
0.11410459
0.011743238
0.2167235
-0.33073184
0.024857877
0.23731646
-0.24811326
0.026398677
0.30094206
0.24775638
0.31901962
-0.09426289
0.046180513
-0.13735303
0.15239795
0.028165534
0.1386994
0.01306372
0.35995567
0.040383827
0.12027653
0.17596105
0.16393009
0.08510649
0.06875584
-0.027540766
-0.15018192
0.13158126
0.0032302577
-0.41162822
0.00081191835
-0.018943489
-0.29438677
-0.3116584
-0.19737187
-0.27110752
0.41005525
0.21069503
0.2621053
-0.023026647
0.04957244
-0.09204538
0.012795351
-0.14495051
-0.3468646
0.08735823
0.22528817
-0.15323755
-0.2930745
-0.08580837
-0.11461338
-0.076799214
-0.13172169
0.106740035
0.0636473
-0.23104322
0.08991021
-0.16101538
-0.008663907
-0.021201845
-0.076348364
0.22068201
0.110987104
0.25328684
-0.18795757
-0.03721889
0.2619488
0.19684736
0.13459489
-0.0845732
0.17719297
-0.0283167
-0.19040912
0.12988667
0.09163636
0.32470846
-0.23649037
0.14734843
0.1624253
0.21224053
0.06016467
-0.32976246
-0.32100362
-0.27154762
0.1855656
0.045119893
0.074986115
0.08356096
-0.20334464
0.2841522
-0.2247749
0.08441039
-0.2785818
0.08409371
0.106892645
-0.0682546
-0.21043794
0.027898809
-0.3006611
0.37846392
0.33357927
0.18799183
-0.2716641
-0.2559954
-0.18391694
0.2595349
0.3576666
0.19025365
-0.28846568
0.063984275
0.01443862
0.029341867
-0.056935377
0.18291791
-0.121533036
0.4142551
0.18590842
-0.037410624
0.13679256
0.22998439
-0.2658695
0.15401787
0.15835944
0.11318888
0.016166573
-0.013238091
-0.29932398
0.10732723
-0.2578067
-0.3303536
-0.0220294
0.1958196
0.21363601
-0.11134057
-0.35097617
-0.13163073
-0.35927635
-0.24927844
0.11382265
-0.117914535
0.19156778
-0.033563387
0.20004186
0.03821799
0.25104278
-0.13194878
-0.1559547
0.26787794
0.22510682
-0.111152545
0.1221861
-0.29242364
0.15862024
-0.06615442
-0.039993804
-0.28833488
-0.15131241
-0.28364813
0.19778243
0.13234818
0.22637008
0.2155723
-0.050949436
-0.25926164
-0.36490744
0.27110735
-0.350663
0.06833497
0.1301483
-0.36054596
-0.20765506
-0.11419092
0.28847334
-0.13985693
0.0047431863
-0.025932012
0.19111542
0.07374338
0.15403558
0.091469474
0.059626367
-0.11007294
-0.059270494
-0.15948416
0.049289107
0.18376908
0.35087192
-0.03639876
-0.27602386
-0.24312615
0.0036787756
0.37654522
-0.2925993
-0.18656291
0.02341865
0.155077
-0.102415994
-0.3382835
0.09008877
0.22721271
0.21554781
-0.2285345
-0.032557458
-0.25947207
-0.1295767
0.1620113
-0.21906686
-0.5815175
0.40291542
0.11822558
-0.128965
-0.3845636
-0.16823404
-0.17656012
-0.21684554
-0.21169183
-0.015876286
0.029841244
0.15722838
0.09025943
0.010779027
-0.046422392
-0.0800176
0.0
0.061782468
0.0036211095
-0.043668717
-0.0619917
-0.057717644
-0.022781737
-0.04963037
-0.025045125
0.0068164407
0.08555942
0.018129094
0.090280205
-0.008336243
0.060680892
-0.040188108
-0.022925302
-0.06436788
0.020720303
-0.074408434
-0.045284256
0.054362427
-0.003965065
-0.0051364563
0.15471718
0.0101106055
0.13999805
0.0248782
0.16125868
0.019516781
0.0037944464
-0.11637102
-0.0910336
-0.021645462
0.008162488
-0.004130025
-0.13907017
0.078850284
-0.01789102
-0.14534236
0.0
-0.082001634
0.16976964
-0.06339252
-0.058344454
0.01828021
0.14010589
0.021241501
0.0
-0.0017160893
0.0
-0.04290463
-0.066532835
-0.029388664
0.0
0.0050818925
-0.050103568
0.03645171
0.04652815
0.09472632
0.046526913
-0.062050782
0.07182331
-0.07188478
0.0
-0.0057427045
-0.18893778
-0.33197686
-0.13258389
-0.032139033
0.007666723
0.00275585
-0.009154001
0.018226335
0.062320985
0.083549805
0.12169369
-0.07617795
0.0013283365
-0.067290075
0.01465888
-0.020433778
0.07832367
0.05610981
0.012132232
0.06558604
-0.1372067
-0.029209875
0.06467173
-0.06798141
0.04192627
0.037513707
0.22045708
0.029930655
-0.11259122
-0.08645134
-0.047101058
0.029492045
0.00012126536
0.030985024
-0.02162262
0.014946459
-0.10824683
-0.14123684
0.18640059
0.08096679
-0.040008992
0.0
0.056130167
0.0
-0.07135125
0.0
-0.057776876
0.04023667
0.09280824
-0.4308446
0.062226392
0.06027206
0.16219537
-0.09151018
-0.13320103
0.009428711
0.042286348
-0.040715422
-0.044634026
-0.035300672
0.05206883
-0.08950974
-0.044436842
-0.06205872
0.18507081
0.05428733
0.13294615
-0.06965158
-0.12247333
-0.13666578
0.5821538
0.07309449
-0.38059312
-0.31573072
-0.058529466
-0.36163983
0.1057125
0.06967858
-0.22524919
-0.15695283
0.15022588
-0.08856909
-0.20509356
0.23693748
0.06881028
-0.10836385
0.078310885
-0.057388443
0.055104665
0.13374847
-0.23032218
0.10531971
0.04542114
-0.22925234
0.11219627
-0.05947569
0.13163534
0.4998789
-0.04931525
0.08405536
0.11361286
0.050919615
0.03438434
-0.12610121
0.14179754
-0.21205479
-0.055020265
0.061222423
-0.1722258
0.05226838
-0.11103496
-0.13958308
-0.29647815
-0.3405816
0.08698145
-0.110736355
0.1237121
-0.09900057
-0.12385037
-0.08182712
0.13409816
0.2694826
-0.08432576
-0.16362794
-0.09552984
0.06970298
-0.045945432
0.21685566
0.057161897
-0.056358006
-0.28720883
-0.06415663
-0.059466414
-0.13596345
0.02839173
0.15563215
0.09604121
-0.11595732
-0.07497298
0.02970892
0.07685574
0.054380897
0.0396608
-0.08593885
-0.07778281
0.05800733
0.11111227
0.05846556
-0.082527086
0.0009294638
-0.11558241
0.0702781
0.64790803
0.02604982
-0.17893356
-0.10950264
0.36792716
-0.20935674
0.24647099
0.02463466
0.07530431
-0.030198112
0.13167222
0.035033524
-0.052756667
-0.0066271126
-0.03320233
0.04955107
