49
2
120
1
relu
line
1
1
-0.30355695
0.22978711
0.32810384
0.20666091
-2.423819
-0.09898849
-0.24158458
-0.17794038
0.2475447
-0.25091004
-0.23089033
-0.278396
-0.07449897
0.09850565
-0.35790497
0.2714885
0.07708932
0.07888279
0.28082985
0.30640656
-0.11517647
-0.015062069
0.15438999
0.22923009
-0.11004704
-0.22257775
-0.43289724
0.1455714
0.30616987
-0.108015895
0.11325972
0.20273344
-0.026846722
-1.4473819
0.11128669
-0.18795155
-0.09830769
0.29028043
-0.6194799
0.010443095
-1.1467924
-0.22376813
-0.13587198
0.19608104
0.09706164
0.2957216
-0.033790693
0.09080873
0.20952062
0.02662271
-0.24982047
0.25722474
0.12981552
-0.23980159
-0.16709526
-0.045678467
-0.2897628
0.38708195
0.34504482
-2.9544854
-0.2596662
0.12623477
0.4288761
0.068717875
0.053251266
-0.006541425
0.12676863
0.3214126
0.48633185
-0.22816686
0.23064244
0.28023055
0.59230703
0.0819646
-0.20677371
-0.32516322
-0.0722921
0.19147336
0.38077208
-0.25831616
0.88086885
0.26396844
0.3066727
0.19815135
-0.17113563
-0.2209795
-0.3832129
-0.025525827
0.15197954
-0.02759474
0.01573253
0.116764784
-0.06995946
-0.41917005
-0.234579
0.016432317
0.3880949
0.14700292
-0.10675218
0.23233198
0.2514953
-0.114212885
0.043617286
0.03908111
-0.25957406
-0.043032266
-0.4165675
-0.4013545
-0.09918569
0.23948324
0.23298481
0.058220863
-0.035598565
0.09531509
-0.11375531
0.6357016
0.21064317
0.30937076
-0.011152729
0.10418452
-0.18720716
0.033251226
-1.7719709
-0.06415686
0.25215837
-0.24982844
0.46049735
-0.1609462
-0.16002423
-0.15453152
-0.15234424
0.36127868
-0.1479784
0.1617652
-0.15742728
-0.7636032
0.058905743
-0.04362391
0.55575526
-0.10715108
-0.1476509
-0.06312953
0.41261846
0.36303404
-0.11646508
-0.043280452
0.21496987
-0.13791202
0.04090491
-0.32678407
-0.12481195
-0.002368194
-0.3840259
-0.33513474
0.31589353
0.14927028
0.04537102
1.1872032
-0.056353036
-0.24679528
-0.31158447
-0.1545265
-0.19402659
-0.20634514
0.2917298
0.14232469
-0.15194155
-0.1676428
0.27642623
0.14964914
-0.13106589
0.13435379
-2.743149
-0.47059104
-0.46607172
-0.3453538
0.12855157
0.35937774
0.033691816
0.2884695
-0.07641804
0.13867494
0.11708632
0.42565158
-0.16469134
-0.27557588
0.15084234
0.13743576
0.12784244
-0.093563944
0.27859014
-0.00014925268
0.24012434
-0.081908576
-0.18156685
-0.3501696
0.1927885
-0.5384184
0.22919223
0.053805236
0.63274735
0.07519207
0.27341682
0.04753374
-0.18945049
-0.107561566
-0.7910139
-0.09811399
-0.05710587
-0.20203729
0.08334295
0.20556138
-0.06491244
-0.64778364
-0.28505954
0.14261079
0.25180405
0.22705542
-0.3813204
0.21952802
-0.49943283
-0.025295094
0.29634836
0.01444961
-0.006546716
-0.13958871
-0.003009651
0.148435
-0.12475873
-0.24680312
-0.20123163
-0.1598337
0.16204058
0.18742909
0.29620227
0.31279325
-0.12731831
0.15893242
-0.26940182
0.63271815
-0.1835981
0.33536696
-0.24924655
0.27767447
-0.33298537
-0.040202647
0.096766375
0.17035821
-0.06164122
-0.036436826
0.0036384785
0.33107734
0.13371505
0.15542544
0.045342684
-0.20494522
-0.16160713
0.11953389
0.32756352
-0.09076149
-0.15868258
-0.016607571
0.4632426
0.034370616
0.20286717
-0.021802843
0.21670502
0.40700313
0.14707711
-0.15474418
-0.21707161
0.023241127
-0.00875753
0.15497044
-0.8219882
0.05094903
-0.39030692
0.17354608
0.11161965
0.28358808
0.12695171
-0.34384248
0.13489228
-0.0608474
-0.41053617
0.030699747
0.0016374936
0.12199892
0.17082225
-3.9910305
-0.22800247
-0.2372446
-0.27576748
0.06720381
0.15668058
-0.0993765
0.02502946
0.31365302
0.28216243
0.22584903
-0.056224603
-0.24515143
-0.19311947
0.6625639
0.35736817
-0.28435364
0.18827103
0.02606316
0.08690819
-0.070865944
-0.23912826
-0.11081918
0.29065523
0.13890865
0.02515804
0.12638995
-0.026879992
0.66571987
0.28547338
0.6283542
0.006058689
0.42802736
0.17992514
0.41035065
0.050535385
-0.32327375
-0.36094624
-0.04137833
0.06276935
0.31119874
0.1111589
-0.071655534
-0.25891092
-0.2996034
-0.10852636
0.52054465
-0.049699053
-1.2775171
0.17711134
0.39443684
0.24119207
-0.199529
0.0628957
-0.028373115
-0.045204688
0.20706789
0.57123
0.22895639
-0.39580575
0.17011692
-0.23632102
-0.21009031
-0.3774246
-0.028712178
-0.09519956
-0.08793294
-0.14943294
-0.24577273
0.07602266
0.23464827
-0.17442898
-0.07940823
-0.43639353
0.19119218
-0.07939849
-0.19438528
0.14886321
-0.309385
-0.7490252
-0.23951395
-0.022966458
0.25498646
-0.068006195
0.08543573
0.04234295
-0.018667659
-0.1950383
0.1887558
-0.21360503
0.2261125
0.39459127
0.26470283
0.022161465
0.35536805
0.24544951
-0.16120689
0.15622588
-0.079004794
-0.3071171
0.17955998
-0.10367441
0.13761589
0.2933493
0.123164915
0.023018114
0.08504197
0.26943475
0.12878048
-0.31939423
-0.055278458
-0.04416506
-0.06773923
-0.31735453
0.3314526
-0.11682843
-0.006146003
-0.00357022
0.38425428
-0.20085275
-0.20602702
-0.084404185
-1.876882
0.038134445
-0.09109925
0.09260183
0.16049135
0.19018437
0.3036396
-0.03157507
0.20063818
-1.210699
-0.1690726
0.50545126
0.23360856
0.218621
0.1328113
-0.23112784
0.15008365
0.16541015
0.030509535
-0.17830057
0.028727459
0.24822237
-0.044558823
0.22355653
-0.12880586
-0.2627266
0.02175834
-0.64483684
-0.37593472
0.027709844
-0.230051
0.04313624
-0.08222829
-0.20207177
-0.16294588
-0.30184415
-0.087871276
-0.03162396
0.6009734
-0.22610919
0.31811517
-0.36216304
-0.12899618
-0.17043947
0.8559378
-0.11922499
0.11079652
-0.057185326
0.24927707
-0.17565638
0.14161189
0.05580207
-0.2760695
-0.18985762
-0.030261714
0.008864999
0.11037625
-0.12716179
0.31086043
0.049827073
0.05727101
0.17165028
-0.16033608
-0.3282176
0.11841264
-1.8005877
-0.29252306
-0.104749165
-0.10455745
0.12817295
0.103480995
-0.077253535
-0.15477018
-0.28187302
0.123642206
0.05123727
-0.17418012
0.14103588
-0.12788215
-0.048404038
0.10859283
-0.23096028
0.26288247
0.12964813
0.09454574
-0.19262716
-0.06578579
0.11739373
-0.22269486
-0.034989163
-0.27088955
0.33125603
0.016352033
0.38008153
0.12762406
0.119122736
0.038086288
-0.2598343
-0.11829371
0.42996463
-0.11437247
0.24129096
-0.4836942
-0.21411286
0.14737827
0.015970409
-0.013539895
0.06424872
0.22678398
0.12206085
0.12327588
-0.24852797
-0.056659687
0.25034174
0.13093808
0.08561454
-0.104524784
-0.09117643
-0.24527754
-0.011732596
0.05001663
0.032917045
-0.25454083
0.016172556
-0.28815287
0.073284574
0.40374392
-0.31306744
-0.20006281
0.04055848
-0.24201505
0.1408437
-0.019888392
0.23078333
-0.18151486
-0.2812942
0.22107577
0.26758444
-0.266044
0.17819409
0.15072818
-0.015773898
-0.38807312
0.118844114
0.32151827
-0.058827445
-0.23121755
-0.3258371
-0.57644236
0.13749318
0.35501674
0.34137082
-0.011954186
-0.6899847
-0.12203492
0.17647105
0.11767173
-0.33043516
0.6825209
0.035383467
-0.16819192
0.11575926
0.07042085
-0.14208002
-0.467423
0.02621453
0.541965
0.09436809
-0.0035510869
-0.15561791
0.24483271
-0.16069783
-0.26988885
-0.33566025
0.16995668
0.5058349
0.21433385
0.2391695
0.03141354
-0.28330633
-0.5247028
0.13103676
-0.07970385
-0.29924953
0.57134324
0.04599164
-0.07713931
-0.010617353
-0.3135257
-0.07642424
0.18907517
0.95467526
0.012666395
-0.17410775
0.14977288
-0.062089324
-0.08411397
-0.27059165
-0.36796
-0.08764212
-0.046145912
0.120007195
0.088823184
-0.082620166
-0.16272879
0.3822096
-0.11169117
-0.0064387787
-0.011249023
-0.11015516
-0.27670097
0.04769977
-2.638324
-0.07104486
-0.022096038
-0.78864497
-0.089505725
-0.12756418
-0.32333788
0.3265247
-0.17683357
0.08346089
-0.32675517
-0.2207042
0.22023584
-0.2331558
0.09776567
-0.5237471
0.18645658
0.13754673
0.23783791
-0.04066357
-0.09449929
0.10543868
0.24899365
0.07196948
0.06418152
-0.18119717
0.15021625
-0.15265603
0.26320392
-0.19207588
0.10685378
0.13614754
-0.081615716
0.07680369
0.35891756
0.038655218
0.485068
-0.31317925
0.07919909
-0.14816788
-0.09248865
-0.076133765
-0.3297798
0.27651787
0.07568727
0.055248465
-0.14246441
-0.22969584
0.32485935
-0.28399363
-0.16506775
-0.19300818
-0.3221046
0.1295638
-0.025188476
-0.62119526
-0.017903522
0.70996886
-0.21943861
-0.23326993
0.0695986
-0.22993462
-0.14151935
-0.45913923
-0.28699186
-0.009068519
0.13625382
0.35919914
-0.07305092
-0.183167
-0.1639956
0.33098853
-0.03682611
-0.26535073
-0.3537458
-0.23573951
-0.06690198
-0.25955924
0.12046826
-0.45134735
0.22665168
-0.30140382
0.21463503
0.035684764
0.20264246
-0.13162054
-0.016728401
0.22734012
0.061829805
0.24476887
0.080542006
-0.08707445
-0.5890357
0.30976015
-0.040119156
0.06879836
-0.9260998
-0.24190122
0.06020534
-0.21415968
0.08935527
-0.38356584
-0.053706527
-1.6285053
0.2836318
-0.24830867
0.20027252
0.3587933
-0.1354024
0.10498886
-0.18020359
0.20388116
0.59936327
0.2749791
-0.22663875
-0.03060093
-0.15588409
0.2667237
-0.09878797
0.28891703
0.07737565
-0.19348711
-0.11862333
0.07561229
-0.059949577
0.079295754
-0.22404802
0.49249324
0.093157776
-0.22029364
0.3358756
-0.5875184
0.084481604
-0.3322377
0.49176586
0.155769
-0.01818893
0.05226892
0.16146217
0.113909155
0.0769282
-0.16702533
-0.035162248
0.19408359
-0.30784172
-0.31831706
0.18558197
-0.2675199
0.011478037
-0.5174504
-0.12198184
-0.19663545
0.14245313
-0.14343359
-0.31546822
0.09656076
-0.5045548
-0.3266692
0.095857404
0.053104438
-0.24717887
0.18656944
-0.14778963
0.3311274
0.30140686
-0.91079986
0.07848198
-0.04481291
0.3138946
0.103643134
-0.14157358
-0.021424523
-0.3755626
0.016075091
-0.7697695
0.27711648
-1.061481
-0.1992927
0.19940335
0.12199858
-0.20734484
0.17162432
0.0036894425
0.2392955
-0.17263258
0.22181183
0.30698976
0.079823636
0.21355495
-0.083884984
-0.3939121
0.0025989711
0.26712015
-0.053018324
-0.07678113
-0.041714802
-0.23929599
0.63769394
-0.16881646
0.11350013
-0.28798825
0.05447162
0.33740887
0.11227422
0.5324796
0.015571884
0.25938913
-0.24579641
-0.18063428
0.027660612
0.24312694
1.0659343
-0.5171505
-0.39537504
-0.15478593
0.1965257
-0.92921066
-0.34155563
-0.022711664
0.15509696
0.009744271
-0.45875177
-0.27464485
0.24843374
0.25445998
0.026816098
0.0025912654
-0.13700293
-0.4384834
0.2239772
0.060066476
0.026148941
0.39574432
-0.06576975
-0.11289955
-0.6142321
-0.33519882
0.19744337
0.32489175
0.17810819
-0.21903445
-1.6009458
-0.105806425
-0.2561022
-0.2605802
-0.17846677
-0.31330585
0.24658631
-0.2792766
0.20749848
-0.11236042
0.035081744
-0.06821377
0.19191696
-0.5210761
-0.23461936
-0.0034142984
0.16276361
0.124755114
0.19623291
-0.22465788
-0.16953844
-0.25361252
0.11815364
0.1699103
0.2631476
-0.09632764
0.45797226
0.2699322
-0.07395666
0.33502743
0.07846499
-0.2666186
-0.13588765
-0.23313402
0.37312004
0.09946448
-0.28580254
0.029959574
-0.4692717
0.09928509
0.3216564
0.34037066
-0.037492324
-0.17689395
-0.20140848
-0.0089455005
0.028587943
0.123733155
-0.2744777
0.28764752
-0.17935717
-0.12354717
0.060608108
0.15029722
0.18697722
-0.16970316
0.12566726
-0.29582807
0.31648254
0.19238864
-0.5161864
-0.16838188
0.41977364
-0.3717205
0.0602293
0.099588074
-0.02704411
0.110970065
-1.2639811
0.30838236
0.3027873
-1.7176063
-0.37744102
0.11948924
0.23532024
0.049964674
-0.012387806
0.16679813
-0.020761691
0.2711144
0.08761165
-0.22246188
-0.08483963
0.20040007
-0.24676818
-0.26691833
0.083659545
0.6120001
-0.07893668
-0.21103367
0.39614636
0.00079840515
-0.1407558
0.0519329
-0.06240813
-0.18639709
0.34232298
-0.29499263
0.044019505
-0.029653639
0.2561031
-0.14268619
0.12248889
0.29834852
0.20211506
0.11612341
-0.046321414
0.101563595
-0.2613218
-0.09697283
-0.13492548
0.11213448
0.14169528
-0.16118684
-0.4610956
-0.054671545
-0.049331512
0.278518
-0.14723274
-0.44271225
-0.18095297
-0.22383362
0.28464657
0.049683437
0.10342774
-0.53329027
0.0056167804
-0.26366505
0.25446886
0.043567013
0.22624333
-0.24310243
0.3355463
-0.26555526
0.07243654
-0.33311585
-0.17909972
-0.24447197
0.018482953
0.14020765
0.14412746
-0.19020815
0.19189584
-0.03635705
-0.3349429
0.06430358
-0.1649241
-0.61190546
0.14783442
-0.03376593
-0.33582193
0.18766826
-0.041130565
-0.10060556
0.20193045
-0.28681695
0.08563347
0.010520099
-0.13570338
-0.30671498
-0.19768202
-0.22815561
0.15320961
-0.30417475
-0.26903555
0.4384099
0.1706274
-0.13606474
-0.18202144
0.33469415
0.23910925
0.07006413
0.2677689
-0.08174109
0.05291882
-0.08969487
-0.10349408
-0.34997013
0.21672535
0.108898185
0.06284354
0.20218989
0.13248247
0.10135625
0.036174923
-0.08287905
0.10724576
-0.05111141
-0.22291699
0.010882723
-0.26935315
0.0017071164
0.3374904
-0.074547336
0.36804765
0.17233117
0.39446473
-0.07930009
0.073097005
0.028826265
-0.20044638
0.2548177
-0.1516056
0.009579027
-0.15737332
-0.2710905
-0.08052001
-0.39350596
-0.19193912
0.027206294
0.06319395
0.014198249
-0.53085166
-0.20131592
-0.03261218
0.34004456
-0.056167386
-0.25420427
-0.3602411
-0.2983716
0.36619022
0.12179786
-0.12333086
0.35697353
-0.39041486
-0.21480463
-0.30263656
-0.0075339656
-0.030404784
-0.13330738
0.20841046
-0.11952286
-0.2978144
-0.08338238
-0.3256936
0.21575515
-0.10636229
0.022966605
0.030788893
-0.093316436
-0.14847584
-0.27188042
0.08852747
-0.29984704
0.057041943
0.40072975
0.28011182
-0.14914905
-0.21837014
-0.117059365
-0.10937516
-0.21691778
0.3593994
0.048948105
-0.20713666
-0.24138318
0.21642558
0.02010413
-0.29559413
-0.14595577
0.34349677
-0.18963495
-0.14862715
-0.026642669
0.12090063
0.1011924
0.23816422
0.12637977
-0.13714659
0.18164118
0.24497232
-0.21272387
-0.05599968
0.10395869
0.009486646
0.1788843
0.23033947
-0.17089064
0.16802731
0.1720393
0.27405745
0.04894168
-0.24215682
0.043540064
0.22003202
0.111972615
0.14570418
-0.09322141
-0.101239525
0.25444528
-0.04918846
0.11175129
0.19408011
0.10828509
-0.25091028
0.12056262
0.006653145
0.26153585
-0.33221596
-0.12418913
0.11088046
0.011762227
-0.24465868
0.31051472
-0.06819126
0.088398986
0.12871177
0.13527396
0.18947685
-0.27085072
0.25897527
-0.08488445
0.21446344
-0.2625011
-0.25609744
-0.14677098
-0.09988556
-0.00669299
0.014671627
0.24922667
-0.1953801
0.19831471
-0.28763533
-0.0023952832
-0.110294074
-0.12933767
0.13431619
-0.0039969664
0.20275469
-0.10008227
0.17807707
0.0069491453
-0.21840882
-0.12508166
0.3472142
-0.14278142
0.025749773
0.018448353
0.68952745
0.036270943
0.3516277
0.053946704
-0.040492356
0.086909026
-0.15436335
0.18162829
-0.030138945
0.5013371
0.15280293
-0.5248744
0.21862112
-0.40684417
-0.41529885
-0.26280558
0.23578587
-0.12110746
0.4263219
-0.5464033
-0.28001615
-3.1402276
0.042616993
-0.2520056
-0.27179512
-0.17105976
-0.3204112
-0.008872628
-0.20382929
0.027369611
0.036198746
0.12676987
0.24064334
0.47464526
0.52672833
-0.2309425
0.32704103
0.47321486
-0.036857992
0.41295788
-0.18886904
0.15141389
0.4796699
-0.07869824
0.7324275
0.08853003
0.07101778
0.08962431
0.46304697
0.3082338
1.7682137
0.19704762
0.3907038
0.0537318
0.020615796
-1.4667686
-0.05156168
0.18252498
0.14128298
-0.13008247
-1.11771
-1.1530489
-0.19276837
0.4952923
-0.42616305
0.10987152
-0.67787194
0.19748169
-0.2015783
0.4536735
0.20773871
-0.27944586
0.4546447
0.14678876
0.2605554
0.032144465
0.24759491
-0.9574368
-0.13489868
-0.25902012
0.084418505
-0.123115346
1.1766407
-0.022208378
1.3112637
0.27145442
0.31747884
-0.82311404
0.022352718
-0.2670142
0.21819252
0.4787752
-0.27431473
0.057210747
-0.7303889
0.16864498
0.24224769
-0.24497595
-0.21901608
-0.139011
0.20102619
0.11171985
0.37445402
-0.033916093
-2.2273786
-0.10331208
0.21921222
-0.14706343
0.21075875
-0.20690078
0.33574086
0.091505446
-0.3736685
-0.8841118
-0.4597161
0.13526267
-0.0237765
0.25367782
-0.013621509
-0.207482
0.34849074
-0.20777524
-0.005536358
-0.11174412
-1.7048873
0.032231268
0.30644825
-0.3061669
0.4816275
0.35626295
0.18267661
-0.41582718
0.1344392
0.46369898
-0.13322341
0.09154786
0.11397876
0.033357628
0.115971155
0.18330526
-0.05100744
-0.19453648
-0.028361306
-0.017301649
0.5058547
0.13998637
0.26424795
0.13690907
-0.0026390196
-0.25382343
0.16898312
0.05830937
-0.16153106
0.014988614
0.31301773
-0.3447412
0.23833543
0.021184059
-0.11477713
-0.06450006
-0.21950753
0.343154
-0.1576227
-0.37465447
-0.32330346
0.13924453
-0.25435653
-0.0865986
0.25306848
0.027665466
-0.3464343
-0.15922984
0.39378887
0.15664995
0.086602926
-0.6038521
-0.41304857
-0.3346629
-0.22804989
0.24916376
-0.49304873
-0.80499566
0.023690064
0.35488853
0.04588027
-0.0050582606
-0.62810576
-0.060453147
-0.021834088
-0.18272611
-0.43485457
0.05069088
0.36063555
0.15704651
0.2343443
-0.27863047
-0.051691253
0.52870834
-0.034624442
0.17074612
0.068532944
-0.3128792
0.41244662
-0.1700346
0.3698041
0.25615054
-0.08840063
-0.36168414
-0.28553677
-0.16236348
-0.30239502
-0.160055
-0.019319266
-0.17612539
-0.8799639
-0.1438554
0.26828998
-0.3021452
0.94932616
0.26697123
-0.23865168
-0.21405181
-0.050314244
0.29045787
-0.4631397
0.15093537
0.0023733585
0.09392743
0.08161777
0.06257533
0.1450827
-0.21959336
-0.014952064
-0.29369935
0.42812115
-0.08001408
0.5840139
-0.10273883
-0.6168709
0.17550194
-0.5141041
-0.20517355
-0.11854757
-0.1580896
-0.7061882
0.19977586
-2.1399276
-0.08341744
-0.07800879
0.055380974
0.37790027
0.183186
0.4503502
0.22789487
0.0267507
0.15849923
-0.36200348
0.01960958
0.010912282
0.20366852
-0.19980766
-0.17080434
-0.56136346
0.15066338
0.105047815
-0.25222677
0.054796726
-0.19156447
-0.23434712
0.11673727
-0.02687754
0.30847126
0.11868618
-0.32321644
0.23063615
0.012076558
0.18965223
0.18179883
0.2822312
0.34086248
0.06603038
0.22079682
0.3345453
-0.18461922
-0.23223521
-0.3592039
0.11707611
-0.3502573
0.3177354
-0.027210146
0.41308326
0.1517522
0.1429041
-0.33702472
-0.13655163
0.071621865
-0.2962859
-0.14232747
0.16323176
-0.067785904
-0.13750722
-0.17374189
-0.15703547
0.17224903
0.20079006
0.03674759
0.073556066
0.5035497
-0.095114894
-0.2823584
-0.38539934
-0.080852315
-0.25307196
-0.41130215
0.132277
-0.050511714
-0.2505437
0.31010157
0.559827
-0.41963816
0.01023373
0.087182775
0.0891879
0.33802333
-0.23129499
-0.30809307
-0.2163766
-0.12418669
0.10551742
0.22509016
0.18205917
0.35219887
-0.21050057
-1.0348604
0.040298235
-0.13350312
-0.018856585
-0.10091891
-0.21532989
0.16843967
-0.20812552
-0.009402148
-0.14170456
0.23860191
-0.4677049
0.20849957
0.16328117
0.08554719
-0.094132796
0.21559213
0.25968236
-0.22902432
0.16957964
-0.3644713
-0.61750674
-0.054352395
-0.081477106
-0.43191326
-0.6576019
-0.0719333
0.17266741
0.23303743
-0.06605576
0.29716837
-0.42264995
0.21999364
-0.13454203
-0.22274584
0.28527245
-0.4347155
0.09128692
-0.06339194
0.12912309
0.49094254
-0.3085204
-0.2724504
-0.17029037
-0.02552986
0.081610784
-0.021223271
0.12005317
-0.1718205
-0.3156249
-0.16618536
0.05769803
-0.11237485
-0.05651939
-0.5040024
0.2622606
0.25113994
0.20624226
0.26109967
0.3874035
0.30060366
0.0031862475
0.054462645
0.34038356
0.008573387
0.25758922
0.22657076
0.053254604
0.099496186
-0.22509645
-0.028842332
-0.35638392
-0.1265778
0.16135365
0.20435981
-0.031097949
0.42291704
0.32786027
0.2635748
0.025203217
0.05412385
-0.13189504
-0.16537851
-0.36472172
0.16811372
0.032861948
-0.0530715
0.24600527
-0.32819772
0.12664872
-0.39429978
0.15682144
-0.29349282
0.09145997
0.30736837
-0.12080572
0.27785698
0.33063155
0.041456275
0.32762468
0.0019744807
0.34822845
0.34364012
-0.19665326
0.37955046
-0.038799576
0.103522405
-0.033118665
0.031179417
0.24428692
-0.15938249
-0.25205857
-0.08502479
0.28009337
0.015048675
0.3275149
0.13241985
-1.0750712
-0.09441436
-0.055903506
-0.16594589
0.11834766
0.04840954
0.25257084
0.20999493
0.28619826
0.18726128
0.018573076
-0.007345204
0.11210586
0.20184529
-0.2898462
-0.32951382
0.26662838
-0.13717382
-0.05753138
-0.251184
-0.016500775
-0.3068746
-0.019930521
-0.44429392
0.30325603
0.50616455
-0.23144981
0.32079569
-0.49993443
-0.26932222
-0.10914453
0.086984694
0.3242164
-0.13159849
0.16741362
0.34095934
0.5023409
-0.06317926
0.26544592
0.08075472
-0.23452711
0.25859997
0.15063697
0.18488033
-0.17728494
-0.13721168
0.24715278
-0.10990283
0.25330994
-0.31716052
-0.14512947
0.028154446
-0.34174943
-0.063818835
0.14889939
-0.16344397
-0.26340503
-0.22514673
-0.23418401
0.0455364
-0.08343331
0.09568352
0.18523572
0.2705891
0.1884764
-0.096325725
0.29089203
-0.11945274
-0.18186638
-0.2621876
-0.06373212
-0.29479083
0.008501999
-0.27899995
-0.04988294
0.052284326
0.048220407
-0.10693742
0.32920375
0.22920924
-0.13556832
-0.033750165
-0.34023893
-0.2619026
0.124590494
0.07956486
0.032515887
0.163534
0.16914417
0.60449946
-0.03180532
-0.29695937
-0.12890035
-0.107405014
-0.34218723
0.14505044
0.3283195
0.263575
-0.48666015
-0.029730003
0.022084028
0.22296277
0.32103553
-0.047536004
0.29763362
0.017566936
0.01787599
-0.32216358
0.24187598
0.1279816
-0.288666
0.13072817
-0.004065851
-0.21648245
-0.1779637
0.3295037
-0.3270728
0.113448806
-0.16901079
-0.21575367
0.100127555
-0.18570282
-0.14475448
-0.031677984
-0.23844022
-0.030196916
-0.29354513
-0.32820353
-0.061689895
0.3133923
-0.31642073
-0.1115387
-0.14168033
0.008883137
-0.21806037
0.18752976
0.32566273
-0.560268
-0.06535006
-0.075479664
0.30950364
-0.0961554
0.30251762
-0.22471243
0.42943054
0.29667592
0.03698412
0.12103091
-0.07706836
-0.33662853
-0.10359152
-0.13962844
-0.07390356
0.02368921
0.112023994
0.16566184
-0.36377293
0.03064945
0.11546664
0.31065866
-0.002441293
0.059457276
0.4099348
-0.165689
-0.014621704
0.145895
-0.15030918
0.8315458
0.13912693
-0.19448851
-0.21309096
-0.25325057
0.7243954
-0.27311313
-0.0795009
-0.15588179
0.18523753
-0.34500265
0.23626113
0.21847884
-0.15555108
0.0034616159
0.20335937
0.18704462
-0.12538658
-0.16784617
-0.013568959
0.019194024
0.25422874
0.24093391
0.015156448
-0.095039904
0.13450655
0.2672076
-1.1516788
0.32200733
0.19534452
0.24569121
0.003966262
-0.10816629
-0.32767156
-0.34652993
0.044629004
0.13652626
0.2951304
0.3849169
-0.20735715
0.4505362
0.6823841
-0.08858688
0.17801186
0.3892724
0.22429271
0.07590667
0.29634935
0.1365035
-0.45084372
-0.06728385
0.24059369
0.19127154
0.19793282
0.09316787
0.1704581
-0.12118076
-0.059740778
0.24171591
0.09343671
0.16091822
-0.24934892
-0.28353086
-0.14640434
-0.36565083
-0.006736182
0.14876983
-0.5674357
-0.06398898
-0.28354862
-0.18247257
-0.046221282
-0.13439226
0.42930445
0.08195623
-0.17178865
0.23442309
-0.18470907
-0.07371913
-0.048764702
0.32156685
0.0006877851
-0.223142
-0.11130773
-0.043527957
0.12257458
0.20250264
-0.08548916
-0.41551238
0.183982
0.11781153
-0.3457858
0.0005374511
-0.1344983
-0.28470176
0.6144048
-0.10146184
0.39169925
-0.07861767
-0.1658115
0.3808933
-0.034107625
-0.28140903
-0.21524276
-0.009327628
-0.25428304
-0.026572198
-0.04028537
0.1711949
-0.4576696
-0.35856295
0.5320544
0.19719301
-0.3233103
-0.24444501
0.16847341
-0.48995098
0.08092897
0.21265404
-1.8015153
-0.04889344
-0.28349128
-0.25046185
0.22877058
0.093335435
0.26278672
-0.19971964
-0.1762972
-0.0528351
-0.007246405
-0.14813197
0.12667172
-0.1508753
0.061576292
0.22014092
0.0973943
0.035986263
0.1694614
-0.1528641
0.05245633
0.22292599
-0.124155246
-0.19795392
0.10121605
-0.09697567
-0.20425332
-0.11131379
0.20764469
-0.28127578
0.123678036
-0.123704486
-0.042418964
-0.27996188
0.17578413
0.17351057
-0.32809028
-0.19146405
0.003260564
-0.3961115
0.026329938
0.08019045
-0.11665609
0.24511626
0.29860342
0.3239346
0.061944757
0.08457288
0.19071278
-0.14720072
-0.06807451
0.046617407
-0.0625464
-0.36444473
0.33067495
0.060947414
0.32048234
-0.41992438
-0.06742325
-0.09963724
-0.14284292
-0.23118182
0.113228805
-0.13095164
-0.10873641
-0.009272288
0.11620043
0.35448906
0.16121563
0.028076295
-0.009337127
0.020364078
0.20160505
-0.5349169
0.5068753
0.058115017
-0.0856671
0.3330287
0.4073042
0.21401003
0.4074827
-0.2831326
-0.014561579
0.34825704
0.023116231
0.16719475
0.3869678
0.3017468
0.010741139
0.30498546
0.0905636
0.1511669
-0.29560822
-0.64816356
-0.16616778
-0.15301871
-0.22944807
0.3081887
-0.075197235
0.17432532
0.2319217
-0.16215633
-0.58984435
-0.08497393
0.3988943
0.14118923
-0.36274648
-0.16632296
-0.173727
0.20175828
0.20318149
0.39564925
0.43121344
-0.26629302
0.2266275
0.23203528
-0.15955888
0.018833812
-0.23621891
0.06403655
-0.4349654
-0.26720554
-0.3204619
0.03621932
0.052959748
-0.055216435
0.36515683
-0.2380369
0.08784288
0.17511207
0.15768075
-0.2534175
-0.33005223
0.169118
-0.022615753
0.053764343
0.34160623
0.06108711
-0.31234884
0.16192548
0.008034255
0.20536642
-0.20122206
-0.09793765
-0.14513971
0.25339133
0.11016901
-0.14667849
0.36461276
-0.03292165
0.18592232
0.16770394
0.023494147
-0.2681609
-0.06527991
0.34510088
0.29325947
-0.32139337
0.12534185
-0.046028733
-0.065605514
-0.17158727
0.033226278
0.06024105
-0.09911803
0.04760697
-0.13528252
-0.26669315
-0.31550014
0.32381806
-0.14847265
-0.28303203
0.035015453
-0.032211833
0.035798587
0.22014
-0.19374157
0.029644994
0.11001914
0.27352482
-0.48017788
-0.23394501
0.2885582
0.2704758
-0.06891453
0.11284123
-0.18410924
0.23970655
0.085635684
-0.19618158
-0.243096
-0.084824085
-0.016983587
-0.0041374583
0.13598748
-0.29399917
-0.08286558
0.25277483
-0.05981165
-0.19834262
0.22101647
-0.029922524
-0.06049882
-0.18306
0.2213096
0.31211904
0.27225634
-0.1476967
-0.039872076
0.06278703
0.14182705
0.12550786
0.19968727
0.18777114
0.1769251
0.10303759
0.039407276
-0.13964476
0.0646771
0.020213915
-0.012103043
0.06850751
-0.36266276
-0.33277303
-0.15926689
-0.22819126
-0.12183031
0.29546994
-0.30012956
0.13792077
0.23278835
0.30413228
0.09825514
-0.13327055
-0.05250836
0.33097753
0.013605457
-0.006318782
-0.14699107
-0.06697245
-0.07408022
-0.0034563057
-0.18234213
0.27345973
0.14787038
-0.03848784
0.24817272
-0.24561515
-0.29584426
0.22579663
-0.24015898
-0.46267673
0.06683781
0.11997244
0.22906193
-0.18210265
0.13480747
-0.34635597
-0.09732598
-0.07444379
0.17538302
-0.28602096
0.2236566
-0.005506808
-0.12868734
-0.27356514
0.09757288
-0.12952866
0.10439374
0.31452656
0.14798374
-0.39294073
-0.35100457
-0.46669474
0.15595259
-0.3380579
0.15051761
-0.12824613
0.07105564
0.22486751
-0.25057563
-0.03456526
0.2972762
0.3822889
0.086657375
-0.06621092
-0.11431796
-0.18827778
0.3018324
0.17003155
0.19527161
-0.072240725
0.18343659
-0.1774526
0.29611042
-0.25382733
0.2215697
-0.2042601
0.23111972
-0.27745107
0.38696668
-0.31827658
0.0474628
0.2073845
-0.33505386
-0.085132495
-0.11811091
0.27221096
0.30872142
0.19095634
0.043056637
-0.013029133
-0.24680445
0.12132064
-0.1307745
0.09626963
0.17116977
0.18054968
0.25997034
-0.18662198
-0.10125373
-0.1891561
-0.16850019
0.24540284
0.07660037
-0.17055115
-0.011552031
0.07550157
-0.29443014
0.046218988
0.11957951
-0.030326605
-0.0918504
0.5903578
-0.06048992
0.1659404
0.14440998
0.20365836
-0.20732726
-0.58102
-0.35443416
0.1223487
0.18309869
-0.17593552
-0.22477292
-0.15176421
-0.03788589
-0.25597137
0.45709997
-0.18123578
0.087859996
0.23838156
-0.06266604
-0.010281359
0.18310559
-0.009109273
0.31156838
0.24497661
0.077026114
-0.30492568
0.13523574
0.26459995
-0.23468833
0.11374252
0.28464597
0.07243164
-0.10687946
-0.034638543
0.22718467
0.09435102
-0.3220551
0.3897355
0.2759367
0.003376833
0.20633051
0.03540039
-0.0922555
0.15910591
-0.319444
0.26356396
-0.14980462
0.2455417
0.06493548
0.24756207
-0.17313488
0.027020467
0.2149988
0.25841978
0.078389265
-0.15168464
-0.13895464
-0.3037719
0.2006824
0.3167749
0.27294293
-0.2609228
0.15032218
-0.05634877
0.15004168
-0.26191494
-0.008693499
0.2534085
0.20682007
0.2746921
-0.14699803
0.19792385
-0.091668196
0.2953719
0.26676336
0.0843444
-0.13987042
0.17084253
-0.3645659
0.23140764
-0.0005133604
0.28786835
0.046380963
0.21212761
0.13761708
0.2242826
-0.32922336
0.044279616
-0.31168896
-0.1513441
-0.1561307
-0.26242334
-0.19285232
0.24354449
-0.35244393
0.14376362
-0.267426
0.078251526
-0.018165423
-0.09696311
0.047516774
-0.0611226
-0.071859665
0.0695314
0.13805816
-0.11316714
-0.17388341
0.11519803
-0.118766956
-0.2272146
0.28041995
-0.23265365
0.21182619
-0.3150648
-0.018111495
-0.19741285
-0.28488043
-0.058414314
-0.021823436
0.25657022
-0.008244918
0.08886699
0.28273287
-0.14143121
0.19353688
-0.18557712
0.13416764
-0.04744159
-0.5341969
-0.3130494
0.5289512
0.29584277
0.49175996
-0.21775933
-0.14921723
0.024789933
0.5023626
-0.037877988
-0.6667998
-0.60573804
0.02375134
0.41009116
-2.13254
-0.38149947
0.31280428
0.1677512
-0.044749655
-0.34694088
0.44513533
0.16267607
0.28415078
-0.17585482
-0.1908073
-0.21453549
0.4067688
0.26941642
-0.3048517
0.12595321
0.14062896
0.085859485
0.07962491
0.03330032
0.19721292
-0.11764279
0.022677166
0.08548111
0.21186288
-0.94736826
0.14780879
-0.085364364
0.14711133
-0.107625574
-0.025988372
0.21266118
0.13371411
-0.20918725
0.0022135584
0.14882286
0.08532396
-0.1772279
0.09219273
-0.4067235
-0.07664937
-0.2818926
-0.16706158
0.22128822
0.29750374
0.17439714
-0.25120255
0.13668922
-0.15955096
0.017575672
-0.029790377
0.021430252
0.06512083
0.403299
0.06787714
-0.27513692
-0.12539276
0.051851377
-0.45065457
-0.022467744
-0.27214056
-0.011024918
-0.17027363
0.46917155
0.00022152091
0.3766453
0.2673268
0.30288124
0.24411565
0.29844078
-0.02974686
-0.09808743
0.40686172
0.27685106
-0.30075198
-0.14453192
-0.022293465
0.29360738
-0.040683635
-0.4991462
-0.0498825
-0.22799636
0.0746513
-0.0044299955
-0.33484674
0.28884548
-0.04131187
-0.022573266
-0.04176893
-0.10520568
-0.36233366
0.06362561
-0.2173956
-0.25572988
-0.12779555
-0.28013533
0.11469745
0.22906423
0.06273337
0.1862682
-0.065680884
-0.09255633
0.27939358
0.1999139
-0.07988647
0.5402788
0.098458745
0.089295655
0.35282686
-0.03372612
-0.092385225
0.18664408
-0.04231913
0.022167068
0.036400024
-0.40468946
-0.044770267
-0.39633137
-0.10427515
-0.09293704
-0.5691317
-1.1333184
0.3072408
-0.026103938
-0.4580245
0.3872268
-0.032115642
0.40921372
-0.19537228
-0.31818452
-0.20257126
0.25684696
-0.04852754
-0.2597549
-0.09621674
0.095058426
0.3196594
0.13884446
-0.12462441
-0.74001503
-0.23600286
0.42778787
-0.20062383
-0.059529983
-0.21364649
-0.3967719
0.0007659841
-0.28681532
-0.2790299
0.1356071
-0.35346234
0.053867277
0.24398887
-0.24513133
0.07624685
0.118361
-0.36795196
-0.10132027
-0.52989477
-0.38631046
0.17146249
0.32320094
0.32289398
0.30248448
0.23801944
-0.11314685
-0.047648456
-0.12192557
0.3451442
-0.31470078
0.101966515
0.3377975
-0.021903222
0.047558106
-0.16151553
-0.030692078
-0.0030219685
0.41661292
-0.47471553
0.29335812
0.06351582
-0.23379223
0.17132522
-0.15668145
0.35185277
-0.024431063
-0.1460563
0.3701066
-0.2895309
0.13360336
-0.02626168
-0.4265598
-0.048325654
0.4012498
0.11602479
-0.112543546
0.8344669
-0.073974766
-0.17432047
0.12705056
-0.3180872
-0.12919366
0.21102442
0.04993655
-0.07878135
0.35032815
0.110976115
-0.3803664
-0.15291727
-0.15678765
0.18340582
-0.11321259
-0.16893491
0.08725281
-0.294508
-0.0197789
0.027714629
-0.08523613
-0.079336256
0.20025663
-0.21821445
-0.015435499
-0.04890498
-0.35142672
-0.04716911
0.11092662
0.10017793
-0.057887346
-0.15180455
0.59201777
-0.20413959
0.09784031
0.20037028
0.009455073
-0.32624978
0.1369162
-0.11524502
0.06370021
0.019844024
0.19306448
-0.06687162
-0.41613963
-0.12034594
-0.051081132
0.030483173
-0.09858054
0.26385844
-0.26429582
0.2442595
0.4016667
-0.19655973
0.13167968
-0.14092433
0.23237862
0.3210417
0.20073673
-0.6002593
-0.19157848
0.19534895
0.16330053
0.03404589
-0.0034366425
-0.15101235
0.1747289
-0.14416854
0.12894176
-0.26987144
-0.0022623995
-0.28195298
-0.026035696
0.2600824
-0.18674605
0.45089906
0.36122978
0.08432436
0.16398562
-0.25104824
-0.27855858
-0.08198459
-0.049344752
-0.0200021
-0.28500056
0.06639004
0.25308555
-0.15574732
-0.1621332
0.04290617
-0.028491832
0.116739035
-0.059553638
-0.026190687
-0.19345027
0.03742436
0.2602106
0.2779736
-1.3705082
-0.06438661
0.1668607
-0.14903164
0.13946079
0.15139383
0.07597553
0.28091702
-0.30234048
-0.0117663955
0.044949118
-0.32089937
0.11866207
-0.29782885
0.3979751
0.15171777
-0.28827196
-0.01775696
-0.2856996
-0.008982062
0.001229455
0.23063022
-0.17058668
-0.09898956
0.09006621
-0.33533213
-0.09352066
-0.00027021987
0.18128636
-0.20373304
0.17913245
-0.33626917
-0.23801534
-0.63743794
-0.24925454
0.3120547
0.22065431
-0.15024282
-0.41539472
-0.2464786
0.09529886
0.0025222679
-0.28743365
-0.0043730005
0.10543098
-0.22392416
-0.032005787
-0.053365704
-0.095563
-0.17163225
-0.10715893
0.25398532
-0.3245352
0.010317923
-0.36166328
-0.14614455
0.2622831
-0.08460796
-0.16121407
0.25869954
-0.04758432
-0.20879936
0.14453359
0.15862682
-0.16612075
-0.07989553
-0.27923638
0.13969836
0.010695599
0.06964399
0.20687035
0.032909967
0.16258639
0.0397458
0.0017003756
-0.6201075
0.09966773
-0.2425829
0.3390651
0.32599556
0.04235225
-0.19712277
0.41686985
-0.1768938
-0.13972925
0.029906023
-0.0693269
-0.22817163
0.17343101
-0.27741167
-0.08652528
-0.20398355
-0.2176507
0.08982414
0.7060693
-0.27384955
-0.034491025
-0.1875635
0.38541454
0.25846305
0.14841206
0.011581569
-0.8834182
-0.007947938
0.10606447
-0.25884506
-0.18876664
-0.13097617
-0.024759114
-0.06295118
0.10802456
0.11705027
-0.37216175
-0.24982604
-0.11797186
0.29733953
0.23910633
0.23577817
0.32334277
-0.092777275
0.16115509
-0.11996379
-0.08128018
0.2397818
-0.2507587
-0.34697428
0.08461164
-0.029502258
-0.0706344
-0.36918908
-0.14163339
-0.19959474
0.08023294
-0.25361547
-0.17423974
0.316784
0.22966003
-0.02921397
-0.23384464
-0.1912664
0.27912796
-0.16502869
0.28144643
0.5546203
-0.2815019
-0.18576242
0.023034992
-0.3047385
0.11359953
-0.07748754
0.23986752
-0.0015310728
0.24933867
-0.02813204
0.15826921
0.34611878
0.049730487
0.17726234
0.33452004
-0.013554859
0.035989396
-0.20643066
-0.25929683
-0.22946902
-0.08996639
0.07140204
0.24058148
-0.012799087
-0.60298353
0.06476332
0.08425062
0.24028614
0.08762252
0.13133992
0.17373043
-0.09662688
-0.17798072
0.15273763
-0.32293695
0.07302114
0.26046512
0.27356654
-0.16207753
0.25306758
-0.015483942
0.06915253
-0.27663517
0.24200727
0.17682216
-0.27873403
0.13709629
-0.110299766
-0.14160134
0.033924937
0.08279174
0.18082283
-0.20391802
-0.072952
0.0051218662
-0.33512506
0.34206745
-0.23324078
0.0033703374
-0.09764623
0.0044962037
0.09079432
-0.18863405
-0.065413766
0.35130876
0.1352005
-0.05031596
0.30358288
0.073405646
0.100237995
0.03891945
-0.24879207
0.37782443
-0.018369297
-0.044888742
-0.2673972
0.3759104
0.019822247
-0.45249102
0.37289926
0.0062029627
-0.18658714
0.07718721
0.07711807
-0.2102811
0.2073931
-0.23205324
-0.0356219
0.04976235
-0.028623855
-0.123979084
0.08069141
0.0011162565
-0.13209756
-0.20654707
0.04813676
-0.07746235
0.11747025
-0.3499488
0.0040025692
-0.16091993
0.17968993
-0.08968491
-0.320937
0.12442763
0.2405882
0.27584228
-0.038742777
0.1604179
-0.33573565
-0.12603362
0.065172985
0.2218835
-0.34165382
-0.032446135
-0.031125426
-0.02878662
-0.18298629
0.1630803
-0.009040794
0.005298817
-0.06522862
-0.23412976
-0.10192133
0.17953375
-0.30249313
0.21821512
0.11059244
-0.08014198
0.011460129
-0.03445206
0.077848405
0.059729826
0.37319022
-0.108918555
-0.19272384
-0.109471165
-0.04120733
0.4333508
-0.017197018
0.06356808
0.022519162
-0.028968062
0.041418225
-0.08166438
0.23052968
0.21504457
-0.30147853
0.16273642
0.08907357
0.07628974
-0.7331143
-0.112424254
0.49209476
-0.08653888
0.24291956
-0.3181893
-0.018521313
-0.24650982
-0.32288706
0.28303808
-0.2478208
0.01802218
0.0038653056
-0.13236946
0.08970618
-0.13013162
-0.025841093
-0.129286
0.29426384
0.051029954
-0.03578016
0.13953477
0.09349528
0.0032958973
-0.34285522
0.26580346
0.29469556
0.109491386
0.40091226
-0.026792012
0.17535636
-0.20278487
0.28821287
-0.21468084
0.015172997
-0.027282948
-0.2648561
-0.050024044
-0.08392933
-0.08355719
-0.047538828
0.34109026
-0.028796181
-0.27310094
-0.018793251
0.21392253
-0.25035986
-0.18782593
-0.055119574
0.11306763
0.10454285
0.25326526
-0.022058627
-0.4432981
-0.33702227
-0.76768523
0.19094539
0.16708021
0.38957003
0.04991722
-0.14133619
-0.07793164
0.039251674
-0.09945672
0.017173247
-0.066465415
-0.08050157
-0.5540978
0.8201984
0.27795452
0.18774381
-0.15034103
0.039127335
0.5104174
-0.0764201
-0.024784116
-0.3276794
0.10543711
-0.12854578
-0.05513131
0.14419135
0.26884845
-0.17834973
0.12428344
0.25401163
-0.02143029
-0.28749794
0.31607503
-0.17820197
-0.13858692
-0.14744605
-0.14694323
0.24148324
-0.100592464
0.2652868
-0.044471994
-0.10018841
0.061367642
0.09449359
0.32449722
-0.1492958
-0.23620841
-0.74253
-0.2832067
0.24397326
0.07218775
-0.15142457
0.34564638
0.3112172
0.22812608
-0.38617295
0.0334138
-0.26058248
0.03247578
0.12862091
0.24211286
-0.04517287
0.16449732
-0.8894294
-0.041441612
0.31805697
-0.22255115
0.07214865
-0.40009028
-0.06810042
0.045408133
-0.070133984
0.07918709
0.18763916
0.3148828
0.068203144
-0.4989896
0.23953259
-0.12300081
-0.1091298
-0.045343097
-0.23096953
-0.15894881
-0.011355373
-0.06323117
-0.17866173
-0.19067705
-0.08972943
0.24953622
0.32516396
0.13913983
-0.16337614
0.25394005
-0.1466258
-0.19187474
0.25075257
-0.29976225
0.013635267
0.014509609
-0.03606666
0.15884084
-0.042205844
0.157021
-0.20892775
-0.23755911
-0.29227287
0.051119704
0.059865624
0.0614758
0.31016642
0.19362584
0.07591297
0.14889768
0.51390386
0.110521376
0.09522277
0.029277205
-0.18598759
0.05115374
0.38038948
-0.13295184
-1.2920206
0.15324306
0.16170014
-0.124898896
-0.25135466
-0.043085095
-0.026281824
0.259609
0.037928507
0.26072872
0.3306252
-0.09312865
0.048637267
0.009664758
0.09591327
0.15900117
0.033993926
0.06533381
-0.17502445
0.08182396
0.17779177
-0.22473256
0.03126964
-0.039626036
0.10614125
0.12771417
0.4721155
0.07287162
-0.11387834
-0.29709908
-0.09682497
-0.2692812
0.06932822
0.027109023
-0.09104359
-1.4405066
0.10858237
0.2082311
-0.007161203
0.038216125
0.029109294
-0.08992757
-0.1481747
0.1944576
-0.17636368
-0.336986
-0.22626325
-0.17342901
0.0902636
-0.24909525
0.124464944
0.011831301
-0.36742538
0.10436924
0.16445865
-0.01435054
-0.057424515
0.11200447
0.15008144
-0.12681231
0.65189695
-0.13566707
0.45001104
-0.2178136
0.39951673
0.05155191
-0.08050454
-0.21219629
0.16041015
0.061108157
0.14459921
-0.08128529
0.1359681
-0.114124194
-0.04937483
0.05539688
0.03315194
0.2619273
-0.053080592
-0.13541056
-0.2705819
0.021338768
0.08952704
0.15007584
-0.5988342
0.2580815
-0.16863744
0.0006560143
0.15229824
-0.08132184
0.008460769
-0.14476705
0.20100601
0.18052132
0.22242709
0.2503778
-0.37241095
0.30455083
0.13004047
-0.0012083575
0.10833782
0.08350969
0.21463907
-0.32321492
0.0056492444
0.16916747
-0.0514919
0.24735802
-0.14989665
0.29359382
0.06803283
0.3267575
0.28566697
0.018539034
0.43053633
0.29614908
0.2951917
-0.105804846
-0.010118881
0.016033715
0.40814033
-0.0073201787
0.031208292
-0.15638311
-0.1143518
0.0067461007
-0.34467492
-0.013557156
0.12933755
-0.11738552
-0.14395827
-0.29646233
0.31105655
-0.21163408
0.20906195
0.10648117
-0.22893888
0.07132253
0.25239113
-1.150047
0.0769141
-0.18437423
-0.23967855
-0.39350644
-0.5672325
0.40939593
-0.29146665
0.042123176
-0.003993988
0.06265918
-0.025002023
0.112634495
-0.18464024
0.056087174
0.12278211
0.098318025
-0.22297254
-0.19544788
-0.18784356
-0.24626574
-0.027277365
-0.39479947
-0.0035171187
-0.28523782
-0.09312504
-0.0877811
-0.42390314
-0.12770309
-0.24610558
0.08115157
0.2279531
0.2472502
0.06759828
-0.035453666
-0.11263961
0.07567389
0.15847927
0.118961304
-0.024216808
0.019869214
-0.0020627803
-0.064489245
-0.30621126
-0.063068785
0.14656219
-0.2111814
-0.037746094
0.2705157
0.34258804
0.03100494
-0.047361806
-0.09578639
0.002031135
-0.050443575
-0.07848067
-0.09773024
0.21633665
0.012077301
0.14338487
-0.0939628
0.30979037
0.054891232
-0.28407884
0.05080958
-0.14155379
0.011584163
0.24008964
-0.21652193
-0.16583577
-0.024137717
0.041033603
0.27977648
-0.30436885
-0.18807723
-0.26601833
-0.05991197
0.23186336
0.04577363
0.3135058
-0.0036549016
0.11176654
-0.150935
0.032348603
-0.34596646
-0.20685032
-0.116317704
-0.03178697
-0.0671777
-0.18065268
0.22006306
-0.1749829
-0.13726203
0.05808078
0.21975337
0.066261314
0.19876051
-0.024118464
-0.07175454
0.23944172
-0.20073496
0.36793065
0.047524214
0.07143139
-0.07051316
0.040481176
-0.06957379
0.11865176
-0.13232225
0.16412738
-0.06908241
0.23318003
0.18199651
-0.13191639
-0.22018231
-0.24828798
0.280868
0.12023554
-0.063535295
0.026936812
0.31305972
0.3279693
-0.061941553
0.17572242
0.07883157
-0.067352936
0.056028593
-0.034381747
0.09922284
-0.047144473
0.070610404
0.06520548
-0.33807087
0.24529897
0.062243666
0.17811622
-0.1968902
-0.35590315
0.23066051
-0.0632458
-0.13594131
0.5121469
-0.17268622
-0.026897358
0.066060506
0.15207353
0.012388526
0.2563997
0.06626708
0.09159717
-0.15955801
0.16634977
-0.09917993
0.16501008
0.059929814
-0.28700548
-0.11463197
0.34856328
-0.051996965
0.01070333
-0.086778775
-0.013524276
-0.14383362
0.39393
0.18001753
0.059113353
-0.21077266
0.18709779
-0.019580474
0.04333109
0.05486604
0.3161852
0.09302368
-0.3598123
0.050573416
-0.30736935
-0.1777067
0.26624817
0.16672026
-0.1377239
0.21038009
-0.07800559
0.18148917
0.3146609
-0.06063867
0.16798362
0.24382624
0.12799843
-0.24406037
0.21466053
-0.121781476
-0.12977605
0.08782914
0.12907211
0.12762633
-0.0011077824
-0.020951416
0.20817454
0.0513068
0.4343778
-0.117233135
0.08880755
0.16091967
-0.21214862
0.38764644
-0.23871666
0.18990195
-0.11172475
0.16472323
0.009326071
-0.20475821
0.07751072
-0.14649977
-0.09974086
0.27002478
-0.26381516
0.20324701
0.3013403
-0.1834164
0.07594836
-0.37379768
0.0300307
-0.035480503
-0.2933691
0.12827103
-0.14096744
0.07281682
-0.10349977
-0.313763
-0.28835624
-0.22519101
0.18457481
0.19082184
0.2881732
0.13669667
-0.020007465
-0.2449003
0.056835473
0.16590782
0.38506526
0.066668846
-0.63312054
-0.18348055
-0.2513392
0.0841823
0.2817785
-0.10586172
0.06741508
-0.34415084
0.16653335
-0.22447638
0.13255312
-1.4409362
-0.0036976656
0.44882488
-0.24251713
0.11025029
-0.019259078
0.26459348
0.3160797
0.181333
0.054071184
0.30503416
-0.14114249
0.2308686
-0.04056855
0.55062467
-0.092231065
-0.21502532
0.260131
0.009756594
0.024193782
0.1523228
-0.07108853
-0.058660056
-0.013133179
0.106484905
-0.2413523
-0.08399597
0.27070808
-0.17581528
-0.3112411
-0.09592256
-0.39519256
0.10219561
-0.058010995
-0.0997418
-0.21849166
0.08888278
-0.24749312
0.48109797
0.3216893
-0.19116186
0.301257
-0.059414398
-0.057045683
0.016229808
0.1987591
0.23942482
-0.0057180324
-0.67223465
0.15370029
-0.3372833
0.20675611
-0.34788367
-0.18146513
-0.061156213
0.209739
0.038031124
-0.21195494
-0.020239234
-0.017163763
0.072833665
-0.01391733
0.2596582
-0.15035091
0.11289816
0.007437321
-0.28903055
-0.4238948
-0.030549962
0.10063355
-0.09131481
0.1620568
-0.16777723
0.37798774
0.12899019
-0.017278206
0.095841035
0.22985436
0.24003795
0.30398765
-0.13167645
0.033386856
0.19331235
0.079659425
0.22238398
-0.20930097
-0.18970194
-0.17177944
-0.099629946
-0.18191591
-0.26951647
0.353668
0.10215899
0.24971494
-0.08894095
0.18251683
-0.22269616
0.2565807
0.07424266
0.04392498
-0.3696067
0.23374242
0.16669968
0.042387545
0.13067243
0.34417942
0.17809463
-0.24771467
-0.33579785
-0.57285005
0.22853349
0.08335012
0.059780143
-0.5723126
-0.04645503
-0.4087208
-0.17011985
0.06661859
0.14598945
-0.31275812
-0.17328875
-0.32957223
0.13343693
-0.34351295
0.0077952617
-0.322348
0.19635114
-0.21018268
-0.22059633
0.025931507
-0.02278839
-0.13055697
-0.25532964
-0.13607265
0.046793204
0.029203536
0.24270307
0.063739516
-0.27341905
-0.30928326
-0.2096766
0.023452744
-0.15994944
0.2440369
-0.4790532
-0.04248652
0.0206394
0.08864092
-0.123690434
-0.14062837
0.22159111
0.51939875
-0.104482375
0.08316271
0.2716
1.1278483
0.087706104
-0.23493478
0.016344864
-0.029563585
0.03613181
0.26646158
-0.27710664
-0.09014042
-0.09114335
0.08789125
0.14885372
-0.22110137
-0.15948027
0.22515057
-0.13278364
-0.26032028
-0.13826853
-0.17112668
0.014274865
0.010187197
-0.21440445
0.18139821
0.16130722
0.20930317
0.08989587
-0.047775947
-0.13137172
-0.09808484
0.16334465
-0.21998727
-0.53642434
-0.12659995
-0.2728634
-0.057754673
0.15268283
-0.28874415
0.31297994
-0.21293935
0.25631744
-0.032610305
0.16822965
-0.15137754
0.0011797657
0.16380621
-0.16974857
0.04602345
-0.073429406
-0.1137473
-0.2549009
-0.02390255
0.053906787
0.2624547
0.1116883
0.2146042
-0.080151886
-0.08952619
0.18021427
-0.17016822
0.087092444
-0.24968666
-0.086593136
0.39669806
0.08864783
0.15667805
0.011595759
-0.47601035
-0.0896405
-0.41030928
-0.5441889
-0.23320653
0.07982187
0.089726165
-0.7805636
-0.48082712
0.05718764
0.036668837
0.11741248
0.09466818
0.1446483
0.3298078
0.027127584
0.33523273
-0.20854244
-0.019858016
-0.34150204
0.2800917
0.11310358
0.1258913
-0.322852
-0.00443308
-0.04675712
0.23096849
-0.13286163
0.09614173
-0.18127869
-0.086872704
-0.22306721
-0.078273535
-0.07592518
0.20949328
0.07719788
0.18797363
0.012274443
-0.14188284
0.20732638
-0.03386181
-0.11058119
-0.78452593
0.32690135
0.11804748
-0.44144645
-0.0997109
-0.078404225
-0.4481271
-0.16488738
0.27493364
0.097159944
-0.5467095
-0.2603959
0.11473185
0.2592844
-0.20652127
0.27780253
0.20331402
-0.0939459
-0.2141197
-0.22625151
-0.01903574
-0.14855504
-0.1120885
-0.26443002
0.28770703
0.16552855
0.23741874
-0.16576931
0.30374518
0.16257453
-0.4999753
-0.007928371
0.12168233
-0.13712902
-0.33220994
0.11911541
0.019149758
-0.14270708
0.16103071
-0.22444673
-0.0004474521
0.11830336
-0.18286188
-0.12993357
-0.2235514
0.13473701
-0.3484177
0.06397776
-0.17263983
-0.30943465
0.34511864
0.3891574
0.09610266
0.23386529
0.19334616
-0.05740173
-0.01616778
-0.14934845
0.32246348
0.44889474
0.10445473
-0.09889318
-0.052283123
-0.27948004
0.34118983
0.18899241
-0.013297823
-0.10027538
-0.1454022
-0.24236207
-0.22484547
0.1941756
-0.105885476
-0.14832422
-0.037413146
-0.28287932
0.007941794
0.020007396
-0.23654926
0.06755901
0.25135508
0.10176676
0.11979133
0.1246242
0.28522342
-0.14348198
-0.16973212
0.049560595
-0.29293528
0.36414754
0.022536436
-0.05779125
-0.12807247
0.005640987
0.034631222
0.023475775
0.25548452
0.03663306
0.37036046
0.2512703
0.23339517
0.5243669
-0.16994962
0.012917791
0.2224238
-0.32501963
-0.25419804
-0.31632197
0.004738025
0.23398587
0.19136386
-0.19300139
-0.24367514
-0.15178978
-0.28199005
-0.21011874
-0.51748776
0.1471931
0.26636913
0.20898513
-0.102759376
0.03155904
-1.3973057
-0.25251693
-0.40562445
-0.021629099
0.21396403
0.0042715073
-0.11119308
-0.11711138
-0.035356868
-0.29329744
0.32054335
-0.3137194
-0.13924073
-0.29489928
-0.37488985
-0.20726328
0.17477742
-0.23155838
0.20454346
0.049301922
0.16939513
-0.031788893
0.24265647
0.16125216
-0.24713059
0.032626085
-0.21800523
0.1349895
-0.018707853
-0.19985905
0.3987659
-0.0080677075
0.30815375
-0.33522484
-0.09606736
-0.088054664
-0.32044417
0.0769544
-0.24603978
-0.3026853
-0.14098704
-0.13997263
-0.081233904
-0.0045126732
-0.12029938
-0.2528054
0.031799853
0.27388287
-0.23499724
-0.33927846
-0.034691274
0.08645418
0.18014964
-0.19519655
-0.06291345
-0.19911616
-0.2871883
0.22899017
0.2548061
-0.01660502
-0.36311865
-0.25670102
-0.19687635
-0.025477512
-0.114870675
0.2207624
0.17868674
-0.203983
-0.21348847
0.18529592
0.016947461
-0.102556214
-0.28559655
-0.09080154
-0.21004796
-0.15702474
0.1520296
0.27297065
-0.14603825
-0.09459676
0.13897009
0.03795422
-0.27229285
-0.20962892
-0.11469695
0.1630926
-0.16768976
0.1918903
0.048094813
-0.23779175
0.0391399
0.3614258
0.16206312
-0.4067539
-0.076156564
0.40916964
-0.05277682
-0.16232683
0.31754786
-0.38632092
-0.31864595
-0.17449638
0.14366488
0.29013166
-0.23072405
-0.11123179
0.03299785
0.16962187
-0.33612746
-0.22449051
0.18639573
0.15310362
-0.013595766
0.24958602
-0.028476708
0.1996494
-0.2973963
0.17661966
-0.2264067
-0.288294
0.312124
0.035311084
-0.20835613
-0.019255767
-0.15658222
0.21287102
0.046694126
0.28147465
0.17624868
-0.12893435
-0.012119026
-0.10912848
-0.20166446
-0.14579412
-0.039942138
0.19919114
0.19912724
-0.156257
-0.24974008
-0.24151728
0.03780181
0.14160053
-0.37187287
-0.23416175
0.18872091
0.17196192
-0.19249342
0.3040895
0.20121917
0.18846434
-0.3136841
0.19704203
-0.14618894
-0.13162427
0.17694454
0.010401446
-0.3023741
0.092183106
0.046551097
-0.36734492
-0.12456336
-0.039463066
0.034287553
-0.1468529
-0.27556476
0.19370298
-0.33304137
0.39171985
0.20835228
0.28853357
-0.06202455
0.21369345
0.113820955
0.08426654
-0.38731828
-0.035035368
-0.17808661
-0.17012598
0.15248471
-0.1731186
-0.20466371
-0.09103508
0.18503544
-0.10083573
0.2515489
-0.2421244
0.13821687
0.19619933
0.3627355
-0.23951714
-0.1727666
0.01045744
0.11483807
-0.07798917
0.05089873
0.2411869
-0.065121666
-0.059121165
0.18692183
-0.18147801
-0.13763447
-0.11133241
-0.030076727
0.21717483
0.08009803
0.037635177
-0.21779352
-0.36139694
0.5036604
0.10945825
0.09750518
-0.3108118
-0.02404651
-0.27005824
0.23800014
-0.16589808
-0.3497107
0.16531934
-0.31322214
0.4434583
0.15726385
0.24151179
0.114961036
-0.29264578
-0.1568209
0.13962351
-0.28908446
-0.0031826752
-0.13539211
-0.14792772
-0.049566858
-0.2451956
0.20001584
0.05733913
0.01465126
0.035573788
0.10257438
0.34621552
-0.043923035
-0.067555316
-0.0029975956
0.31470278
0.3755722
-0.34147328
-0.11188468
-0.23793507
-0.1819409
0.21412718
-0.12069583
0.22715396
-0.22309113
-0.24958538
-0.24102047
-0.009496662
0.16386189
0.09261256
-0.05387961
0.21955615
-0.021221163
-0.17642903
0.31137317
0.24699336
0.08501246
-0.12079182
-0.30614498
0.10935735
0.16589105
1.7898626
-0.3416029
-0.12706311
-1.3690888
0.20913245
0.04497984
-0.3253957
-0.044653267
0.077368475
-0.049820088
-0.113592364
0.13866942
0.30483598
-0.20488654
-0.6684282
0.042732723
-0.102748536
-0.20732205
-0.20875783
0.07511112
0.021808207
-0.20776962
-0.27150744
-0.23726605
-0.028368227
0.2014468
0.2118582
-0.020769134
-0.26641297
-0.30068243
0.3117313
-0.09340761
0.15385741
0.23258154
0.07447515
0.27335435
-0.04719744
0.15191981
0.117035806
-0.21968979
0.33057085
0.16648217
0.14172947
-0.0710131
0.07633735
-0.88998723
0.13894258
-0.060030017
0.17300615
0.6296541
0.26002574
-0.006857897
0.6158742
0.23135164
-0.27900663
0.1868121
0.59177697
-0.13062581
-0.32429022
-0.121674314
-0.033509817
-0.4030548
0.2411088
-0.08573039
0.23792969
0.21328801
-0.023597082
0.15534736
0.05268517
0.04430327
0.089647
0.29008996
0.23230971
-1.4729127
-0.06418757
0.21570112
0.07231278
-0.18400593
-0.17284466
0.014283185
0.42212138
0.35742852
0.34236497
-0.17860222
0.31309363
-0.24815334
-0.004513502
-0.032520615
-0.013599645
0.14685361
-0.3363801
0.18639755
0.17873181
-0.17120762
-0.19946565
-0.36392552
-0.1563418
0.291012
-0.15446568
0.105734386
0.08756823
0.19492602
0.119731784
0.057301037
-0.3409137
0.001969519
0.06887214
-0.28641027
0.27754813
0.17752422
-0.05415701
-0.087211646
-0.11489181
-0.21372418
-0.11669252
0.046636753
-0.0783757
0.07345811
-0.068278156
0.013054051
-0.2378746
-0.121010564
0.34455156
0.12795143
0.089219645
0.007590562
-0.061246723
-0.011332784
0.0486715
-0.038995814
0.12339378
0.40073922
-0.07987284
0.19157809
-0.44481093
-0.45205122
0.04218748
0.046905134
-0.3187813
-0.07175118
0.10582137
-0.23664914
0.19809896
-0.06519668
-0.26148093
0.114630945
-0.08363189
0.18025771
0.15726078
-0.11676465
0.15626639
-0.11723118
-0.053365678
0.107743
-0.23568605
0.30974725
-0.028837735
-0.48075414
-0.1731381
0.2876202
0.1631081
0.36633566
-0.09479182
0.18844877
-0.16929424
-0.3402974
-0.09983072
0.026166799
-0.2656798
0.19300196
0.12419605
0.15998618
-1.6174924
0.08572848
-0.04218092
-0.13510542
0.25210282
-0.193767
0.32445946
0.026006877
-0.052644897
0.08255764
0.0090935975
0.19449495
-0.1791402
0.07892236
0.19843931
-0.0066985716
-0.00948799
-0.123150826
-0.21123086
-0.0953483
0.059851725
-0.2206955
-0.03767862
0.02220599
0.22180347
-0.28013185
0.25133
0.12641115
0.058017362
0.24125746
-0.21977377
-0.08236914
-0.0777275
0.059679575
-0.12985046
0.06787294
-0.11351767
0.08377847
-0.07382195
-0.40059432
0.4284091
-0.09404955
0.24268416
0.111411184
0.40126258
-0.034659717
-0.24110167
-0.18000235
0.27487248
-0.03864326
-0.14580002
0.32960698
-0.1977433
0.23582505
0.17677602
-0.16954888
0.21973628
0.07815452
0.2008467
-0.15964478
-0.09149528
-0.18699463
0.11116794
0.5261271
0.14222693
-0.18940458
-0.16999507
0.20833598
-0.14011271
0.13523395
-0.2887097
-0.2703945
0.27229828
0.101388246
0.34138757
0.017864252
-0.21974951
0.21453601
-0.100157924
-0.053097937
-0.18374616
-0.13343085
-0.11300374
-0.004106835
0.17599876
0.055225953
0.2578463
0.30367023
0.026675195
0.29725087
-0.06370726
0.33472562
-0.2676547
0.15383896
-0.29984295
0.26568913
-0.13773671
-0.1852043
0.12928209
0.25980285
0.036715835
-0.14768167
-0.0035285903
0.13934314
-0.29631186
-0.16495761
0.11892623
-0.19563396
-0.3032479
0.14275903
0.024904996
-0.047659427
-0.16622977
-0.19119313
-0.06850047
-0.14232203
-0.20657101
0.18683068
0.33503672
-0.014085425
0.028010296
-0.14702435
0.16183226
-0.09066311
-0.017619058
0.16962785
-0.20325527
0.16108745
0.2581169
0.19169465
-0.2195042
0.10160699
-0.15591796
-0.13658158
-0.06976594
0.16526717
-0.35361773
0.20862952
0.10578683
0.034045834
0.07733317
0.14375663
-0.0419097
0.23761535
-0.2669922
-0.5698386
-0.064322256
0.38984558
-0.088319585
0.08743819
-0.10919239
0.21816716
-0.5771322
0.017246766
0.035809483
-0.0129819475
-1.02039
-0.041038625
-0.33596346
0.13993998
-0.07429609
0.024510976
0.15949897
-0.2760315
-0.15392901
-0.074828915
0.12615386
0.12003698
-0.12142821
0.11790166
-0.010563999
-0.36508715
0.06375962
-0.14226152
-0.015408855
0.012385026
0.04728814
0.19899377
0.20419097
-0.20503086
0.011070115
-0.22114456
0.09469281
0.4088207
-0.19211225
0.12029544
0.31615615
-0.07141205
-0.22379768
-0.05184634
-0.2974985
0.24299248
0.15151863
-0.20888563
-0.38228732
-0.04097555
0.06989625
-0.22924957
0.081586055
-0.31627536
0.2588542
-0.04255038
0.3846065
-0.12226887
0.22867227
0.19825381
-0.15076417
0.096321136
-0.10167582
0.123267435
0.1495209
-0.32578608
0.20146902
-0.3270971
0.18562955
0.08163147
-0.18857552
-0.23605232
-0.1348139
-0.18818161
-0.27188146
0.28923258
-0.22210841
0.1515292
0.04597914
-0.26867858
-0.26474854
0.022758054
0.1191193
-0.15791722
-0.25778446
0.0789906
0.30678666
0.32964718
-0.06190993
-0.23861726
0.15824129
0.2414526
-0.1935062
0.19988881
0.03637863
-0.29326355
-0.10812924
-0.2113606
0.15904604
0.27926263
0.06247516
-0.026450634
-0.24625303
0.07404332
-0.3003445
0.036780752
0.033783235
0.2482251
-0.07035371
0.0040253513
0.3065821
-0.05712558
0.042129926
0.23495878
-0.033823535
0.039195128
-0.115016416
0.037926693
-0.13296485
-0.08220573
0.0729894
-0.08031455
-0.1083886
0.19858898
-0.35527983
0.09035094
0.12913424
0.045894954
-0.2991442
0.08371404
0.0546942
-0.27457595
0.06025143
0.087559
-0.042538125
0.028824992
-0.04977974
-0.365087
0.37103474
-0.056723356
-0.27558112
0.2253478
0.020327551
0.069051765
0.14867312
-0.22330458
0.28316954
-0.07673812
-0.259948
0.14092073
-0.10511085
-0.24975872
0.33574563
0.2831682
0.057933956
0.24522907
0.22174475
0.07975488
-0.33165067
0.32026538
0.2394206
0.25388116
-0.16620941
-0.042538498
-0.10336158
0.008958637
0.2021808
-0.14576624
0.14501311
0.304289
-0.30114704
0.14517881
0.18224712
-0.078382485
0.31225324
0.021357019
-0.12409145
-0.06379693
-0.14141087
-0.23050916
0.020458845
-0.031200498
-1.2010765
0.252939
-0.101781584
0.11174925
-0.16567412
0.03416971
0.03467265
0.02835515
-0.09064286
-0.13019831
-0.09910042
-0.00471762
-0.035724074
-0.024388503
-0.25362632
0.26525253
0.14229518
-0.05495815
0.21150707
-0.104950696
0.16394863
0.20042384
0.13148057
0.18915685
0.028419763
0.12566373
0.0009513012
0.048976496
0.013826733
-0.36157343
-0.03197499
0.17656863
0.058915723
-0.17831326
-0.13537718
-0.081345074
0.28944167
-0.32746676
0.28965735
0.14809835
-0.18531129
-0.31838977
-0.004714226
0.24643674
0.056968097
-0.27542493
-0.27720457
-0.31990585
-0.0060353344
0.0032508615
0.2987369
0.0793567
-0.027071021
0.07573883
-0.06958946
-0.06586665
0.04394438
0.11244994
-0.16760994
0.31617582
0.25502014
0.060657114
-0.049078595
0.22765666
0.4130844
0.119982205
0.20795923
0.23337317
-0.26536742
0.1164261
-0.06355921
0.12332314
0.047102302
-0.27771285
-0.19013858
-0.030203272
-0.25362352
0.3246981
-0.27187312
-0.038456235
0.30575666
-1.289863
0.038615167
0.33524847
0.047477
1.1487433
-0.16280365
0.14422162
-0.15977906
0.2510124
-0.13083948
-0.044525567
-0.12341822
-0.08246227
0.28258517
-0.03548474
0.2706485
0.11722659
-0.27940142
-0.17742598
0.903299
-0.9946735
-0.24371657
0.082326636
0.043309335
0.07377249
0.12274903
-0.266325
0.20568113
0.24698587
0.020347275
-0.25634843
0.16285798
-0.15751192
0.1068824
-0.28066653
0.29523763
0.19721316
0.034657393
-0.00224787
0.10962781
0.019890545
0.16878393
-0.5104262
0.06492937
-0.16803372
-0.0013007276
-0.5040028
0.043403685
-0.20039721
-0.028380254
0.25535214
0.2378195
0.30893177
0.6745459
0.5107605
-0.5683618
-0.65299934
0.005338433
0.16878648
0.3705384
0.21147248
-0.20023085
-0.11025384
0.4130958
-0.0017893442
-0.016086023
-0.020668443
-0.36125433
0.03396122
0.18206002
0.12612203
0.5411078
0.276052
-0.73528403
0.30632982
0.08585734
-0.04717201
0.11559716
0.15570545
0.18076958
-0.10911148
-0.08025118
-0.22740133
0.18625496
-0.21313566
0.28981277
0.37692496
0.11689328
-0.8500309
0.31835797
-0.21341869
-1.1981349
0.028484076
0.056703426
0.045072854
-0.26308313
0.20103656
-0.22331998
-0.06197517
-0.0017642747
-0.3241968
0.018352073
0.18966615
-0.5064862
-0.12191425
-0.21015672
0.16312017
0.30288318
-0.0060107894
0.035064016
-0.57715815
0.2950412
0.33118236
0.30420035
0.15355387
-0.59942085
0.29809946
-0.24425465
-0.23034006
0.21690074
0.22945315
0.22824353
-0.116246365
0.0042829737
-0.00021985176
0.27748743
-0.14347248
0.10098458
0.07123438
0.23946136
0.09759688
0.08101789
-0.09427057
0.23264089
-0.2813845
0.10160088
0.16018535
0.15368064
-0.16136405
0.17944641
0.37403107
0.31758332
0.023899844
-0.0019416607
-0.08146027
-0.11403342
0.08161243
0.19167365
-0.4128462
-0.026298193
0.20120703
0.17832842
0.3143601
-0.028519653
0.27516812
-0.39172098
0.23170078
0.22563154
-0.33498812
-0.21993741
-0.008390535
0.31687176
0.029874226
0.2661254
0.12932022
-0.3358881
0.17929472
-0.06327656
0.24335127
0.18018855
-0.00024415628
0.19818103
-0.3868719
0.091270484
-0.62194186
0.039938275
-0.030196939
0.32014132
0.1932799
-0.14879805
0.14627753
-0.26448402
0.117873766
-0.07696316
0.41171768
0.11143304
0.054009993
-0.04282972
0.37128124
0.09036686
0.19977085
-0.16739246
-0.18654492
-0.062535144
-0.019726973
-0.19095525
-0.010263084
-0.3493931
0.2610448
0.06492075
-0.050154928
-0.14221627
0.3096748
0.0058088494
-0.0018492043
0.056599777
-0.04675765
0.34280762
-0.15435904
-0.03296929
0.1786474
-0.023379391
-0.2274518
-0.068405874
0.09112134
-0.0052001458
0.032482978
0.24025005
-0.09458739
0.13639303
-0.20615101
-0.21573468
0.18059002
-0.32853052
0.06350023
-0.03813411
0.15091889
-0.22289272
0.27242827
0.33024853
-0.07430671
0.094621986
0.17214142
0.021991106
0.2344686
0.038436662
0.485751
0.13665667
0.076939344
0.24181747
0.33839196
-0.06268397
0.14385545
-0.3037981
0.030899176
-0.16012757
-0.2066398
0.23260413
0.039641853
-0.32930622
-0.044879746
-0.024794847
0.34303024
-0.2842593
0.2869222
-0.23044132
0.12941736
-0.20650469
0.1600824
0.2193047
0.056837115
0.0155490935
0.002357342
-0.23955254
-0.10614753
-0.21260557
-0.025841882
0.24376795
-0.20450997
-0.049852457
-0.25656623
-0.011469452
-0.10503852
-0.3580385
0.027609127
0.29050723
0.12166968
0.21453032
-0.28459117
-0.25714836
-0.118764505
0.24567457
-0.04407658
-0.10532218
-0.03861295
-0.09184281
-0.15132083
0.00445807
-0.098872975
0.25347918
0.10066597
-0.3446082
-0.21877907
-0.098303996
-0.32946968
0.109551705
0.053983275
-0.06373968
0.049995836
0.10140451
-0.3096133
-0.04544918
-0.12816747
-0.11425142
0.108942755
0.13060854
-0.030497193
0.12942566
0.047808755
-0.3089441
-0.4043611
0.14555229
0.12319822
-0.047781147
0.20170498
0.22916004
-0.13652948
-0.16328165
-0.26676688
0.09611458
-0.18815885
0.025899045
-0.27597147
0.11133123
-0.33696064
-0.11312606
-0.31637165
-0.17608824
0.2948385
-0.16011578
0.23466875
0.11204869
0.2825917
0.27513286
0.16371223
-0.088113
-0.122717515
0.116941534
0.25101417
-0.050439976
-0.02970067
-0.14643577
0.18109623
-0.15036635
0.19631588
-0.084200986
-0.34117922
-0.26721382
-0.21062346
0.31501988
0.11713846
-0.09947509
-0.091632955
0.17962576
-0.01828025
-0.03392603
0.05302488
0.057601333
0.02295695
0.059378482
0.27761692
-0.027072638
-0.31004146
0.21369888
0.17753866
0.31707278
0.27723646
-0.04398331
-0.12788333
0.08467709
0.19749239
0.039549302
0.31219226
-0.029919304
0.23153748
0.30156764
-0.18619886
-0.05509335
0.18476935
0.13541012
0.12069196
0.12049171
0.24558108
0.14144519
-0.07074496
0.104625784
-0.07494785
-0.0734402
0.0761304
-0.20193383
0.18163909
-0.31738555
0.29846063
-0.31089523
-0.07988339
-0.26190382
0.02445935
0.32048997
-0.22680813
0.08307782
0.008130901
-0.03561645
-0.19157502
0.19175716
0.13371442
0.15643366
0.10752353
-0.25592843
0.10607377
0.0837714
-0.23357739
0.21646744
0.28908595
0.062980115
-0.055809963
0.2107097
-0.21443546
-0.2437915
-0.13280438
0.041279998
-0.028557861
-0.06417554
0.18611485
0.14173678
-0.06703574
-0.12828761
0.19616215
0.17037898
-0.33607635
0.063559264
-0.30104777
0.23027779
-0.028454425
-0.12466964
-0.18108582
0.01388149
0.12932661
0.11234072
0.0733726
0.057340495
-0.13925347
0.15727422
-0.15082002
-0.05798238
-0.23313068
0.29675606
0.012864571
-0.2626352
-0.10473688
-0.010679183
0.12728359
0.059447262
-0.028044788
0.15238784
-0.1877834
0.053200483
0.12481252
0.18960428
-0.0001290644
0.06463017
-0.10157765
-0.0025360438
-0.11272631
-0.062128022
0.27141735
-0.34434006
0.22240919
-0.07448744
0.21988845
-0.08442468
0.049707785
-0.24364628
0.13659889
-0.1939101
-0.18058118
-0.16562964
0.31687865
0.21359897
-0.01301352
-0.120622575
-0.04982979
-0.31932992
0.20387003
-0.31297484
-0.39804775
-0.043317363
0.15260842
0.1397385
0.3304868
-0.23225915
-0.03341511
0.24815905
0.29445976
0.25159302
-0.030429905
-0.051405497
0.095529325
-0.18350606
-0.23296253
-0.055594895
0.08452896
-0.1799201
-0.21147819
0.1595173
0.110030025
-0.16520008
-0.22548787
-0.29422393
0.08279842
-0.042552054
0.020578513
0.12218742
-0.0134322345
-0.2930313
-0.0913773
0.34237447
0.07240373
0.056399852
-0.22873572
-0.57252663
-0.075655766
-0.17318834
0.105608165
-0.36265457
0.1798664
-0.19843179
0.35739613
-0.11906773
-0.26875252
-0.30750066
0.11292619
0.09067714
0.13464709
0.2945613
-0.19606774
0.10547778
-0.043207973
-0.21525484
-0.2736416
0.38351506
-0.027335618
0.22739856
0.31486303
0.2093508
0.307144
-0.09466565
0.10609178
-0.16084133
-0.28196487
-0.0967958
-0.056038816
0.10355397
-0.12363714
-0.05294396
0.3070698
-0.16020551
-0.23212339
-0.16221453
0.1594981
0.14888811
0.16726877
0.17914858
0.19090131
-0.23091324
0.029110968
-0.23929615
-0.29865327
-0.11210931
-0.25761914
0.15970746
-0.24215257
0.10316061
-0.026272723
-0.20796522
0.22820063
0.12260899
0.28635335
0.18259414
0.29423448
0.00086144096
-0.022262473
0.057796262
0.075274825
-0.25817153
-0.0651498
0.3319461
-0.01785732
-0.2507041
0.08750136
0.26610306
0.17103061
0.17580406
0.24906358
0.107617475
-0.16593054
0.3301595
-0.4528998
-0.21149954
-0.10929319
-0.2252639
-0.30311197
-0.07159078
-0.41105077
0.27883872
-0.13458121
0.49648982
0.19892885
0.046786208
-0.09815186
-0.006265047
0.50939244
0.4784416
0.20085904
-0.022555802
-0.114164494
-0.30275702
0.27620336
-0.095464244
0.027290704
0.22367235
-0.14870876
0.14660686
0.08914608
-0.03560544
0.046634704
-0.35141227
0.13749447
-0.38964424
-0.016652009
0.027021658
0.25608715
0.001091733
-0.0643241
0.09903166
-0.10118216
0.43323538
-0.0940002
-0.17440647
-0.21296272
-0.01043238
0.15259583
0.05793391
-0.22150488
0.14457515
-0.32475007
-0.05199119
0.045067195
-0.27167112
-0.16666235
0.2100279
0.09701479
0.110070914
-0.030186346
0.12914798
0.2274847
-0.19374235
-0.49639994
0.2351253
0.15048598
0.2149116
0.023901315
-0.07157083
-0.21901685
-0.55875164
-0.11352242
0.32702434
-0.098244324
-0.1038325
0.19593622
0.20848563
0.23031305
0.48528898
0.0455106
-0.11924632
-0.065519415
0.28744417
-0.20030212
-0.28513283
0.12223461
0.27739802
0.03215976
-0.026950452
0.020537544
0.27481705
0.17653155
0.121353365
0.32149386
-0.1920389
-0.10740557
0.0055328757
-0.088551015
-0.07818234
0.14263123
-0.016100168
0.06325171
0.18984103
0.0683236
0.0028171828
0.79857504
-0.23326926
-0.08315218
-0.022232948
0.17877385
-0.019371225
0.2600117
0.16739473
-0.34458587
-0.31402475
-0.22273628
0.26376572
0.31228393
-0.06286072
-0.53086567
0.25866282
-0.01676807
-0.18911372
-0.26346928
-0.2373864
-0.1385222
0.05874649
-0.16858356
-0.3297869
-0.0075331414
-0.27935562
-0.2490529
-0.23658629
-0.25973332
0.40337697
0.21739776
0.13892575
0.23489647
0.18203315
-0.014057528
-0.30805427
-0.12401379
0.026960723
-0.26476946
0.29577884
-0.036270864
-0.23997991
0.2299656
0.25483477
-0.35673958
0.02573448
0.025428325
-1.2922918
-0.012169967
0.18394178
0.13797444
-0.1790557
0.10541903
0.44475564
0.094352014
-0.052357297
-0.17753541
0.23772626
-0.008308049
-0.22514667
0.08686757
-0.06612131
0.13158435
0.17521603
0.15200092
0.10738833
0.17446555
0.13698055
-0.035767335
0.028601164
0.22694366
-0.047177967
0.064603806
0.10334912
-0.27333105
-0.15264669
-0.1911606
0.21495292
-0.05504293
-0.004820788
0.18472491
0.13612315
0.23843293
0.36717504
-0.09404806
0.040319026
0.11738297
0.39432433
-0.2181894
0.33951694
0.01605708
0.10305263
-0.11124299
-0.22108269
-0.2937795
-0.0654749
-0.10635468
0.19373783
-0.051100258
0.21877459
0.21360087
-0.118479736
0.19438578
0.2629431
-0.033852533
-0.2582075
0.23478037
0.106807455
-0.016809523
0.12046357
0.19041376
-0.10645155
0.07217759
0.05394626
0.26518357
-0.014891558
-0.0006514928
-0.015766712
-0.08921033
0.26415944
-0.26987112
0.0595305
-0.28955752
0.1780882
-0.32337898
-0.016507238
-0.18451595
0.083248466
-0.12309929
0.3330949
-0.08425346
-0.10982032
-0.11105609
0.07959224
0.09235415
-0.18931516
0.14650346
0.18679537
-0.0010835435
0.033533514
0.3055304
0.062412024
0.090262555
0.28070492
-0.050093584
-0.3015336
0.05634608
-0.043133058
-0.15282212
-0.14046443
-0.091329925
0.20501186
-0.08694063
0.05516055
0.23011377
0.15523654
0.018217733
-0.0029913182
-0.045745593
-0.25747323
-0.10795887
-0.15813155
0.01145916
-0.063304126
-0.33630908
-0.28888598
-0.042980254
-1.2398536
-0.26646093
-0.07539915
-0.21491446
-0.17198034
-0.19289519
0.17711298
-0.14429799
0.24606118
0.2364886
0.22472969
-0.2165778
0.07443368
0.09785923
-0.27046126
0.24865933
0.071898736
0.07983009
0.1303946
-0.2876209
-0.22305728
0.117145106
-0.12255784
0.045409847
-0.287594
0.04600936
0.06543663
-0.12553813
0.30685943
0.37473634
-0.13035154
-0.07780151
-0.29759726
-0.03000711
-0.12015076
0.3199211
0.19207458
-0.038411006
0.016134394
-0.15107636
-0.1083605
0.11708955
-0.08115108
0.24597704
0.3033193
0.2657694
0.13498597
0.27616456
-0.25435385
0.19481021
-0.25594625
0.20539925
0.024955813
-0.12518351
0.23767903
-0.23589043
-0.33758163
0.19784749
0.23243299
-0.32111663
-0.12147326
0.057820097
0.14270256
0.061946638
0.21351017
0.27669656
3.8844795e-05
0.0008813605
-0.09480624
0.16563094
0.001706399
0.010097168
-0.36297232
-0.1291223
-0.19760789
0.3062357
0.04802196
0.054665018
-0.07697318
0.23222406
0.21612102
0.33720952
-0.060719363
-0.061377812
-0.17690568
-0.31670928
0.05520232
-0.07465439
0.6619307
0.032450914
-0.1051253
-0.15084559
-0.035087228
-0.0936022
0.1594126
-0.09742895
-0.22005767
0.16577491
0.14351352
-0.52368236
-0.03793249
-0.27928376
0.11054005
0.200937
-0.2800448
-0.2050125
-0.18113549
0.1671585
0.07197985
0.16391516
0.15553303
-0.026172893
0.28614947
-0.043325007
0.2466545
-0.17169587
-0.21800694
-0.22925787
-0.06668632
-0.18923905
-0.1669358
0.26861486
-0.07391957
-0.016206603
0.02381017
-0.05257236
-0.01723389
0.30902454
0.07269352
-0.29544738
0.13471887
0.31063354
0.086065605
-0.14195436
-0.13221025
0.01679761
-0.11809627
0.28726748
-0.29990584
-0.11287638
0.43051666
0.19901086
0.018480288
0.14347146
-0.11298812
0.06661705
0.18878508
0.18431705
0.1618013
0.17938878
0.22246924
-0.1561207
0.11038409
0.23472126
0.39033
-0.027517216
-0.022926731
0.17746766
-0.3449826
-0.27675664
0.06346931
-0.038056955
0.15012482
-0.11947351
-0.38965392
0.25544295
0.29297587
0.03731408
0.13124979
0.32624042
-0.01615814
0.013947522
0.14525186
0.33368027
-0.14253533
0.12457127
0.23831289
-0.15106544
0.3264049
0.046530962
-0.1928537
-0.17088985
-0.16992494
0.29871848
0.16658323
0.12796317
-0.05012319
0.16992846
-0.12139367
-0.004435777
-0.28218618
0.072252534
0.06264945
-0.3009641
0.32721257
-0.11211387
-0.07432708
0.33135584
0.14689581
-0.036443893
-0.062107746
-0.24309206
0.023150355
0.22784244
0.18199813
-0.16497275
-0.018604496
0.08291947
-0.40792358
0.15186863
-0.1004551
0.042474117
-0.18450281
-0.089414604
-0.35540628
0.23605867
-0.2523235
-0.07682069
0.20838101
0.28743896
0.22056723
-0.14252967
-0.14748381
0.27737936
0.13275841
-0.1620935
0.18215196
-0.24071498
0.23811439
0.18342024
0.26028278
0.22090192
0.23926792
-0.31553856
0.12960711
0.3283266
-0.31953004
0.03278732
0.19363514
0.20826173
-0.27846375
0.298996
0.30375907
0.21261674
-0.10597225
0.2808544
0.34212598
0.33868155
-0.032847963
0.14231941
-0.22794944
-0.21928988
-0.15448858
-0.14821464
0.28178585
0.2593702
0.3317112
0.118273884
0.17573623
0.20561175
0.19496928
-0.30693892
0.20823199
-0.034477595
0.0587517
0.31368774
-0.2524439
-0.10430696
0.29125682
0.2030077
0.2860791
0.101500906
-0.27134612
-0.26606968
-0.2226635
0.26865557
0.30139554
-0.23944461
0.081332386
-0.079475485
-0.05260238
0.08695064
0.007514388
-0.36285
-0.35308886
0.30804557
-0.20620441
-0.32594553
0.23360811
-0.025134109
-0.32495645
0.13682538
-0.33456784
0.0022987425
0.0069824085
-0.23301108
-0.06906847
-0.201511
0.008647598
0.10304698
0.12147076
-0.30521023
0.08522409
-0.047011342
-0.19302927
-0.33696678
-0.0020305163
0.092269555
0.37297612
0.1607481
0.24701335
-0.2754244
0.230997
0.13336332
0.1512899
0.41196218
-0.11979829
0.08401124
0.16396284
0.06460912
0.104672536
-0.008922363
0.17221034
0.0057213944
0.07839827
-0.17575443
0.21155497
0.023569265
0.25936058
0.0048755324
0.25817913
0.06852712
0.0
0.0034439804
-0.047738276
-0.009666227
0.0
0.09154331
-0.0109331105
-0.06165629
0.016647285
0.032527268
-0.015573084
-0.0072905566
-0.025985315
0.011969195
0.032960735
-0.01471601
-0.0190514
-0.10085412
-0.0058755768
-0.0034407303
-0.009613396
0.029498056
0.011779181
0.09415615
-0.003359576
-0.018623782
-0.010676703
0.0
-0.031531047
0.019385928
0.011669307
-0.0083914045
-0.015583893
0.007561934
0.018429967
0.024896942
-0.006064399
0.064169906
0.059736498
-0.016244609
0.014480064
0.0
-0.11148563
-0.009448896
0.039767485
0.047074836
-0.008345633
-0.017915264
0.07149484
0.035283636
0.06442899
0.037062258
-0.0042103403
-0.02697284
0.0
-0.0016658194
0.03649575
-0.009064116
-0.05826431
-0.015951222
-0.2224807
-0.009145319
0.028899265
-0.023546012
0.014984069
-0.018625727
-0.020521905
0.021045897
-0.1378155
-0.13103226
-0.05821063
-0.048283946
-0.017551359
-0.041653395
0.016475445
0.001978143
0.017719932
0.050566193
-0.044865098
-0.10806256
-0.06201031
0.0
0.009916977
-0.050210092
-0.008095489
-0.027470706
0.0323563
0.0
-0.009754911
-0.030502835
-0.01613211
-0.018331263
0.0010618438
-0.011341475
0.015222444
0.06269884
0.09602177
-0.03564606
0.007875655
0.11874497
-0.018660888
0.03494766
0.025714839
0.06971224
0.053252015
0.034208547
-0.021389585
0.06627356
-0.025317336
-0.034757476
-0.0020252261
-0.0044917464
0.0010719007
0.12103791
0.060213916
0.007995779
0.07177492
-0.012417962
-0.0039401166
-0.5417322
0.14832693
0.09568507
-0.07136616
0.048545375
-0.06389679
-0.2032571
0.053195015
0.2288858
-0.08340224
0.107852034
0.22277445
0.09058513
-0.082397856
0.18730016
0.26539645
-0.09232411
-0.011274533
0.19160703
-0.027989471
0.10766914
-0.15266746
-0.13890214
-0.17312303
-0.3846913
-0.1410527
0.078348696
-0.05383149
0.1976318
-0.3326469
-0.13850534
-0.047357984
-0.10146999
-0.16899179
0.08658207
0.05784755
0.15681745
-0.09562287
0.12628642
0.10051049
0.030070785
0.033514347
-0.08770499
0.28347144
0.09321547
-0.07166983
-0.14984976
-0.1391174
-0.018701538
0.096625015
0.13140859
0.27644366
0.080304034
0.070244186
0.045836203
-0.02948533
0.02177555
-0.13424318
-0.062505655
0.027161052
-0.12062501
0.50456923
-0.17688294
-0.15002504
-0.14274736
0.11655468
-0.015003225
-0.032926492
0.07468857
0.21468621
-0.020751584
-0.049430996
0.11188611
-0.087166704
0.03845897
-0.109593906
0.09925885
0.16399726
0.2648333
-0.19879106
0.20537734
-0.030125897
0.19795635
-0.11730453
-0.22191742
0.06568902
-0.101276435
0.1320491
0.09810236
-0.21283929
-0.2072832
0.3015194
-0.25415134
0.088971145
-0.1440767
-0.21480496
0.11753427
-0.15448572
0.14057074
-0.030509382
0.14582103
0.08516977
-0.21904816
0.019942366
0.10325936
0.13147162
-0.119685695
-0.15266068
0.068412945
0.47962913
-0.058472928
-0.245826
0.06858643
-0.10147508
0.11326314
-0.19057833
0.17622508
0.30516735
0.32179594
0.11436083
0.006894311
