49
2
120
1
relu
line
1
1
-0.27435562
0.40648958
-0.28377935
-0.19080143
1.5851514
0.12423211
-0.91299576
0.071471274
-0.32112306
1.6979518
-0.23440647
0.124660216
-0.12594604
0.1612742
-0.23897026
0.056943744
-0.33016077
-0.1044401
0.009201857
-0.039798304
0.08242184
0.762896
-0.45047542
-0.0641766
0.013284571
-0.16665758
-0.002006948
-0.109764665
0.016600639
0.032751705
-0.10843367
0.22007804
0.029628385
0.18787855
0.054184083
-0.3363855
0.11913543
-0.14909297
-0.48955336
0.08844653
0.015050232
-0.6854409
-0.28897738
-0.18089382
0.14749338
-0.0010388984
0.22591251
0.4885931
-0.028825028
0.14039454
-0.16990426
1.4792452
0.2451473
-0.075772114
-0.4903157
0.014621007
-0.5303398
-0.14206254
-0.04266169
0.21668787
-0.0062458348
0.08955108
0.16945618
0.3736902
-0.07318515
-0.10186817
0.09921797
1.7830606
0.20105356
1.1698748
-0.0010583103
0.13828455
0.31145352
-0.15033716
-0.06059617
-0.2900965
0.05067968
-2.207388
0.058709387
-0.27403343
0.060313035
0.11940628
0.19504732
0.10155987
-0.004163191
-0.09757528
-0.0803633
-0.10900533
-0.21717145
-0.23163067
0.08299738
-0.30739248
0.14397651
-0.09748873
-0.15715317
0.95076585
-0.8515982
-0.036600307
0.07540113
-0.3250272
0.20990853
0.501274
-1.4095385
-0.16697477
0.06484124
-0.83713627
0.055172574
2.320209
-0.35881296
0.11721194
0.9406184
-0.111622006
0.18345112
0.042405833
-0.07606638
-1.0298333
-0.013873781
-0.2873828
-1.0029954
-0.3114152
-0.20341136
0.7770457
-0.33784944
-0.083218
1.5686554
0.6827153
-0.19849582
-0.052873105
-0.25219548
0.8626968
-0.78843427
-1.0643234
-0.036661554
0.10121121
0.3384596
0.1785447
1.2495118
0.08903976
0.03419401
0.035410818
0.18377498
0.31252867
0.13294463
0.040557895
0.36122125
-0.29354748
-0.18918256
0.06884289
0.17686886
0.359125
-0.9362211
-2.0990238
-0.32698557
-0.16880044
-1.0286027
-0.23356918
-0.13649637
0.14417101
-0.40358347
-0.013649821
-0.4745894
-0.18712036
-0.34457994
-0.16464686
0.39136136
-1.0438544
-4.2556143
0.1832319
0.26038197
-0.24395311
0.061308175
0.4082469
-0.22107379
-0.52055705
0.11777502
0.5653341
-0.038234044
0.004809588
0.18315783
-0.31750345
-0.6566007
0.0024578988
0.05323699
-0.09008837
-0.25740874
0.10674149
-0.09016437
0.48317412
0.13392672
0.8881493
-0.88287693
0.23556288
-0.11392184
-0.059669822
-0.11177134
-0.1595991
0.6567318
-0.89047587
0.15056954
-0.12957667
-0.37270367
-0.1337712
0.32946435
0.18327704
-0.09736394
0.046625376
0.23910712
-0.009428799
0.19649184
-0.072538525
-0.10185546
0.4610132
-0.96172327
0.013271606
-0.13773674
0.2541542
-0.27018496
0.17154637
0.5080818
-0.54610926
-0.26034644
0.20772739
0.97895557
1.1385326
0.37666392
-0.19579515
0.29716787
1.20582
0.7328756
-0.16795537
-0.027484767
0.92512727
-0.2124296
-0.45766446
-0.68939257
-0.21493068
0.054139167
-0.43451864
-0.19515139
-0.34420225
-0.020790141
0.019891903
-0.065210946
-0.4249028
-0.2160129
-0.060938895
0.028634882
-2.8915207
0.62012
0.45305797
-0.26886538
0.7620557
-0.1584184
-0.11298087
-0.59126264
0.30651146
0.026659135
0.34471554
0.12698224
0.46768346
0.19921038
-0.040063344
0.1314534
0.21758164
0.069563575
-0.38467348
-0.29464978
-0.30841088
0.27556127
0.5028919
-0.38923666
0.54036057
-0.12774391
-0.29775918
-0.041291807
-0.28339466
-0.017289713
-0.33747345
0.15328074
0.06597462
-0.12551254
-0.43067837
-0.14545235
-0.18469673
0.28377783
0.13836975
-0.07704712
0.7097684
-0.54675156
-0.05532986
0.056734055
0.67562616
0.35256103
0.27007073
0.11280584
0.39229536
-0.07003578
0.10679892
0.1356887
-0.33495158
0.41474074
0.5061615
0.22771788
-1.2910779
0.09754277
-0.004535903
0.85683125
-0.2046314
-4.385182
-0.88878864
0.19155592
0.45116907
-0.3995361
0.15046091
0.14946687
0.17356056
0.32084072
-0.5132258
0.09080797
-0.05420049
-0.06501973
-0.24578646
0.12937139
-0.31534156
0.064629264
0.08703473
0.92172056
-0.14413291
0.2988029
-0.011593729
0.110393345
0.056515373
0.19026402
-0.38678607
-0.26365256
-0.10369415
-0.22889605
0.062149018
0.26749483
0.6077881
0.0766514
-0.20616029
0.21266784
0.5157867
0.5483173
-0.000933912
-0.3347266
0.093345195
-0.47763735
-2.2353597
0.21116138
0.283897
-0.048069894
-0.038711336
-0.41907293
0.43799523
0.16165257
-0.48912072
0.17589782
-0.22014447
0.3266162
0.3356492
0.14380783
-0.2929598
-0.29418167
0.39619595
-0.38335413
-0.27056018
0.27367368
0.34067246
0.1789515
-0.15798296
0.3241935
-0.0851246
-0.07294005
-0.19493136
-0.04321778
0.1854832
0.5943966
0.49525425
-0.22434378
0.13441716
0.06353062
0.44340023
0.21358287
-0.7394283
0.35127994
0.06941537
0.03780792
0.06815696
-0.44701824
-0.34400108
0.010402194
-1.3826563
0.60328925
-0.22567116
0.19288985
-0.008966457
0.034895264
-0.49709228
0.05917916
-1.4208192
0.12253544
0.44305664
-0.84336716
0.64365155
-0.12956809
0.24119204
0.19222164
0.10142674
-0.19063404
0.22573867
0.42660525
-0.25292808
0.06911157
0.0280442
0.00634664
-0.061428994
0.66147596
-0.28499603
0.59782976
0.14945243
-0.31306767
-0.62549335
-2.6225836
-0.0136427805
-0.29943654
0.0529015
1.5168828
0.15134113
0.19450599
0.40257978
-0.2491031
-0.18120182
0.35459247
0.2644536
-0.026117219
-0.0009789068
0.018536098
0.012990241
-0.11819759
0.14786413
0.2503123
-0.9839539
0.32891068
-0.04254186
-0.318254
0.14516875
0.008748323
0.65371835
0.10424578
-0.043898012
0.6564103
0.019378686
0.26211745
0.6247529
-0.55949634
-0.5462002
0.2620534
0.28063157
-0.052370124
-1.1015875
0.23666227
0.44381088
0.18351813
0.38584107
-0.078678645
0.2784436
-0.35986015
0.04778466
-0.42824897
-0.3623119
-0.87954223
0.015114293
-0.25103435
0.14026876
-0.06165625
0.08364725
0.07847175
-0.12154275
0.37812972
0.10306883
0.2591619
0.08660031
-0.16587934
0.4255605
0.2683059
-0.26387724
0.37001464
0.10357788
-0.5750111
-0.29861516
0.73201555
0.53057295
0.17224029
0.09195955
-0.23325133
-0.19773304
0.6196094
0.39676732
0.1826624
0.10258905
-0.14262456
0.16058818
-0.22957289
-0.14794235
-0.8399313
0.2914477
-0.012984346
0.5684453
-0.4875556
0.12805538
-0.45150962
0.26397914
-0.7405174
-0.9526354
0.18032771
-0.0055339956
-0.010237937
-0.28667486
0.19264627
0.19533698
0.21528803
-0.18877666
0.17839144
0.121043816
-0.15388441
0.5523259
0.49172756
-0.24917331
-0.053951405
0.15685658
0.6676855
-0.61175364
0.37448984
-0.06942324
-0.22717613
-0.27543533
0.2523789
0.06655672
0.99608284
-0.3535527
-0.22207312
-0.17358795
0.027054518
0.029601786
0.015474758
-0.15866126
0.0437363
0.31194562
0.26572526
-0.16059574
-0.2090628
0.026698185
0.18222134
-0.17490372
0.1367227
-0.003375667
-1.9057065
-0.27289805
0.13433796
-0.02753058
-0.010238076
0.041808743
0.013798729
-0.35176384
0.48012158
-0.2650936
-0.27534142
-0.28016433
-0.17556427
0.25863278
0.1893923
-0.29810965
0.041994423
0.74144953
-0.053346492
0.14774476
0.27439043
0.47351843
-0.38228145
0.08747138
0.21311219
0.017918395
0.45577896
1.09365
0.5182717
0.07016048
0.051780496
-0.011335176
0.056282252
0.32616642
-0.13571973
-0.116533354
-0.2720403
-0.29918957
-0.17728965
0.35033166
0.66697884
-0.33562887
0.115100175
-0.52574193
0.31698433
-0.49073595
0.4271704
0.007405726
-0.6588027
-0.15012653
-0.23139307
-0.89741963
-0.3443394
0.91499007
0.37813914
-0.12577897
-0.23256992
-0.28273568
-0.013797182
-0.35577655
0.07618921
-0.12760127
0.30854023
-0.029109873
0.103160284
0.33995125
0.113875836
-0.5240744
0.2945373
0.26152748
-0.1240844
0.048324294
-0.5476031
-0.96188277
0.143948
0.14530185
-0.40186152
0.33656844
-0.1427493
-0.023912763
1.4330873
0.12810704
-0.04972014
0.7491959
-0.31652516
-0.2511671
0.11023581
-1.0818754
-0.3236314
0.22256735
0.47826505
-0.14372551
-0.123979
0.5156885
0.07617077
0.7737603
-0.7202803
-0.007002376
-0.27204564
-0.301011
-0.20508449
-0.5875243
0.5395198
0.19259337
0.24107552
-0.33171472
-0.13497278
0.23924918
0.090702474
-0.5483478
-0.24438152
-0.15527849
-0.17770362
0.1930123
0.18513931
0.9427826
-0.14538538
-0.07541439
0.33567232
-0.8989871
-0.08600366
0.06389475
-0.6545275
0.33346432
0.4409086
-0.097614914
0.1337567
0.005249381
0.3021326
-0.04019296
-0.34319052
-0.30806234
-0.15187275
-0.10705035
-0.668383
-0.37090072
-0.03546197
-0.5035626
-0.5079174
0.3245191
0.016290557
0.25651187
-1.0215347
-0.56757265
-1.7408179
0.22516215
-1.776314
0.089808
0.27375913
-1.4763311
-0.17316763
-0.07080403
0.7638691
-1.0885171
0.2576102
0.14702912
0.12511413
0.79518116
-0.35696965
-0.5071927
-1.269117
0.016754001
0.17057902
-0.06931955
0.8516472
-0.60138065
0.5805628
0.39559135
0.06889125
-3.530265
0.03754279
0.042743817
0.3746229
-0.89058256
0.11508032
-0.14682505
-0.06862939
0.017869473
-0.23547931
-0.16748227
0.34838477
0.5499656
0.18584369
-0.99393183
-0.00048411934
-0.40763548
0.10639732
-0.0046504056
-0.26880288
0.2321387
-0.27581516
-0.2918327
0.22496198
-0.98033696
0.20095766
-0.13333504
-0.13271306
0.2622008
0.014974535
-0.07836106
0.37565464
0.18219829
-0.4411114
0.5625906
0.3444534
0.0028279647
0.045433786
1.1820635
-1.7184038
0.16923161
0.19567186
0.24534309
0.14070615
0.22476499
0.6933578
-0.14199208
-0.26688105
-0.8552427
-0.25177884
-0.0708749
-0.2575319
0.3666361
-0.54409045
-0.2095109
-0.0981985
1.5545942
-0.5565526
-0.3622189
-0.1167677
0.43599817
-0.16152605
-0.4250325
-0.81256837
0.30778834
0.5514927
0.29951456
-0.1840274
0.17495567
0.13795193
-0.4709488
-0.16358997
-0.17221308
-0.30382258
-0.20965472
0.29456723
-0.23014309
-0.24622072
0.011308223
-0.6354008
0.030639052
-0.23979938
0.31443942
0.12124452
-0.5163909
0.31837296
0.12623145
0.2849863
-0.13573447
0.26140997
0.20302358
0.020686308
-0.086344
-0.27303043
-0.13964826
-2.3352866
-4.5148287
1.3485268
-0.42978314
-0.053864885
-0.2276946
0.7130612
-0.22103158
-0.16070081
-1.8871721
0.14279497
0.63781285
1.1362453
0.12130964
0.09253511
0.25848132
0.62927693
0.0695602
0.3053797
0.14309883
-0.22667225
-0.36276415
-0.4151777
-0.26568255
0.039849136
-0.25497758
-5.9811974
0.47706428
0.13867192
-0.22342758
0.2539238
0.020911114
0.97921413
0.06779081
0.15587609
-0.06994369
0.44151095
-0.5398434
-0.11025537
0.3351423
-0.35866186
0.024908816
-0.003221199
-0.12967855
-0.2888098
0.009661553
-0.32598153
-0.64436895
-0.118672565
0.23602799
0.07411722
-0.32087022
-0.27812117
0.24019043
0.17205064
0.25174457
-0.19133142
-0.09029713
-0.1305764
0.44207454
0.015126416
0.1795707
-0.14029229
0.4443934
0.4235991
0.22871727
0.47047514
-0.023407668
-0.22626129
-1.2469599
-0.5183306
0.22248252
-0.03927544
0.10748891
-0.7335615
0.06812471
-0.3050729
0.5007984
0.39883187
-1.2266339
0.3092041
1.3159143
0.3591164
-0.45513937
0.44176692
0.25212407
0.16650857
-0.7047379
-1.2357835
0.11541093
0.5758168
-0.13048227
-0.34030074
0.27685583
0.079258926
0.037139904
-0.10482748
0.3257644
0.14646567
-0.32004243
-0.1525073
0.012093144
-0.14237209
-0.18272868
0.5802255
0.27285928
-0.23757273
-0.19501114
0.007949829
-0.3908263
-0.6173436
-0.13755979
-0.07942404
0.24099022
0.07020862
-0.32606295
0.17553696
-1.5407736
-0.06072867
0.48202953
-0.20677339
-0.38565862
0.30979824
-0.1059275
-0.006766791
0.29110312
-0.0143424375
0.08073246
0.060106542
-0.11099165
0.2650351
-0.08176034
0.20537746
-0.11720878
-0.14379266
0.16028374
-0.08885454
0.089535415
0.89202774
0.19015418
0.0071280487
0.08039285
0.46815875
-0.61788344
-0.12176021
0.5280826
-0.60210985
-0.5968126
0.27302378
0.16034238
-1.2137792
-0.11123807
-0.33420223
0.30126888
-0.42842397
0.042829797
-0.061657228
-0.07701441
-0.09542491
0.18854868
0.56789374
0.057748225
-0.20926946
0.15942039
-3.426507
-0.29028118
-0.3364853
-0.021354774
-0.24384683
0.20133452
0.018085895
-0.23253925
-0.11177703
0.37527448
0.15822597
-0.58237237
0.28772122
0.5959829
-0.15450335
0.24723686
-0.5191729
-0.50771254
-0.2837467
-0.307478
0.0037957937
-0.35199803
0.00954824
-0.20523249
-0.39856485
-0.10499749
-0.08808482
0.28306136
-0.48960015
-0.28587934
-0.010133347
0.13634595
-1.5997263
0.21249484
-0.021098964
0.68175435
-0.13369298
0.79687136
-0.39156863
-0.37302846
0.1425405
-0.14139478
0.10084286
0.14687927
-0.038012248
-0.49398783
0.24581435
-0.15035261
-0.23998207
-0.1424665
0.08561225
0.15096556
0.26696578
0.14912355
-0.102663316
-0.04477197
0.22315983
-2.3063223
-0.32466567
-0.04123071
0.2753211
0.534226
-0.3366994
-0.8898372
0.19968271
-0.34532443
-0.154675
-0.224852
-0.34033337
-0.4963302
-0.100513294
0.7879525
0.30870968
-0.35515085
0.50253725
0.044108033
0.0734775
-0.5787063
-0.23743191
0.18913154
0.08279044
-0.064600006
-0.045348704
0.3095051
0.16862012
0.35382897
0.71717227
0.14966284
0.24497946
0.13154435
0.33009887
-0.12530948
0.024517555
-0.19342393
0.17537268
-0.46157607
0.14234132
0.3451885
-0.1935819
-0.13802047
0.36412525
0.035555247
-0.2492478
-0.1481267
0.065320626
0.15806733
0.36737448
-0.21025912
-0.4806951
0.26528326
0.31562027
-0.2060499
-0.08446746
0.060312446
-0.23737112
0.457076
-0.14883769
0.09596317
-0.03748248
-0.052523702
0.3225646
-0.21747892
-0.13367426
-0.09951624
0.25796133
0.1607721
0.26708326
-0.018198466
0.21639107
0.18840364
-0.14745839
0.17240734
-0.11293857
0.17629828
0.07939672
0.3111232
0.20081186
-0.05234527
0.18796754
-0.05069916
0.32612067
-0.5122385
0.37570617
-0.078614846
0.379707
0.13578151
-0.016751803
-0.071970426
-0.41069
0.28990516
-0.053760607
0.014819145
-0.1136033
-0.21317157
-0.11283715
0.2979
-0.047968477
0.19856516
0.1770222
0.31687734
0.26975802
-0.20420624
-0.16554147
0.0604175
0.5247669
0.3918264
0.023986416
0.003955937
-0.40813565
-0.17413183
0.19459394
0.12980294
-0.65334946
0.23034446
-0.16648558
-0.22093147
0.09206658
-0.13245396
0.07989298
0.5823837
0.02434072
-0.32386374
-0.17686388
0.19085784
-0.24192807
-0.10155918
-0.6136384
0.32758155
-0.276639
0.10847579
-0.21987969
0.41206187
-0.18085116
-0.22520773
-0.055702895
0.13348325
-0.16084242
-0.38783497
0.084247
-0.40776536
-0.7089803
0.26732367
0.45660144
-0.40017712
0.13154858
0.11379218
0.621623
0.08392969
0.1499972
0.23354986
-0.06647021
-0.1698556
-0.5212299
0.05919212
-0.015049756
0.9852281
1.0801271
0.74386495
-1.9672346
-0.7136621
-0.27241132
1.0390714
-0.20042479
-3.9382274
1.710179
0.5486492
0.0033467074
-0.23363797
0.2563001
-0.27609423
-0.51101846
1.2553285
-0.96071
-0.43269
-0.31654492
1.0003804
1.0427792
-0.008919254
-0.3347082
0.9907167
-0.10165773
-0.034341842
-0.19400181
0.37593728
2.4729168
2.4236803
0.42621097
0.01911974
-0.1241815
-0.3269604
0.0111968145
-0.0012041163
1.3230572
-0.1409086
-0.2803351
1.4267151
-0.2578618
0.5576205
-0.19448827
-0.676406
-0.3171075
-2.134318
-0.40805718
-0.21908045
-0.29087806
-0.07043722
-0.3714059
0.069506936
0.6824126
0.12123688
0.42700922
0.21217668
-0.25526163
0.8431537
-1.4937316
-0.22404832
-0.11329757
-2.048945
0.010576731
-3.4206123
-0.42013052
0.6078131
-0.35710782
-0.31955945
0.14168835
-0.104904436
0.087500304
-0.31030786
-0.359684
-0.09322086
-0.7291555
0.8063093
0.26539385
-0.27735168
0.0044486728
-0.27196446
-0.20104444
-0.437766
-0.049727894
-0.17205451
-0.020672768
0.14623469
-0.26229385
0.049747467
0.1125392
0.58949167
0.5588305
0.22422473
0.6273718
-1.176617
0.6832009
0.22334448
-0.666854
0.20916718
0.22148646
-0.21067104
-2.3180087
-0.27349824
-4.796767
0.13545145
-0.20207776
-6.1376987
-0.7442574
-0.2018826
0.18423827
-1.6376526
0.13270214
0.33968163
0.17490464
-0.31019664
0.29277566
0.5257495
-3.1360512
-0.05358371
0.06832489
-0.08273444
-0.49995348
0.49133426
0.24085943
-1.4534385
0.44522804
0.07185724
-0.3307732
-0.7852314
0.21565917
-0.25416335
-0.4158017
-0.21059676
-0.60513115
0.30911875
-0.49932602
0.033537872
-0.23765916
-0.716268
0.18167184
-2.4700308
0.47927848
-0.49524787
-0.12297359
0.3598155
0.2726379
-0.19961928
0.08789632
0.61080366
-0.012672721
-0.36777756
0.3396159
0.1675403
0.17715093
-0.11321633
-0.27194044
0.047553163
0.37413186
0.15271401
1.6323254
0.16762209
-0.14957896
0.66986513
-0.11422605
-0.7913905
-0.6540178
-0.9698415
-0.38952145
0.1916098
-0.08796552
-1.0854999
-1.1188997
-0.039356038
0.23665558
-1.2721894
0.53690326
-0.104876295
-0.17265339
0.075150795
0.18669178
-0.022014834
-0.08504447
-1.6882787
0.003033224
0.5207602
0.6402915
-0.071944326
0.23740423
0.2715237
0.37715784
-0.80502427
-0.0582894
1.340467
0.28950995
0.051603854
-0.121223345
0.60897917
0.33063725
-0.1162961
0.39088497
0.24207383
0.06026397
-0.21552351
0.5138278
-0.32860965
0.2131546
-0.24475028
0.0763247
-0.31907812
0.033149987
-0.23094395
0.16240495
0.43318403
0.098698825
-0.37204397
0.3374046
-0.0011049121
-0.53874016
-4.4707665
0.8139768
-0.20793839
-1.1015902
-2.8477066
-1.156111
-0.06130277
0.15355407
-0.62601566
0.3545465
-0.098746784
0.15446971
-0.17390983
0.3065241
1.5643908
0.3789657
-0.6997167
0.38815677
0.6876248
-0.9431657
0.02491486
-4.1519957
0.4087388
-0.140895
0.041483395
-0.3380909
-0.4106155
0.63685364
-0.21560709
-4.3317895
-0.32867292
-0.9158888
-0.10191718
-0.3129438
0.4642954
0.1146867
-0.0074956715
0.23037018
0.10525064
-0.095080964
0.00090350636
0.28668094
0.24167126
-0.30749172
-0.42813548
0.09181507
0.4532835
-0.25602388
-0.009566424
0.13080472
-0.11676093
-0.2039271
-0.23812969
0.50453246
-0.10773704
0.10446009
-0.075018056
-0.310129
0.35736966
0.37302163
-0.20565931
0.950864
0.025926214
0.10913141
0.1393516
-0.12470799
-0.31642315
0.008819108
-0.45860034
-0.37532055
-0.22562006
0.01824081
0.2205122
-0.027372213
-0.08107936
1.0137091
0.15151222
0.15745449
-0.1804937
-0.35317752
0.1202591
-0.4019677
-0.34481585
0.17991191
-0.615582
-1.0250775
-0.53786665
-0.4776461
-0.18712346
-0.31776437
-0.16178256
-0.79642314
0.24564523
0.03124713
-0.22880928
-0.032493763
0.3080173
0.030205945
-0.041176334
0.21152024
-0.3142696
0.8493629
-0.24890012
-0.30041048
0.15484579
-0.027710611
-0.04137799
-0.4949389
-1.8034512
0.19539922
0.078055434
-0.23461458
0.2632613
0.069969065
0.43812698
0.07286824
-0.55733806
-0.12146834
-0.3202771
-0.4231602
-1.0602696
0.43416733
0.2311846
-0.17235072
-0.75312
-0.61850715
-0.16636188
-0.4504897
-0.36752582
0.5296014
-0.4949491
-0.3949048
-0.4051827
-0.77819085
0.31690153
0.49884218
-0.23656587
0.24662657
0.32656074
-0.3674391
0.041399956
-0.5406257
-0.039631706
-0.2495716
-0.006253552
0.0016113402
-0.47310826
0.31982264
0.15193474
-0.011215714
-0.008248581
-0.567064
-0.2050976
0.17557876
-0.34674066
-0.19717345
0.10765952
0.18792208
0.62458736
-0.039338924
0.053418234
0.18479869
0.36427593
0.3373782
-0.057532623
-0.43078658
0.30514652
-1.4108282
0.16436183
0.52858984
-0.09538023
0.053269234
-0.34158376
0.12476542
0.38761628
-0.07210175
0.105219744
-0.2195077
-0.03667299
0.31456482
0.43851724
0.5335617
0.12988237
-0.5322892
-0.0053847996
0.3799194
0.05266315
0.65738267
-0.3914435
0.10117772
0.06193214
-0.18441297
0.15262856
-0.22005217
0.034557413
0.22702067
-0.26638436
-0.17965524
-0.28985506
-0.24715918
0.08184271
0.037626617
-0.6812972
-0.2874388
0.30459183
0.30718178
-0.028492419
0.12697166
0.049942866
0.43642426
-0.19743791
0.30346388
0.49925184
0.21674865
0.12564534
-0.24232909
0.03458309
-0.33786908
-0.350801
1.5402693
0.2113484
-0.4091984
-0.2766632
-0.4319145
0.39007774
0.6325967
-0.6476831
0.04639132
-0.703849
-0.13327144
-0.75201875
-0.24589317
-0.78478605
-0.46774507
0.27341348
0.22075506
0.30276453
-0.3679797
-0.56063145
-0.14971408
-0.37586468
-0.094006814
0.0047416314
-0.16473211
-0.21687432
-0.24311614
-0.25686243
-0.7012422
-0.23562478
0.117698774
0.55946255
-0.04039341
0.15801476
-0.5625686
0.5620327
0.28559753
-0.14950785
-0.2658719
0.46725276
-0.0065121595
-0.28373247
-0.06336499
-0.88782054
-0.33739436
0.23745035
0.36241072
-0.107816674
-0.3115394
0.17960395
-0.51543343
-0.050755095
-0.3342198
0.28897107
0.005035002
-0.3303866
-0.56170714
-0.13096738
0.06706884
-0.083547294
-0.11648267
-0.22570884
-0.28033984
0.08932993
-0.32150054
0.16565502
-0.15594253
-0.08784597
-0.1914812
0.10699259
0.8301298
-0.007552
0.19349249
-0.19268988
0.3071804
0.23075867
-0.061568253
-0.07383356
-0.55457366
0.060729984
0.42421338
0.9325055
0.105197266
0.0088198045
-0.7345176
0.29426712
-0.36958492
0.09946543
0.30729008
-0.0662941
0.24783057
-0.10600272
0.24689727
0.6674136
-0.19682023
-0.14472695
-0.27773014
-0.2769165
0.047096368
-0.1533237
-0.46020007
-0.22535586
-0.08441899
0.121562086
-0.33113825
0.37159404
0.26851094
-0.06356281
-0.34297538
-0.07017932
0.6880807
0.00106448
0.12059918
-0.1986542
-0.16764455
0.28553468
-0.12096382
-0.30203098
0.08646911
-0.12503158
0.36580506
-0.16439334
-0.15119877
0.046337396
0.082459636
-0.32352272
0.09506264
-0.10641633
0.0806362
0.06411504
0.30202073
-0.4546393
0.32149374
0.31500673
-0.35985437
0.1963925
0.394896
-0.34821057
0.49365973
-0.50731146
0.14499131
-0.23475301
0.37564093
-0.2239372
0.24319726
-0.03801218
-0.18327703
-0.12528542
-0.020636067
0.04092396
-0.111947246
0.31981036
0.4609207
-0.48559636
-0.19309805
-0.15899028
-0.2210316
0.043843217
0.05184795
0.36052215
0.31786114
0.15792853
-0.16426018
-0.14338347
-0.47367668
0.37907183
0.119813755
0.8646532
0.5819453
0.37717718
-0.07821712
-0.049517725
-0.20745812
-1.9835588
-0.020231912
0.13716891
0.1895268
-0.13293439
0.35718888
0.9844288
0.10639744
0.35158938
0.18197127
0.037853144
-0.45131007
-0.11298854
0.32373887
0.15545417
-0.34372398
-0.24073873
0.09219301
-0.30466053
-0.38670266
0.65029967
0.20258626
0.14606418
0.13689555
-0.10557579
-0.036896896
-0.15123901
0.27841032
-0.14310665
0.058329094
0.5247107
-0.1443935
0.55315447
0.2904484
0.3900435
-0.42207128
0.79681635
0.41414052
0.14282766
0.045108527
0.031921547
-0.21311775
1.0043013
-0.15212296
0.48259276
0.47578713
0.16247356
-0.0083552785
-1.7745308
-0.01856858
0.1426677
-0.07176894
-0.8176513
-0.029694388
-2.0604596
-0.38905656
0.6930009
0.04019238
0.5355478
0.44929075
0.33930317
-0.053677082
-0.0028692244
0.77102935
-0.04020694
-0.2832427
0.24980941
0.1686972
0.105008185
0.93695587
0.113548875
-0.027510488
-0.06333178
-0.21238004
-0.19678858
0.021575302
-0.22891955
-0.07515845
0.19594243
0.32119113
0.49932235
0.20890373
0.19707647
0.26083928
0.03948275
0.549776
-0.0054929536
0.2871397
0.88183445
-0.065027356
0.7964755
0.9726002
1.3746924
-0.8685601
0.41881874
0.34709743
0.25997105
-0.06523927
0.0974286
-1.7579535
-0.21539
-0.09123671
-0.69773996
-0.08743137
-1.1352355
-0.0886426
0.055746756
-0.84332615
0.030502528
0.05130908
-0.0050398028
-0.45960087
0.48852497
-0.14216782
0.54511935
0.151248
-0.34547505
-0.0058881342
-0.23276694
0.0011450748
-1.1765885
0.30091503
0.061925877
-0.30512965
-0.11256738
0.22436191
0.5374727
-0.23201165
-0.11063181
-0.054634206
0.23298146
-0.29623735
0.00213935
0.52898103
0.4125711
0.26871777
-0.35026208
-0.2132778
-0.18432772
-0.42090523
0.011028592
0.39905468
0.6500403
0.0044224085
0.07951976
-0.33781
0.5397981
-0.4082378
0.12813967
-0.8953141
0.07868249
0.104990885
0.071555324
-0.42167312
-0.1814464
-0.55551934
0.4492566
-0.12610893
-0.31593487
0.0068574846
-0.08617374
-0.2480561
-0.47112072
0.14996234
0.62922376
0.25692979
0.24679899
-0.0021551393
0.16536935
0.12886798
-0.3255538
-0.20404094
-0.5322512
-0.7565886
-0.3890872
-0.3679612
0.31606406
-0.12762024
0.11297995
0.4929596
0.60295105
-0.538577
0.38921326
0.1763578
0.23446804
0.40830898
0.5610829
-0.20698586
-0.26335052
0.7508091
-0.015200794
0.17127356
0.09081893
-0.059646215
0.17618555
-0.75445473
-0.28951952
-0.16819447
0.27855223
-0.32791588
0.62362635
0.41138235
-0.14552309
0.23831722
-0.11838565
-0.26806054
-0.1369963
-0.3611008
0.78246254
0.49203607
0.41216362
-1.0531112
0.7195798
0.25784665
0.2363959
-0.14462957
0.18218271
-0.7579254
0.088341035
-0.27785376
0.35198268
0.18679017
0.0106715225
-0.6066603
-0.123408675
0.3259584
0.37119114
0.06537311
-0.22547156
-1.6575513
-0.18431462
0.183829
-0.29912263
-0.19118413
0.37675416
0.25391066
0.40269676
0.17052737
-0.3035943
0.25853926
-0.49967462
-0.9658343
-0.104693644
0.33021367
-0.115955085
-0.105454266
0.2254678
0.4800786
0.036783036
0.14682814
-0.003003722
0.17139599
-0.026417792
-0.07734926
0.14837463
0.6475842
0.14150207
0.18486619
0.31852916
-0.118423395
0.6536688
-0.15776236
-0.3234104
0.124315515
-0.066831484
0.10894038
0.597063
0.07098284
-2.307153
0.50445706
-0.040534005
-1.0053666
0.35224193
0.121530585
0.3702367
-0.15451318
0.3377129
-0.46110308
-0.23395172
-0.17432633
-0.51101255
-0.07620946
-0.008449401
0.4887129
-0.089942716
0.24610932
-0.24319667
0.083252646
-0.40080124
-0.12973377
-0.31855178
-0.28607333
-0.42969036
0.39748722
0.4401463
-0.10894637
-0.3205592
-1.195942
0.27386484
-0.36520264
0.17581542
-0.33029574
0.10322462
0.450026
0.24615711
-0.18548372
0.02380054
0.27875015
-0.30360454
0.14407794
0.023104876
-0.09970493
0.13917203
-0.49136835
0.30261993
-0.047648318
0.023094734
-0.33432356
-0.810712
-0.2988464
-0.0024991767
0.31160563
0.27170536
-0.24890134
-0.2600051
-0.32534805
-0.6489634
-0.27216172
-0.10434529
-0.1327417
-0.33727658
-0.31443515
0.29108503
0.16056305
-0.052893385
0.45557913
0.0868479
-0.43075964
0.50312376
-0.12918508
0.296368
-1.3986305
-0.04552221
-0.18674049
0.26547176
0.07176914
-0.38377532
-0.35024795
0.33318663
-0.40110168
-0.15777123
0.012206755
-0.06278892
0.2889806
0.6071967
-0.25600544
0.14384355
0.70732963
0.14569679
0.13053414
0.16004466
-0.002103257
-0.37400028
0.46609175
0.15461105
-0.13370278
0.36224487
0.1348171
-0.16928919
-0.13156188
-0.30475578
-0.031166155
-0.104369886
0.20512053
0.016842041
0.47443232
0.042065807
-0.5240293
-0.13112415
0.19783422
0.27238905
0.055131122
-0.022047825
0.5129084
0.22448692
-0.23920959
-0.39166903
0.079870604
-0.5024915
0.16738936
0.29216284
-0.5415435
0.023880828
-0.17597996
0.21340749
-0.092031434
0.39108336
-0.22254723
0.10330931
0.11706782
0.39319912
0.15598437
0.14500493
-0.07245725
-0.66534275
0.24158512
0.23247725
0.027412303
0.284832
0.06954415
-0.59789294
-0.31996983
0.017495498
0.13959783
0.10149744
-0.1684288
-0.31297743
-0.18081401
-0.05571926
-0.20235789
-0.372485
-0.003635138
0.08768138
-0.1572323
-0.08058548
-0.5599764
0.10977322
0.17150201
0.017528955
0.5833133
-0.25470763
0.2770543
-0.965278
0.641307
-1.2095017
0.12944251
-0.002908277
-0.07678439
0.88802683
0.19580388
-0.5078478
0.061899483
-0.22870436
-0.32045853
0.07378218
0.24510348
-0.66877747
-0.37121543
0.41986778
0.355234
0.008534958
0.25235096
0.42223457
0.19997372
-0.06563816
0.29995915
0.1418689
-0.2729051
0.07396372
-0.10566619
-0.52459484
-0.5052329
0.39574793
0.24214135
0.27791268
-0.22445953
-0.27898568
0.2453735
0.25722486
0.25914854
-0.54008263
0.07269341
-0.20483784
-0.2345342
0.051648036
-0.082031265
0.1948161
-0.13601774
-0.13414349
-0.027318425
-0.023549622
-0.027018014
0.10048521
0.1904452
-0.19361866
0.022527294
-0.11797223
-0.24352643
0.04566086
0.17834398
-0.16274829
-0.14978322
0.21803801
0.27683133
0.34672529
-0.025532223
-0.1976598
0.31834868
-0.03848923
-0.27568048
-0.21998289
0.16030382
-4.410464e-05
-0.21979216
0.19948398
-0.16963664
-0.3768572
-0.014443852
-0.066938706
0.0886513
-0.20082068
0.41960335
0.17566942
0.0023647235
-0.42556515
-0.059069853
-0.021126918
-0.16462323
0.21701556
-0.3346194
-0.17713863
0.22270066
0.072876826
-0.013689966
0.17939126
0.19719724
-0.12830131
0.11770093
0.034786854
-0.11818496
-0.23134081
-0.27765042
0.17483118
0.08032887
0.10392212
-0.04690975
-0.032338142
-0.10189761
0.035870243
0.003778735
-0.27410784
-0.16909347
0.2039841
-0.2537612
-0.10585417
-0.165985
-0.03968976
-0.32932308
0.08064089
0.19772948
0.1788817
0.3102793
0.07843228
-0.011915246
-0.5732767
-0.34898657
0.12619896
0.07820592
0.6184982
0.056408882
-0.26804742
-0.24974503
-0.3085131
0.27081403
-0.08942673
-0.1334041
0.24205409
-0.13119316
0.16014147
0.23641278
0.34123486
-0.3511002
0.2602414
0.18132642
0.30194566
0.37266856
-0.16111726
0.19468218
0.40829116
-0.113020875
0.18859275
-0.14089997
-0.186262
-0.15987857
-0.17356546
-0.373197
0.38728994
-0.029255258
-0.05995649
0.1427431
0.9831197
-0.36303455
-0.24514754
0.15018666
-0.08114503
0.22220807
0.019371532
-1.7286993
-0.11504297
-0.4319881
0.25704962
-0.45347407
-0.22588101
0.021529056
-0.34578222
-0.23933129
-1.2605078
0.37054735
-0.2797402
0.22715454
0.17108864
0.20418863
0.26882896
-0.005860423
-0.35644925
-0.14704338
0.1851833
0.105652064
-1.3889955
0.21917303
0.09875749
-0.17803743
-0.60514456
-0.118576355
-0.17201275
0.059456088
0.3022668
-2.6226103
-0.10359327
-0.33605233
0.15553492
-0.5224659
-0.1848577
-0.06694942
0.09627072
0.38049605
0.011657983
0.19327551
0.24268156
0.19684291
-0.24081287
-0.17797193
0.88306504
-1.10177
-0.24098594
-0.33732733
0.32859224
-0.16390641
0.2854291
-0.013786173
-0.41295496
0.15307412
-0.2247977
0.22419542
0.2908147
0.5286177
-0.88837975
0.19931856
-0.1754744
-0.32090217
-0.10171606
0.12263587
0.7751087
-0.07889864
-0.32533288
-0.16737564
0.07263259
0.20471773
-0.292171
-1.8344787
-0.13901909
0.11241246
-2.3509257
0.1131964
-0.12825678
-0.36623484
-1.8721342
-0.09747507
0.3167788
0.21422899
-0.17403428
-0.20554455
0.18068312
-0.14205275
-0.24607459
-1.2126844
-0.34909755
-0.22698729
-0.42217365
0.101646155
0.33410382
0.16140427
-0.16936599
0.12220563
-0.10205324
0.17087896
-0.4040707
-0.43642095
0.22181228
0.3375428
-0.12055409
0.47624105
-0.14697695
-0.840965
0.17080276
-0.18227907
-0.28696078
0.13867171
-0.052353114
1.3222793
0.0768183
0.21440984
-0.60756165
0.10404541
-0.15029378
-0.0037263716
0.13228545
0.32847106
-0.056952324
0.113542624
-0.9903645
0.46563533
-0.1309323
-0.9557725
-0.18669477
-0.55968076
-0.59404236
0.13015407
0.64714843
0.073917195
-0.21999703
-0.028428307
0.4209087
0.9746904
0.04660525
-0.24076179
-0.3157385
-0.025535852
-0.43822032
0.6704832
-0.09296952
-0.23323546
0.080198504
-0.13141665
-0.42227536
-0.04662278
-0.3722933
-0.9767979
-0.5334991
-1.943366
0.3322157
-0.121234804
-0.53345186
0.10993636
-0.4164388
0.23679315
-0.14778404
0.60133684
0.0011518896
0.13107353
-1.4079058
0.27660987
0.2621538
-0.34236488
-0.18208155
0.264015
-0.2693371
-0.07515589
-0.045869995
0.08906728
0.15186724
-0.09098083
0.17678756
0.018812934
-1.7477671
0.23898232
-0.034759782
0.38062856
-0.4178998
0.27405387
-0.19588475
0.21574625
0.15363663
0.41481572
-0.30243826
0.9536328
-0.025119713
-0.51996255
0.30098355
-0.6620746
0.18254119
0.023741165
-0.10688355
0.13944347
0.08232474
0.33954087
-0.05053089
-0.03454974
0.24772249
0.2486195
0.66309094
0.7634291
-0.4438564
-0.025060913
0.0996172
-0.13377991
-0.6880352
0.31948292
-0.561029
0.13026775
0.5793117
-0.28585666
-0.64171886
-0.29669893
0.02748309
0.12114377
0.11023768
0.3892706
-0.08121661
0.58203614
-0.09754456
0.22031671
-0.027324371
-0.24674463
0.5251963
-0.5120367
-0.80570805
0.20247072
0.16673112
0.45082754
-0.008597602
0.11205135
0.12223812
-0.037504237
-0.5171126
-0.17298737
-0.33132493
-0.3705145
0.44331065
-0.54979295
0.19753398
-0.28963602
-0.026424345
-0.12964392
-0.03352171
-0.5335831
-0.3852606
0.20429829
0.499571
-0.09407925
-0.21059786
-0.13416429
0.39572763
-0.24548677
-0.05212914
-0.20151281
0.1075535
-0.27240574
0.6445381
-0.11280235
0.13791646
-0.21978334
0.078834906
0.05679371
0.17669061
-0.031881507
-0.24070582
0.04643043
0.19242777
-0.5726975
-0.10191048
-0.22610603
-0.22179
0.27422363
0.4969367
0.3735418
-0.4436106
-0.24834815
-0.0143711865
-0.22970632
0.109970115
0.3864208
0.086106084
-0.32411066
0.31133324
-0.053875104
0.22815764
-0.038486164
-0.9932108
0.029966753
0.09080178
0.17967528
0.050929714
-0.035494022
0.17150412
0.2917589
0.21118037
0.14992242
0.38504744
-0.18602952
0.1389243
0.7578133
-0.380269
0.38922402
-0.30140495
-0.37929803
0.051683035
-0.3271123
-0.021878194
-0.23565573
-0.07041231
0.51681924
0.0775481
-0.65848917
-0.3040643
0.48900348
0.051671773
0.04770397
0.2765742
0.28339583
-0.06812249
0.25418127
0.06386373
-0.5992511
0.19604748
-0.36256534
0.28740522
0.39505613
0.037594106
0.08098721
-0.088997215
0.62170684
-0.21334372
0.20007396
-0.016056374
-0.09754448
0.14533198
-1.0596669
-0.08564386
0.19738825
0.33376265
0.53030896
-0.79655296
-0.4904977
0.1843699
-0.10242548
-0.24753796
0.67280024
-0.08043295
-0.35546818
-0.087205105
0.2707648
0.11124909
0.25943977
0.01945447
0.20245811
-0.14653
0.60518575
0.22990493
0.06361347
-0.13386546
0.2790299
0.21850692
-0.55446297
-0.29250038
-0.11034402
-0.40664873
-0.13436773
0.22063094
-0.15371731
0.20193666
-0.4987265
-0.33280605
-0.12036662
0.0818354
-0.024157375
0.2571977
-0.2849297
0.035076134
0.36576778
-0.28285882
-0.32875553
0.12230144
-0.007193524
-0.22765331
0.00149863
0.25769922
-0.30449206
0.054988947
-0.34171674
0.027626796
0.03362024
-0.3117687
-0.37241367
-0.42128727
-0.14534776
0.26695672
0.2212083
-0.3239017
-0.5728003
-0.43982735
0.2589533
0.032836672
0.37432912
0.040043354
-0.16613409
-0.3282071
-0.048931096
0.48224202
-0.0745681
-0.4015392
-0.081434995
-0.25477648
-0.22317344
-0.27636835
-0.2930711
-0.10648271
-0.2303111
0.19070844
-0.32813394
0.08183331
0.007992943
-0.21506052
0.153132
0.15908694
0.05033057
-0.1649589
-0.18318084
-0.20940657
-0.097764514
0.07291299
-0.13284674
0.29445487
-0.33610043
0.70237726
0.10134718
-0.55641854
0.14212587
-0.38726848
-0.30239868
0.348783
0.29659456
0.014495491
-1.1389183
-0.35759428
-0.051066883
0.26031736
0.43428007
0.101171255
-0.15899655
0.032192566
0.22797966
-0.048770685
0.15752214
-0.0020890594
-0.17412505
0.12334868
-0.5124126
-0.45007467
0.08251949
0.013525719
0.3229168
-0.19635372
0.23954956
-0.25094497
0.24060255
-0.32322478
-0.1424837
-0.262518
-0.13579462
0.23614396
0.026279807
0.27528223
-0.09512912
-0.16686954
-0.11747702
-0.15963721
0.118701264
0.34039423
0.30208105
-0.020114157
-0.2637602
-0.05679153
0.3565502
-0.063078836
0.23228438
0.009026602
0.1330562
-0.028178224
-0.2435342
0.17381853
-0.10811245
0.10562687
0.2549498
0.08326953
-0.11288892
-0.22918548
-0.6338023
0.112676084
-0.3691665
0.22458287
0.1325993
-0.13310133
0.079458795
-0.12556502
0.364127
0.17098929
0.09430122
-0.142765
-0.23415913
-0.28186342
0.17868847
0.0136755975
0.23642579
-0.21099278
0.04423739
-0.31078637
-0.06653731
-0.11815593
-0.681475
-0.12000667
0.358249
0.16937806
-0.14075395
-0.30429956
0.1282783
0.11364642
0.28259104
0.0892748
0.046780508
0.35100973
-0.2302362
0.09879332
-0.1544731
-0.2633944
-0.2335252
-0.018000808
-0.14864437
-0.3560869
0.09345192
-0.25919417
0.07048367
-0.021975674
-0.3376393
-0.060495824
-0.09678435
0.08896246
0.3029233
0.008304534
0.08506069
-0.29257601
0.15899919
0.19136913
-0.2631249
0.36220822
-0.2878951
0.033119686
-0.37071636
-0.039637554
-0.23242164
0.30050036
-0.014382507
0.018609364
-0.3896547
-0.31617412
-0.14190325
0.3907378
-0.018870886
0.09252218
0.057056747
-0.015683716
0.26661977
0.30009744
-0.20338258
0.42956653
0.115987785
0.10246199
0.24709317
0.11755374
0.26954055
0.086878814
0.039832104
0.17360808
0.10965475
0.14793605
0.11214607
0.12507287
-0.017483935
-0.20585299
-0.17852473
0.024161737
-0.043920778
-0.17251769
-0.6586299
0.07313274
0.45116416
0.15212762
0.17510855
0.19200985
-0.26190078
-0.3223551
0.22879317
0.30960134
-0.32774252
-0.33442947
-0.92754316
0.111999646
-0.29383117
0.14327717
-0.051834483
-0.029753659
-1.1547835
0.3149724
0.13599244
-0.27870244
0.3315435
-0.14819342
-0.24723245
-0.6485967
-0.52098244
0.062836014
0.10162248
0.102748096
0.16988854
0.3241341
0.15776682
-0.19009876
-1.0053599
0.056624472
0.26197118
0.27270913
0.038105667
0.039945025
-0.12703378
-0.26132423
0.021642387
0.08468739
-0.020807192
-0.16188356
0.0036459565
0.35545224
-0.49543422
0.65030116
0.42825726
-0.3496878
-0.02841125
-0.029935211
-0.18645537
0.121341646
0.1798988
0.06341312
-0.070507765
-0.76810294
0.22230491
0.40205145
-0.07426528
0.45318916
-0.048613578
-1.8518144
-0.099378735
-0.50417745
0.17746997
-0.13174933
0.034770183
-0.07184681
0.15705353
1.1230705
0.27811888
-0.11776291
-0.011418784
0.087869644
0.24410015
0.18626769
-0.18520585
0.32353264
-2.5657105
-0.10911748
-0.11844379
-0.10960229
-0.18479386
0.12665683
0.35827956
-0.17195205
0.1691489
-0.013046817
-0.3246791
0.22713578
-0.14963306
0.2137028
-0.3648734
-0.1434552
1.950749
-1.9339674
0.39677408
0.38547772
0.11741128
0.053798277
-0.075666495
-0.06593886
-0.1494007
0.91389704
0.16026616
0.17029434
0.14927532
-1.1172925
0.067550436
-0.25341484
0.16532964
0.22136682
-0.56064266
-0.3876767
-0.033702426
0.2721205
-1.2131898
0.3821163
0.016705692
-0.15373428
-0.42105916
0.021328006
-0.06632934
-0.9928241
-0.13534318
0.24516329
-0.111576274
-0.29233947
0.16047041
0.19239189
0.05923372
0.2245028
0.17583367
-0.123315506
-0.10131966
-0.11889776
0.31933182
-0.12125131
0.15211946
-0.087811686
-0.33733153
0.89885175
-0.14470267
0.2475367
-0.16253884
-0.152725
0.09332072
0.10241659
0.107951306
-0.46125472
0.28196645
0.33594793
-0.31748447
-0.09293796
0.33668083
-0.1428956
0.06513786
0.1948006
-0.06898732
0.1174679
0.19645025
-0.0098029375
0.21150452
0.23582903
-0.21188504
0.35086104
0.03187864
-0.8878266
-0.20044851
0.33720648
-0.10050456
0.10349172
0.17348939
-1.2673926
0.106577754
-0.15689887
0.26014397
-0.16710526
-0.52257353
0.07203348
-0.3220432
-0.40969267
-0.57194155
0.25562796
0.08801234
-0.050494432
0.056662023
0.090678126
-0.25811985
0.372972
-0.24687283
-0.13973573
-0.13034748
0.09976864
-0.104782715
-0.1283019
-0.09895273
0.2920168
-0.052689534
-3.948816
-0.10925558
0.17238504
0.19631177
-0.11019186
0.8282149
0.038907453
0.00088720093
-0.08202948
0.016990203
0.01439501
-0.2950499
-1.1505953
-0.0020431448
-0.13561289
0.11298851
0.13450472
-0.39627153
0.3068393
-0.073411986
-0.09436785
0.3046927
0.28404814
0.23873813
0.42804483
0.14243728
0.05331641
-0.003846222
-0.06497658
0.042390976
-0.019954812
-0.0001911943
-0.12012549
0.12313579
-0.07670575
-0.2096501
0.4645208
-0.4517827
0.20480849
-0.056677848
0.49385726
0.023833565
0.13649487
-0.10324252
-0.08949417
0.24906914
0.28881142
0.13400143
0.33659393
0.0067811324
-0.007711458
-0.04200453
0.1747002
-0.12938464
0.037384722
0.14168951
-0.16126558
-0.002742503
0.11159742
-0.08331254
-0.28819105
0.12383875
-0.18679011
-0.003756788
-0.038211193
0.030701062
0.33469766
-0.14187953
0.11628065
-0.13912947
0.39632487
-0.14230831
0.22818011
0.01564105
0.08358678
-0.4364767
-0.08618885
-0.055757426
0.026062768
0.20200497
-0.21304211
-0.014885361
-0.29540873
0.18953869
0.041296378
-0.1793504
0.16952972
-0.039071616
0.12960078
0.16634813
0.2748338
-1.1055565
0.18408914
0.18836443
-0.2226043
-0.21864858
0.19752486
0.12433142
0.048601978
0.08281234
0.5906166
0.5639793
-0.08003874
0.13626705
0.045910828
-0.25637558
-0.059176184
-0.012576107
-0.10558492
-0.20774402
-0.26049036
-0.035778526
0.30618787
0.02005113
0.3362108
-0.10119169
0.24392432
0.10207251
0.27122974
-0.11966611
0.43052918
0.01116237
-0.11908634
-0.14160632
0.07411439
-1.0470794
-0.1477176
-0.25467935
0.10625267
0.4525448
0.2648469
0.1287561
0.067716286
0.0051647583
0.09953133
-0.14207831
-0.17681
0.04283086
0.0051913466
-0.002371558
0.35362974
0.13964789
-0.15143424
-0.17971411
0.28853616
-0.048766136
-0.044523235
-0.05619399
0.17486976
0.013363
0.07272589
0.07128842
0.12479764
-0.27000147
-0.625444
-0.21365935
0.32403612
-0.41578415
0.006132624
0.075161085
-0.22429773
0.013822543
0.25534812
-0.19012575
0.018945431
-0.15401253
-0.3612125
-0.008061963
-0.28038448
0.015903993
0.092733756
-0.15461399
-0.15664308
0.08233694
-0.11081421
0.49156755
0.19542375
0.06460987
-0.43256885
0.37210754
0.063981436
-0.35169014
0.18561009
0.2917809
0.24252996
0.050234128
-0.16716917
0.055523578
0.018129397
0.005989009
-0.223584
0.07205517
-0.16247785
-0.08159208
-0.14118524
0.07481225
0.10959028
0.07680927
-0.21937649
0.28716776
-0.030958267
0.040268376
0.30289945
0.17686841
0.14713801
0.13387313
0.021748777
-0.007965178
-0.03504884
0.010254769
-0.33601406
-0.28650603
0.05914286
0.18541025
0.028612021
-0.19149436
0.11473306
0.7353345
0.13414939
-0.3282103
-0.056804173
-1.05374
0.06556889
-0.108771406
-0.5565707
-0.007769755
-0.0040515005
-0.2531869
-0.059983015
0.014991012
-0.2716904
-0.023706472
0.017732788
-0.18038163
-0.03423184
0.2512015
-0.1390884
-0.48923907
0.027628683
-0.26645413
0.014365238
-0.067753464
-0.60397327
0.010030061
0.053117815
-0.6994113
0.14975733
0.2357934
-0.2586185
-0.050721586
0.16501427
0.098092295
0.017381502
0.0119435415
0.5132208
0.001773795
-0.012381284
-0.12104976
-0.23255529
-0.07936045
-0.2692357
0.11426572
0.0022362703
-0.03269744
-0.41205063
-0.33389142
0.0029349267
0.006204445
0.0060544396
0.0799952
0.09949412
-0.11641238
-0.10893364
-0.11267588
0.027952842
-0.38114318
-0.1385807
0.25947338
0.11375789
-0.56122977
0.25101689
-0.07111152
-0.11232878
0.4897608
-0.061013177
-1.0677428
-0.0637202
0.020269174
-0.28497356
-0.51417196
0.28486267
0.2959063
-0.020655384
-0.18883501
-0.29655716
0.62406
-0.14424329
-0.260282
-0.07676098
0.29923812
-0.10724447
0.028486855
-0.07568476
0.279306
0.5470096
0.072697744
-0.40610838
0.38015532
0.17732768
-0.75450766
-0.17362438
-0.1733211
-0.19522455
-0.15225512
0.03149232
-0.14998583
-0.014210135
0.05700415
-0.15900002
-1.0604523
0.007866749
-0.34157875
0.26666263
-0.033514414
-0.21850345
-0.034442376
-0.016452178
-0.3107934
-0.2335537
0.39184666
0.01864624
0.12842025
-0.14154206
-0.04845469
-0.036411636
0.09378156
-0.24128938
-0.2364326
0.37382084
-0.20572467
0.21891126
-0.5818528
-0.23022875
0.027219314
-0.3075666
-0.2312024
-0.18227555
0.009534273
-0.23297508
0.16137798
0.7091154
-0.20602639
-0.21917385
0.059522357
-0.1281856
-0.08200607
-0.14068127
-0.039340604
-0.31554055
-0.5619558
0.15813228
0.21595103
0.2129434
-0.136248
0.17847799
0.19132017
-0.29583663
0.036144085
-0.25232098
-0.030210871
-0.17504196
-0.14097613
-0.029555934
0.47920078
-0.10617122
-0.4954303
-0.11138128
-0.12559693
-0.35040605
-0.14235292
0.14679347
-0.21900533
-0.51244354
-0.9723551
-0.55092084
-0.047067784
0.20819017
-0.19323121
-0.20898853
-0.17156145
-0.37159586
0.067078404
-0.06780195
-0.11130473
-0.27230218
-0.3245505
0.21873122
-0.48804072
-0.06580359
0.44432327
0.003047347
-0.0697819
-0.08983745
0.33671018
-0.87962353
-0.109126225
0.08219283
0.23906203
-0.25924873
0.15707982
-0.08222831
0.14552891
-0.17650895
-0.10995712
-0.063993275
0.5046485
0.03262844
-0.10786769
0.14143382
-0.02283153
-0.2842208
0.014412731
0.15352091
-0.083310135
0.5276006
0.07659266
0.3272407
0.8822222
-0.3247572
0.23285489
0.27792636
-0.11903126
0.27423304
-0.19979645
-0.53187287
-0.14255661
-0.11017406
0.0694681
0.3210073
-0.26398247
0.29538885
0.06797129
0.143774
-0.20189789
-1.548809
0.11982249
-0.016440764
0.11603166
-0.14084378
0.27204016
-0.1532549
-0.008349971
-0.20900774
0.6101637
0.30792636
-0.31880638
-0.048789084
-0.09597528
0.2607173
-0.052823935
-0.101476476
-0.18217383
0.3994589
0.23454225
0.0005734032
0.019353813
-0.36814904
0.03860386
0.28338516
-0.026436858
0.98465055
-0.06207638
0.290927
-0.6492459
0.2818789
-0.058231287
-0.039379876
-0.13440698
-0.2638894
-0.02388513
-0.09780662
-0.14929047
0.08127189
-0.33998245
0.17892766
0.18559521
0.14116387
0.21038291
0.07944892
-0.22178595
-0.2514004
-0.09823796
-0.20197842
-0.013824854
0.2513072
-0.8314506
-0.20681375
-0.550147
-0.1649787
0.035803348
-0.72099507
-0.22990221
-0.14451054
0.3232505
0.571217
-0.10620575
0.03883238
0.035358295
0.29358506
0.122453004
0.009614947
-0.19623473
0.0069002807
6.681681e-05
-0.29129967
-0.057560466
0.06793362
-0.43671653
0.2895451
-0.009217227
-2.6770895
-0.32660863
-0.16152322
0.11212513
-0.14153104
-0.24513598
-0.088918544
-0.07982141
-0.32076856
-0.68599576
0.02349707
-0.3489758
0.103003696
0.09072101
0.53158873
-0.15865867
-0.13342711
-0.26034334
-0.007707685
-0.019748002
-0.23161815
0.29828882
-0.2275376
0.34987447
0.40019706
-0.04176269
-0.3129849
0.44678122
0.4625861
0.038047235
0.1974191
-0.14720233
-0.34628636
-0.7464761
-0.074542046
-0.20562561
0.1898309
0.17218149
0.12390316
-1.121604
0.07766542
-0.2393443
0.07947639
0.2862937
-0.3555201
0.13712476
0.14208344
-0.12177343
0.10483187
-0.12447266
-0.20557821
0.063640565
0.096633695
0.021544425
-0.03260991
-0.31994647
0.3560082
-0.36478105
0.16269732
-0.04100695
-0.28304887
0.023279106
0.2019382
0.3082344
-0.018587852
-0.07449404
-0.20302026
0.008685338
-0.17927763
-0.15683009
0.6959808
-0.1532993
-0.16516174
0.09082097
-0.08266735
0.19319919
0.055452067
0.08637902
-0.014255732
-0.12169149
0.14830351
0.17122275
0.014176011
-0.019053668
-0.19273962
0.6380458
0.05746635
-0.10204728
-0.28719544
0.008221123
0.061924692
-0.36781842
-0.29313847
-0.04538292
0.08958625
-0.5509955
-0.26991394
-0.32295507
0.47006983
0.0042809253
-0.007731868
0.028600672
0.07551095
-0.0589683
-0.34855664
-0.014868617
-0.04666182
0.1415577
0.2435234
-0.1269682
0.035523247
-0.008432401
0.27323908
-0.13297889
-0.3828259
0.29968086
0.1212616
-0.28206623
0.21761884
0.14804186
0.5284803
0.13872638
-0.09520383
0.19060627
-0.4829171
0.13442081
-0.06798972
0.5579261
-0.16186886
-0.5960294
0.083053246
0.17871499
0.02382866
-0.26085272
-0.010470088
0.38708258
-0.13511945
-0.053995974
0.061311066
-0.06616393
0.2772073
-0.18082324
-0.16532919
0.29780492
-0.10994291
-0.100572705
-0.6565697
0.11532158
-0.014343489
0.13529237
0.44381675
-0.13870206
0.29906332
-0.18276793
0.24163942
-0.28268644
0.020766119
0.33297682
0.3009281
0.2093315
-0.4629826
0.2201564
0.0053341985
-0.14563335
0.06799365
0.0054907817
0.3490965
0.016963571
0.028782591
-0.0066442457
0.15367931
0.1163213
-0.12647651
-0.014605513
0.5671783
0.33805788
-0.108911656
-0.570591
0.24360274
0.41387954
-0.18274494
-0.33569565
0.6064846
0.48352236
0.15451811
0.10363215
-0.38481432
-0.022463711
0.03348586
-0.13806173
0.5644998
-0.13728191
-0.041008916
-0.06826778
-0.11061014
-0.2969961
0.17089403
-0.033195227
-0.3211788
0.12119266
0.20936191
0.05617723
0.082617395
-0.10934609
-0.10860739
0.13590316
-0.101385005
-0.052427754
0.3209444
0.30118388
-0.034850564
-0.075270824
0.3961633
0.06094601
0.049096882
0.06739368
0.15982395
-0.261092
-0.19699
-0.021242166
-0.23733383
0.064324275
-0.53744984
0.8790024
0.1356445
-0.09792405
0.16014153
0.040126093
0.12052897
-0.1822082
0.22212437
0.36031473
-0.32084292
0.01821769
0.13194624
0.13774493
-0.116448894
-0.10113426
0.121183045
-0.03767833
-0.052552853
0.061952855
0.075330846
-0.19396916
0.22723468
0.2552872
0.4121711
-0.01812165
0.007860631
-0.12411813
0.20678675
-0.16099599
-0.18019891
0.07358969
0.11417608
0.44521996
-0.18726178
-0.22231582
0.31009284
0.119219996
-0.3488657
0.24725817
-0.30388194
0.23703447
-0.24386036
-0.15215014
-0.33249858
-0.23320058
-0.08140169
0.1270238
-0.081880495
0.01793896
-0.2619451
-0.033629447
-0.22931881
0.057244685
-0.71694267
-0.1274147
0.069708414
0.6058093
0.09690597
0.16601445
0.20498645
0.22513871
-0.29166305
-0.008174725
-0.009045974
-0.3707364
0.21790454
0.22294363
0.112502694
0.01179521
-0.14210469
-0.21016277
0.38985288
-0.28273138
-0.08859256
0.52722144
0.03914426
-0.0007473152
-0.23253022
-0.18665712
0.08149054
0.092932254
-0.11984068
-0.0016874021
-0.09201452
0.013407124
-0.23748197
0.20228577
-0.24765933
0.07286856
0.014444313
-0.5357855
0.3019421
-0.17054966
-0.55246276
-0.63693583
-0.08918193
0.07591243
0.16156861
0.08133277
-0.5225366
-0.062431723
-0.10548603
-0.17643897
0.09707373
-0.40564033
-0.047232784
0.22886671
-0.10756308
0.2888879
0.05257263
-0.15571699
0.5247151
-0.3425467
0.15739451
-0.1358752
-0.2814973
0.03832244
-0.10566569
0.18787387
-0.17589566
-0.16095729
-0.0067830957
-0.22791493
-0.14952147
-0.02905597
0.15719788
-0.016164154
0.09311842
0.23749697
-0.3376417
-0.4930658
0.30021682
0.12654482
0.10853153
-0.055426896
0.25142312
0.22780752
-0.19604094
-0.098202124
-0.1993668
0.42270923
-0.27119154
-0.045617167
0.046405323
0.37345582
-0.20604913
-0.33174002
-0.1651114
-0.08727597
0.34169814
0.077193625
0.31891575
-0.19852734
0.096886024
-0.59367484
-0.37819588
0.37786597
0.2991616
0.04823729
-0.22810395
0.29406148
0.3856591
-0.19633178
0.15718754
0.30748117
0.036106758
0.31929097
-0.0508771
-0.29259345
-0.3164429
-0.56415987
0.5628832
-0.45849213
0.050880913
0.30194408
-0.061452452
-0.5811335
-0.3349048
-0.22106227
0.033860795
0.012560581
0.00015050534
-0.13619228
-0.1930588
-0.47417617
-0.11475712
-0.44825512
0.1393772
0.35748914
0.30125284
-0.23088439
0.38160735
0.022578776
0.07514225
-0.5428211
-0.20630622
0.08963801
0.07524795
-0.20182262
0.33989647
0.07777233
-0.7997872
-0.043962967
0.3007366
0.20888558
-0.053862125
0.18085445
0.111120895
-1.2610325
0.13628279
1.5203359e-05
0.021495938
-0.0392736
0.106773555
0.023651937
-0.19664523
-0.31878152
0.561618
-0.30771747
-0.115774326
-0.31354925
0.19200769
-0.13492078
-0.22262356
0.10858143
-0.086401306
0.022654153
-0.6109329
-0.18286139
0.35826057
-0.14119835
0.19479011
0.18929854
-0.0234285
-0.07644045
-0.33885416
-0.20719083
0.37142122
0.0798406
-0.59244525
0.05534471
-0.14107116
0.175468
0.20866644
0.20829347
0.51749295
0.018287104
-0.18985829
0.087643825
-0.20966586
-0.24005714
-0.35944474
-0.49048612
-0.1321056
-6.0543737
0.32447526
0.17670916
-7.0225587
-0.1395314
0.20265782
-0.38720003
1.0537868
0.17747457
0.06298921
-0.32314172
-0.31719264
0.024176607
-0.10149457
0.05211234
0.07907444
0.17698324
1.6321707
-0.17784274
0.3200344
0.09423567
0.047048014
-0.2395004
-0.048169494
-0.2961508
-0.37408862
-0.4862522
-0.03257906
-0.4315955
0.17531914
0.6198622
0.18265824
-0.03677497
-0.30926523
-0.4316411
-0.3062305
-0.19093753
-0.6892181
0.19077837
0.17502989
0.12922913
0.22783305
-0.012375951
0.2343365
-0.27111018
-0.124155834
0.23753095
-0.2124862
0.25796038
-0.15343581
0.052798126
0.69055223
0.22148609
0.23397714
0.2732057
0.39549097
0.63483286
-0.3313399
0.25374466
-0.10704333
-0.12107241
-0.2763535
0.20090982
-0.15575151
-0.271758
0.025056276
0.21802783
0.07295386
-0.1319824
-0.05101868
-0.15355375
-0.067543924
0.3078662
-0.13922743
-0.09920339
0.30098623
-0.15463687
-0.29103115
0.32470205
-0.093936376
-0.016674735
0.3434797
0.04940471
0.25822413
0.070203006
-0.14571479
0.015333533
0.039047074
-0.13342452
0.13764754
-0.31132972
-0.16359144
-0.141817
-0.25925565
-0.051232472
-0.15141544
-0.24236707
0.024866272
3.4088485
0.04149428
2.1788208
-0.2615028
-0.22485991
0.5258902
0.34004888
0.03319797
0.26536232
0.41862205
-0.23114893
0.32581353
-0.1705357
0.43114066
0.0047788993
0.021079019
-0.4945503
-0.21171072
0.094726056
0.30760852
0.04935802
-0.10082229
-0.038090326
-0.3385291
-0.4036337
-0.9416526
0.17601466
0.3520349
-0.33664897
0.32252586
0.05524317
-0.32967794
0.21464126
-0.2052742
-0.07834507
-0.20140168
-0.291759
-0.09276979
0.15390953
0.12155907
-0.13375765
0.6223494
-0.20889081
0.1560049
-0.10261124
0.06824363
-0.31807157
0.019048898
0.40996683
0.31268445
-0.05175442
-1.8732886
-0.20191103
0.15344942
-0.2943644
-0.03393303
-0.19852982
-0.07105601
-0.3680796
-0.2387748
0.31036365
0.51147926
-0.11386738
-0.10289525
0.06488724
-0.023839114
-0.018043188
0.25671494
0.22646564
0.12124784
0.51631683
-0.114805676
-0.03773162
0.3049885
-0.22711737
-0.25354916
0.10012721
1.0232066
-0.43514225
-0.21107993
-0.21649264
0.48352212
0.43847746
-0.05417797
0.37656525
0.018080708
0.10336419
-0.165671
-0.3167437
0.41513386
-0.0734513
0.11996074
-0.14513053
0.22645068
0.23680834
-0.6824486
-0.101223335
0.16122538
0.06415716
0.34540522
-0.10084269
0.07541091
0.072911784
-0.29634702
0.052354217
-0.27047247
-0.30217546
0.08218263
-0.18555824
0.039506685
-0.32526222
0.23966454
-0.04167516
0.21880567
-0.1763165
0.008583314
-0.054283556
0.09920639
0.50187504
0.06475245
1.3083735
-1.3713213
0.024195071
-0.121770926
0.0011661435
-0.11684608
-0.42568994
-1.3120214
-0.33634531
0.6740375
0.20484835
-0.07639616
-0.110630766
-0.417469
-0.4237731
0.36039415
0.22650124
0.034398317
0.08931267
0.31787843
0.1869146
-0.044854976
0.3748406
-0.006452995
-0.37550396
-0.16650048
0.19836782
-0.061352454
0.29663986
-0.18529803
-0.056535587
0.35893872
-0.33070323
0.012680054
0.30906937
0.27059737
0.29428354
-0.1922231
-0.1971058
0.1815271
-0.15873611
0.049424723
0.09307816
-0.1428673
-0.012553126
0.095636815
-0.26998717
0.31342727
0.3915646
-0.45499814
-0.28579506
0.15927742
0.20670258
0.2401796
0.10283792
-0.2714682
0.020021226
-0.104108274
-0.14523761
-0.1472294
0.25708488
0.2498675
0.34647572
-0.17531407
-0.23094289
0.024936758
0.016410729
-0.27539444
0.16329116
0.24910425
0.12338762
-0.32529235
-0.22205685
-0.37494233
-0.1390746
0.15088528
0.29568395
0.053122442
0.065012425
-0.21968919
0.20064145
0.07217835
-0.18600701
0.35316357
0.2722429
0.18732898
-0.29820427
0.037218213
0.10332851
0.19835958
0.28097466
-0.0549515
0.023367684
-0.13139044
-0.2518012
0.015203828
0.8130408
-0.16603678
-0.035106517
-0.23611799
-0.04860678
0.05857138
0.15796438
-0.06278917
-0.09794091
0.054748803
0.11321315
-0.10764726
-0.23186728
0.077017985
0.20685628
-0.075135514
0.13254035
0.28147262
0.29367986
-0.29627612
-0.21557489
-0.08087298
-0.4184472
-0.57144165
0.1456343
-0.13873449
-0.34182006
-0.24609387
-0.39155453
-0.08846767
0.18721011
-0.09925754
0.4973426
0.20336393
-0.1585469
-0.31140772
0.13108177
-0.18240447
-0.15090694
0.06975613
0.069343776
-0.1016095
0.35956913
-0.37805134
0.15446308
0.2460726
0.22874455
0.22291957
0.17521283
-0.2386866
-0.038869385
0.25067118
0.0069440003
-0.1568329
0.1729565
-0.0600586
-0.046678014
0.042489737
0.14748473
-0.095770195
-0.010657798
-0.36668375
0.087780096
-0.2631953
0.18105426
-0.025840793
-0.09491124
0.2219939
-0.11070742
0.23713785
-0.19792227
-0.11885779
0.13503781
-0.104885206
0.19619675
-0.60597664
-0.27943245
-0.20263179
-0.036299206
0.300988
0.052101158
-0.16887315
-0.16284934
-0.2733326
0.08090891
-0.12663127
-0.13012952
-0.18157604
0.24592593
-0.074099444
0.4019718
-0.12341384
-0.30884686
-0.1941185
-0.29122597
0.2097116
0.47036847
0.40779456
-0.1137605
-0.26093465
-0.7566039
-0.18686153
-0.0179215
-0.2649949
-0.17413959
-0.21418974
-0.12319106
0.29440734
0.26275468
0.05381073
0.09756684
0.0877154
0.25253722
0.420528
-0.0061486135
0.3611614
-0.0397008
-0.19031942
-0.05557837
-0.22803363
-1.4959854
-0.17738691
-0.018452879
-0.089105606
-0.1719464
-0.20337352
-0.22877252
-0.22984944
0.20575222
-0.3256956
-0.008779228
0.24032927
-0.060585737
-0.20148
-0.0685552
-0.057530288
0.18501326
0.20439443
-0.12855387
0.120994605
-0.014473318
-0.32415476
-0.33836532
0.20976587
-0.065466024
-0.07574128
0.22672983
0.03597675
0.07025596
-0.38270167
-0.18437414
0.15620054
-0.1971105
-0.13705744
0.2561683
-0.19550994
-0.1973189
0.079856746
-0.014371114
0.0036932095
-0.27447575
0.06401244
0.15266877
0.32641706
0.1936159
-0.34391248
0.022303542
0.2211813
-0.23581696
0.16061307
-0.2342585
0.25496122
-0.22042999
0.020632133
-0.011691705
0.39705494
0.23545325
-0.2627533
0.27825522
0.12928851
-0.050875768
0.29013228
-0.060184643
-0.19256862
-0.074137755
-0.06105648
0.25036606
0.27499288
0.3598819
-0.29104424
0.032889064
-0.05781712
-0.0049225437
0.2117539
-0.06382051
-0.039712645
-0.027483381
0.3728541
-0.15249304
-0.1598043
-0.24064144
-0.07169411
0.14329615
-0.29101634
0.31266275
0.34255508
0.20396224
0.12265436
0.16517758
0.09390825
0.001980437
0.1078908
-0.115302004
-0.076746315
-0.1905798
-0.20729065
-0.07607981
0.18373296
-0.102883875
-0.1725949
-0.006678828
0.24874736
-0.299567
-0.14474986
-0.11552288
-0.069565155
-0.10704565
0.23673734
-0.2817027
-0.02550714
0.2713353
-0.03505475
-0.015060826
0.024846816
-0.29683065
-0.13022542
-0.22534741
0.08052081
0.31108883
-0.003155963
0.33365655
-0.11476264
0.08932962
0.052340657
-0.29425994
0.08863485
-0.03301684
0.18321289
0.16951208
0.3391185
0.024115777
0.012315134
0.022243291
0.34727392
-0.037796345
0.19449806
0.24542879
0.15526678
0.046843003
0.06939104
0.32316187
-0.29783493
-0.03417518
-0.26043186
0.23271248
0.24593352
0.38554263
-0.08507243
-0.13579652
-0.37508968
0.15664211
-0.15325804
-0.15662792
-0.34323475
0.09620046
-0.3342608
0.094580725
-0.18961006
-0.15962099
0.33266565
-0.039882474
-0.0936352
-0.21827188
0.2724133
-0.13766526
-0.3906174
-0.0057108602
-0.74481475
-0.30949667
0.14851947
0.22098947
0.2872234
0.14739484
2.3571765
0.010634321
0.34678742
0.33358216
0.11771947
-0.8402689
-0.7965226
0.45744193
0.78738993
-0.34480232
-0.36754614
0.33974758
0.09253062
-0.045684665
-0.2968161
-0.19868569
-0.023469554
0.09998298
0.29829228
-0.76976365
-0.5930926
-0.6987831
0.6952802
-0.8569989
0.40909806
0.2788813
0.31322208
-1.22715
-0.20660976
-0.2509363
-0.8311052
-0.16406105
-0.93633497
0.23335727
-0.5078711
0.05882468
0.42453194
0.33552057
-0.122497335
0.28217614
0.62407595
0.24618016
-1.485653
0.5968078
0.46954134
-0.42098883
-0.06370139
-0.7424597
-0.39879802
0.115128845
0.20970272
0.21370685
-0.026073918
-0.58871955
-0.044881795
0.66885996
0.75206697
-1.4790028
-0.11927357
-0.55144995
0.0841859
-0.14571609
-0.76621544
-0.41591927
-0.34422934
0.30167982
-0.31550905
-0.18297376
-0.10336241
0.4637512
-0.32339132
0.5667549
-0.0055184183
0.055778753
0.31160325
0.09922989
0.2035321
-0.34459004
-0.008237044
-0.1326777
-0.405884
0.010327721
-0.52617425
-0.31370658
0.16571932
1.3083704
0.22463001
0.43461636
-2.3801794
-0.44911662
-0.46260118
0.24581382
-2.351993
1.3293543
-0.68673754
0.29959488
1.3970165
0.2919189
0.6294137
0.524854
0.022003783
-0.22446957
0.9451495
0.5107032
-1.0041837
-0.10190283
-0.26447928
1.0089817
-0.19222058
0.24257082
-0.105175056
0.04796557
-0.24691683
-0.009138298
-0.12922487
-0.0907988
0.0811281
-0.2985583
-0.06559515
0.12630723
0.9573226
-0.4065945
-0.3062221
-0.1628684
-0.2516826
-0.08481031
-0.18686402
-0.41033304
-0.13451548
0.055686377
-0.008811149
-0.12017367
-0.03636136
0.01036013
-0.060267072
-0.107662976
0.076117545
0.038668513
-0.057747986
0.3001534
0.08499744
0.1755226
-0.4886406
0.15311772
-0.34655246
0.0025983476
0.36484295
0.50461113
0.11965936
0.26837996
0.14840595
-0.102474555
0.1787042
0.064745344
0.30998632
0.24181987
0.0183683
-0.2868077
0.17941391
-0.17853953
0.05596023
0.15845726
0.08497592
-0.06802374
0.33761427
0.10962419
0.22045094
-0.15489556
-0.0062679555
0.08049074
0.08639105
0.12583572
0.2113621
0.7721498
0.42254755
0.21846153
0.021206789
0.21752901
-0.012024004
-0.46721092
0.10108679
0.11211536
-0.572132
0.069186114
0.2055735
0.11983568
-0.20630221
0.090627775
0.1587556
0.22239666
0.117836654
-0.05705081
-0.044112965
0.11708234
-0.1160869
-0.01136917
-0.22279075
-0.28566477
-0.32004577
-0.23926857
0.16107029
0.017554771
0.23538898
0.12851918
0.06312781
0.07048967
0.074068986
0.076078095
1.0928357
-0.29288432
-0.23808731
0.13819703
0.4761382
0.0011557741
0.15457551
-0.6299902
0.12782635
0.05630105
-0.16046059
-0.15189798
-0.057007577
-0.2894265
-0.20658574
-0.26803395
0.026820803
-0.07846045
0.24911371
-0.26636848
-0.23990154
0.32400343
0.007145322
-0.27235198
0.14867799
-0.042887054
0.08100231
-0.27898267
-0.046032503
-1.3314666
0.15085529
0.16460134
0.071661785
-0.37771907
0.34137484
-0.93417394
-0.054203153
0.463501
0.0043595866
0.3511495
-0.37042123
-0.17598803
0.15503892
-0.103377566
-0.32551184
0.38426748
0.13178618
-0.30668613
0.18388017
-0.255962
-0.20877759
0.16462728
-0.43486947
0.19546185
0.13150164
0.22505695
-0.3181483
-0.17107871
0.13323483
0.13857761
-0.49486956
-0.40135416
-0.10900763
0.52615386
-0.10706043
0.09127803
0.2432362
-0.18227725
0.14611104
-0.14024349
0.02364859
-0.20984475
0.084378704
-0.22735856
-0.40606746
-0.16204144
-0.36084163
-0.124218084
0.28310996
-0.06520408
-0.026226435
-0.3765408
0.017464234
0.025962353
-0.109831885
-0.16862208
0.3418525
-0.20621672
-0.07779739
-0.1237373
0.22990336
-0.16138901
0.0938423
0.047150597
-0.11601225
0.29487804
-0.2095181
-0.05625497
0.13544859
-0.16988683
0.074862786
0.18437639
0.16204584
-0.22650993
-0.5216456
0.11400555
0.11446133
-0.33649233
-0.028186373
0.17626856
0.17525695
0.050091386
-0.026098045
0.029169284
0.26249838
-0.10476325
0.05210989
0.18536714
0.18503238
0.3585227
0.12376465
-0.034607332
-0.05037353
-0.11922937
0.14629543
-0.24036258
-0.022441475
0.020963773
0.04858905
0.08590559
-0.058884826
-0.557871
0.15621753
0.2623086
-0.20263164
0.37433702
-0.034152173
0.060872268
0.20279081
-0.18430538
0.082503736
0.19412002
-0.14511204
-0.06015099
-0.37778065
0.12664148
-0.15497427
0.24281403
0.33329165
-0.3645879
-0.28825083
0.050835107
0.16945551
-0.04308169
0.11961493
-0.038114544
0.27584273
0.1936883
-0.2828812
-0.34200493
-0.32801926
-0.2042294
0.29240632
-0.15258235
0.21814893
-0.4660395
-0.12454062
0.06392198
-0.35857528
-0.15981269
-0.009772681
-0.09597708
-0.32100508
0.05932669
-0.47157148
-0.06587007
-0.1955454
0.13877046
0.31417418
-0.112606175
0.23616286
0.083740085
0.15534455
0.3498269
0.33474666
-0.0237657
-0.054959405
-0.26206243
0.3892272
-0.063499704
-0.2866433
-0.3435444
0.17251615
0.0073383
0.38002363
-0.15076743
0.40674248
-0.114992194
0.03500545
-0.34255993
-0.19467628
0.002741921
0.1256791
-0.12071568
-0.26246458
-0.02977201
0.062126145
0.31187427
0.063172124
0.12376889
-0.15151955
-0.06968881
-0.09874848
0.22805594
-0.15976903
0.27655262
-0.30441257
-0.07245565
0.22511467
-0.13616922
-0.18222773
-0.11980696
0.06489766
0.18031184
0.10808696
0.17677441
-0.10245283
0.06423602
0.51767844
-0.3565794
0.031668097
0.025601596
0.055889394
-0.057191204
-0.22870182
0.41621768
0.21319471
0.44337493
0.12964454
-0.0834216
-0.15282454
-0.19494936
0.2238016
-0.20340867
0.22819027
0.117558956
-0.3770798
-0.10166962
0.22867784
-0.16297603
-0.135984
0.035936303
-0.3779875
0.21733119
0.073119745
0.06700078
-0.013077924
0.31083637
-0.31289172
-0.25953078
-0.09037313
0.06844564
0.15352076
0.20357905
-0.1062248
-0.14440225
-0.18102573
0.29261416
0.25966868
-0.17385858
-0.16111983
0.19163595
0.20311339
0.07647411
0.25793007
0.23788893
-0.32630932
0.24017245
-0.021640733
-0.18846504
-0.22677368
-0.27163196
-0.255772
0.05668355
-0.2802991
0.25330848
-0.0023292587
-0.22654334
-0.24212413
-0.035486683
0.22466895
-0.31505406
0.08402705
0.23833847
-0.068532705
-0.1411199
0.21554483
-0.22358115
-0.10571665
0.380845
-0.0057942653
0.24257714
0.29529437
-0.18110599
-0.16102539
0.25053042
-0.13634041
-0.10066972
-0.07264254
-0.012373326
-0.12618424
0.5502147
-0.3361532
-0.11603213
0.17250185
0.30878618
0.23514302
-0.25476524
-0.038656443
-0.14571907
0.18501432
-0.26957348
-0.04601406
-0.24138486
-0.18821724
0.3572278
0.021264736
0.28402895
-0.21659212
-0.17178725
0.20906503
0.41588807
0.012224797
-0.40676
-0.12192146
0.23778127
-0.03316492
-0.33440286
0.11653047
-0.07302309
-0.12194304
0.027561294
-0.043988913
-0.06202021
0.08008633
0.02168999
-0.08381547
0.18162566
-0.1041609
0.11632623
0.07657792
-0.18339725
-0.03013188
-0.05237691
0.207513
-0.23382086
-0.17353253
0.23723073
0.22699712
-0.1592236
0.23264161
-0.12889427
-0.22763693
0.21976116
-0.24607664
-0.19305807
-0.08140978
-0.084927
0.22045825
-0.11257379
0.23986234
0.23179385
0.34525737
0.15555863
-0.32304516
0.21045282
0.18054126
0.07793485
-0.051424548
-0.29085657
-0.3400055
-2.738883
-0.53694445
0.5351548
0.24846339
-0.19326025
-0.052288808
-0.21349056
0.026095986
-0.33222875
-0.0644394
-0.34182453
-0.12171785
-0.051133323
0.33889195
0.32293588
-0.1175708
0.29223344
0.6528676
-0.40661827
0.30665782
-0.027529884
-0.107595935
-0.07782369
0.5800366
-0.1331823
-0.28818417
-0.026241979
-0.24120612
-0.0066768825
-0.047944218
-0.46666622
-0.07382736
0.0888458
1.118471
0.041680843
0.9324956
-0.1894917
-0.3340672
0.21735922
-1.2477897
0.7776045
-0.3970072
-0.7147592
0.070411816
0.24376631
0.64898795
-0.018407855
-0.19292179
-0.006209665
-0.058394045
-0.0077444315
1.1570553
0.78681064
-0.1865983
0.42278498
-0.042585988
0.53237236
-0.29925695
0.14927766
-0.34801003
-0.10293287
0.09749428
-0.15615317
0.657342
-0.7893832
-1.2334889
0.095489085
0.5626719
0.33827612
-0.06860735
0.017543525
0.15191603
0.3574853
-0.2786492
-1.1422324
-0.0939109
0.47877803
-0.015856296
0.0077167396
-0.07303959
0.07162192
0.14047137
1.4951112
-0.742901
-0.073170535
0.11000037
0.14973181
-0.31161585
-0.07383873
-0.3524127
-0.26686507
-0.30547205
-0.0075279027
0.14319365
-0.34320703
0.28504312
0.7476722
-0.11738776
0.43397024
-0.11107564
0.121762425
-0.50963205
-0.462456
-0.41339448
0.25955755
-0.022683943
-0.3878935
-0.08032512
0.4395952
-0.433372
0.11537116
0.010695902
-1.1355594
0.3455587
0.7612194
0.27070543
0.52553964
-0.019678978
-0.026854232
-0.333677
-0.21957915
-0.13808197
0.25852507
0.41916278
0.4427215
0.043903593
-0.025855264
-0.16076654
-0.30880123
-0.111397356
-0.22849646
0.59626365
0.35022166
-0.1354074
-0.08688585
-0.29956624
0.08224422
0.20531218
-0.14820676
-0.124638245
-0.29009172
0.21084729
0.12183835
-0.046052806
0.18434076
-0.2892943
0.2477364
0.31323987
-0.23594958
-0.16088971
-0.13427247
0.0478295
-0.16857903
0.20839152
0.0066149463
0.12583168
0.025149388
0.15587394
-0.14835115
0.7533102
0.29178026
-0.13272804
0.24022968
0.29034698
-0.28489202
-0.06548243
-0.027986271
0.008656867
0.07596663
0.044065714
-0.061323106
0.038276456
-0.12603046
-0.27121088
0.096924014
-0.057142958
-0.43098038
-0.21907294
0.5653505
0.018025367
-0.05204781
-0.13400395
-0.19022518
0.034894828
0.05512792
0.12719792
0.043165397
-0.36112824
-0.070616655
-0.14635122
-0.30803353
-0.2863418
0.020209821
-0.13290967
0.282252
0.3443749
0.4692928
0.03501897
0.15254562
-0.050047982
-0.29711187
-0.08282155
-0.17588761
0.5574999
-0.949779
0.15785569
-0.060839597
0.22783737
0.26254132
-0.19752635
-0.32169905
0.09018442
0.4740837
0.012033726
0.09523763
0.002188182
0.41616368
-0.22483516
0.1778134
0.15245835
-0.112246424
-0.18094714
-0.0013691057
0.11139298
0.1317014
0.095980555
0.28725109
0.17492512
0.18271214
-0.03933154
0.25404567
0.32901716
-0.27016953
-0.0035214934
-0.21193042
0.48491505
-0.120698385
0.18158796
0.23369268
0.10494304
0.0625197
0.24051978
0.057907607
0.1315488
-0.05984619
-0.19431183
0.09574616
-0.044332094
0.12564969
0.1689562
-0.10949267
0.60529184
0.18865946
0.053076528
-0.1355262
-0.18663621
0.0701564
-0.0046103625
-0.12864386
-0.11674596
0.262591
-0.33249217
-0.26862732
-0.227709
-0.08147568
0.17021762
-0.25724265
-0.026621182
0.015587151
-0.23225378
-0.40490225
-0.22002193
0.034443773
0.036555894
-0.005769078
0.080336526
-0.36939102
-0.25982797
0.04329881
-0.4605276
-0.114302136
0.060978733
0.35641682
0.0019680692
-0.18115042
-0.14492284
0.009120367
0.12426924
-0.0871345
0.27355325
-0.035834245
-0.14176972
-0.2177548
0.070258506
0.1192371
-0.090897545
0.23242708
0.25223762
0.09255662
0.20596512
0.00399907
0.098867215
-0.04540196
0.039079614
-0.07001817
0.269022
-0.08154539
-0.11273482
0.008902724
-0.1151292
0.034036454
-0.19230075
0.42849088
0.04134768
0.31330702
-0.24345385
-0.37864384
-0.15615995
-0.21261694
-0.027422333
0.15846145
-0.24234912
-0.0644826
0.41083318
-0.15418501
-0.46039128
0.14998496
-0.13004442
0.1822309
-0.77831256
-0.22090256
0.08165719
-0.064087905
-0.16431563
0.10930978
-0.03543633
0.09992131
-0.19708796
-0.14589705
0.003160798
-0.07788162
0.16821931
-0.08127702
-0.025713902
-0.13409321
0.070211
-0.119716965
0.09167217
0.12181111
0.056217536
-0.1913282
0.20647469
-0.18098213
-0.4638929
-0.25054848
-0.01251405
0.07196015
0.29730383
0.08834978
0.2847101
-0.27986124
-0.29030403
-0.14865789
-0.1769899
-0.13251138
0.06772795
-0.017419994
0.2133746
-0.017130513
0.04057091
0.2986428
-0.43435296
-0.31492418
-0.06930431
-0.14085215
-0.2621845
0.25631133
-0.049766097
-0.2926222
0.22540458
0.25288022
-0.09961042
-0.33854464
0.15408619
-0.28498697
0.02484443
-0.08357493
0.078093946
-0.023981271
0.0684596
-0.11747717
-0.030108038
0.02321218
0.15077958
0.3375501
0.12607221
-0.47123256
-0.067054525
0.2509618
0.057809316
0.27335083
0.20125578
0.089048155
0.1295477
0.037754137
0.09632293
-0.7033125
0.35827926
-0.34988502
-0.20998044
0.04105123
0.29796773
-0.17571075
0.15930636
0.37633634
0.22135101
0.38067567
-0.024264544
-0.008033043
0.2856404
-0.082249336
0.09052063
0.10932198
0.16155657
0.093121156
-0.16614807
-0.17769417
-0.30804485
-0.086369075
0.31153712
-0.017872954
0.23563838
-0.23868652
-0.24807052
-0.11094492
0.21499014
0.03855695
0.054729965
0.10992503
0.08939252
-0.2310911
-0.2507868
0.04190592
-0.042760134
-0.18139774
-1.4108989
-0.28927553
-0.19087708
-0.20804639
-0.2753339
0.1000644
-0.16791902
-0.36257672
0.2898255
0.062557526
-0.0047172657
-0.15262689
0.015433395
-0.092711866
0.16290325
0.06318639
-0.23067847
0.13416077
0.3014762
0.1261446
-0.07816022
0.1424676
-0.13869101
0.22438204
0.04529945
-0.09799438
0.05072978
0.0128341345
0.1730907
0.12180247
0.08368732
0.08918658
-0.1950343
-0.07944228
0.30946273
0.030148182
0.45996198
-0.2627329
0.09346094
0.31177658
-0.05462604
-0.2580023
-0.06273135
0.3253386
0.1405342
0.12628874
-0.07745382
-0.0038200803
-0.11427415
0.10436753
-0.09973271
0.05132643
-0.010596526
0.001982872
0.18797944
-0.12938866
0.28715464
0.3287651
0.16388214
0.1257053
0.22354706
-0.07845036
-0.10580156
-0.041855022
0.096872985
0.10003476
-0.11176537
-0.042784553
-0.03242751
-0.3360973
-0.079571806
0.07447449
0.23810224
-0.015801035
-0.048418306
0.14850327
0.15034728
0.15950717
0.35856518
0.13517705
0.059630893
-0.025134642
-0.05486761
0.2883676
-0.2872827
-0.18221816
0.15526856
-0.094712675
-0.0008397519
0.010159078
-0.242481
0.13339987
-0.07186696
0.058107898
-0.19354895
0.32473817
0.2428732
0.29949504
-0.11206532
0.36113593
-0.069987625
-0.29608506
-0.2775551
-0.040859174
-0.24339399
-0.16874346
0.10960958
0.007441038
0.2359854
-0.20120122
-0.28471115
-0.27502596
-0.09578115
0.0029491826
0.030092327
0.04461479
-0.20848043
0.22164732
-0.08668909
-0.17357849
-0.18930553
-0.3890041
0.1910179
-0.058176387
-0.13949454
-0.21678856
0.1790589
0.1677601
0.29618105
0.02244789
0.22599763
-0.18545252
-0.14066376
0.10694897
0.13631576
-0.23410629
-0.23742935
0.18507868
0.19357589
-0.08087484
0.16039532
-0.14124927
-0.17797588
0.17464459
0.122491136
-0.36490163
-0.02269048
-0.66860133
-0.15098998
0.37563962
-0.3188938
-0.031726036
-0.08365537
-0.27411884
-0.27835944
-0.2501015
0.14487278
-0.044555403
0.00711406
0.07036206
-0.057218917
0.002579221
0.022696111
0.118295684
-0.0111606885
0.020119416
0.14987674
-0.2860203
-0.03773061
0.02290815
-0.0029787612
0.058482222
-0.03874161
-0.10779828
0.00095247716
-0.0133369025
0.030665731
-0.021208204
-0.10418048
0.07881176
0.043406874
0.024943216
-0.020925963
-0.25538018
0.0046685
-0.09752734
0.05505639
-0.032019634
-0.15914722
-0.020436332
-0.092051454
0.13905545
-0.0645051
0.02697289
-0.346148
0.0826741
-0.058444418
0.13899536
0.046204317
-0.024778605
-0.09665038
-0.020218618
0.011000453
-0.04927933
-0.0031500696
0.158947
-0.08555257
-0.037995715
0.07952971
-0.052919038
-0.05078818
0.060779963
0.0
-0.117515795
-0.069984324
-0.02243581
-0.02442829
0.0
0.06646531
0.09906551
-0.09140378
-0.03992658
-0.0076529584
-0.07708766
-0.06095693
0.09847061
-0.0538292
-0.10810126
-0.017984511
-0.02767406
0.0
-0.046002876
0.0032446547
0.036462385
-0.03344726
-0.093250446
0.0
0.030539759
-0.1341277
-0.087030515
0.34653783
-0.07108463
-0.16543812
-0.030050604
-0.0039095846
0.0
0.07820943
-0.077361315
0.050177444
-0.03599928
-0.07251134
-0.010331697
0.10511052
0.071302846
-0.03744074
0.09160081
-0.035090514
-0.025331905
0.020783613
-0.069434
0.11457678
-0.026588432
-0.038422115
0.063710175
0.08572397
-0.050167106
-0.012856016
0.087050915
-0.092123985
0.04535553
-0.0407136
-0.022582632
0.11982191
-0.05530009
0.0
-0.1291544
0.16050728
-0.0366845
0.04024367
0.04551012
-0.15155399
0.053509433
0.063589945
-0.13320725
-0.07210625
-0.16445367
0.083389655
0.11505421
-0.064748295
-0.22985974
0.035947975
0.07208781
0.10570779
-0.047797218
-0.08048527
0.06084189
0.10140813
0.091577135
-0.04686002
-0.09140012
0.0820869
-0.23886885
-0.059186988
0.4102147
-0.036553804
-0.074575044
0.08098624
0.009953148
0.14305519
-0.07662352
-0.076069295
0.25799555
0.056296263
0.08479605
0.50256747
0.12677334
-0.12619533
-0.3080482
0.09767406
-0.029314708
-0.05872717
0.48679885
-0.122614935
-0.04412253
0.087516464
-0.27216735
0.099404596
-0.050756954
0.047861174
0.15804482
0.14163807
0.05260564
-0.091700986
-0.10495174
-0.11010681
-0.07422482
-0.1316247
0.10938352
0.15552787
0.09024223
-0.057101525
-0.076181374
0.06986
0.11205778
-0.06199752
0.08117601
-0.14361653
-0.06963612
0.07622437
-0.10986566
-0.18725649
-0.07322363
0.0713489
0.425787
-0.15854253
0.1304779
0.077076435
-0.13958749
0.2915536
-0.19296671
-0.37104663
-0.14789642
-0.11528164
-0.12276738
-0.2499714
0.053574562
0.14047632
-0.11839738
0.023412911
0.18368685
-0.097746946
0.05064866
-0.3790265
-0.10110006
-0.09091634
0.07848142
-0.07968471
-0.08652182
-0.10854109
-0.10509831
-0.29379892
-0.51242876
-0.039302245
0.14214563
0.114583045
0.10014915
0.09784587
0.21338037
0.23594269
0.14667434
-0.08761915
-0.18497461
0.11790129
-0.08857424
-0.20101765
0.097035035
