81
2
80
1
relu
line
1
0
0.13285276
0.30436867
0.025785232
0.06531528
-0.07384485
0.15496494
0.08116636
0.081586465
0.2712018
0.05284034
-0.073592424
0.10475718
-0.0017077625
-0.06508102
0.19879963
0.07469422
-0.109590665
-0.008691795
-0.08040499
-0.045944538
0.024050882
-0.05322581
-0.012571513
0.18498369
0.21182492
-0.084990665
-0.077307954
0.018288203
-0.096842036
-0.15059794
0.1292844
0.011623864
0.0043615247
-0.086073995
-0.058883112
0.17803709
-0.14058863
-0.28958568
-0.02184906
0.09128897
0.18926615
0.008052349
0.14877206
0.055015173
-0.06776922
-0.040592916
0.112233736
-0.008095137
0.018004157
0.1363823
-0.093241684
0.07942027
0.10628959
0.082252845
-0.40056646
-0.23025525
0.14517358
0.17265074
0.17556915
0.02748527
-0.09749537
0.07091718
0.2268644
0.096704245
-0.044212613
-0.08192285
0.10141766
0.15933642
0.0048804614
0.1355146
0.22525746
0.15418336
-0.21955876
0.12204914
0.020984173
0.09259757
-0.03672495
0.06595164
-0.061383467
0.049068894
0.19065194
0.04686778
-0.19667976
-0.17607164
0.14386003
-0.08832838
0.32157227
0.022402622
-0.23460634
-0.010752027
-0.06916783
-0.016268019
-0.05830273
-0.0519434
0.008370191
-0.080608256
-0.12534748
0.051534742
0.21265918
-0.16335343
-0.09660005
-0.23288758
-0.1744477
0.12981144
0.25829998
0.11582326
0.22153717
-0.023152584
0.07948507
0.057039462
0.09185064
-8.908733e-05
0.14799497
0.047712788
-0.12210584
-0.05528985
-0.1026296
0.058561444
0.02251666
0.14843927
0.22971918
-0.24537446
-0.17709309
-0.24019833
-0.038194302
0.03799484
0.016107295
-0.20854352
-0.12072775
-0.055099946
-0.052041035
0.07399544
0.18852222
0.24315718
-0.19361112
0.0598406
-0.017258916
-0.044139147
-0.22945751
-0.013558069
0.18052149
0.054991074
-0.28579307
-0.07226542
0.078945085
-0.002871903
0.22018476
0.15834373
0.1247268
-0.21004377
-0.12635258
-0.18278277
0.19030377
-0.06307149
0.058418695
-0.032039247
-0.05216213
-0.15407549
0.2717089
-0.030640762
-0.055704013
0.041992508
0.114354625
-0.3262015
-0.024367752
0.051774334
-0.2042854
-0.16099548
-0.3423894
-0.12008053
-0.16754045
0.12134388
-0.18988355
-0.10096561
0.14335625
-0.0878266
-0.17024331
-0.077555284
0.15255286
-0.421393
0.10805032
-0.19978118
-0.0430817
-0.16568972
-0.08450943
0.0067716544
0.18943202
0.06060008
0.05387752
-0.3364561
0.28714517
-0.36634034
0.23883653
0.044644065
-0.13060312
0.077601135
-0.015660143
-0.24608333
-0.20180763
-0.0123924585
0.24766591
-0.08986285
-0.021134764
-0.077330746
-0.107641175
-0.08216861
-0.111166485
-0.13622251
0.069550596
-0.14960311
-0.11611011
0.24310213
-0.008549295
-0.2413941
-0.32804665
-0.24404258
-0.10921167
0.1199082
-0.10686256
-0.05492542
0.09859872
0.1675365
-0.14246051
-0.104785934
0.11384394
0.060839556
0.28075856
0.24814291
-0.22111064
0.11088361
-0.08443774
0.058240443
-0.029222276
0.06728462
-0.036679383
0.10808534
-0.14202106
-0.08304046
0.014904106
0.18950774
0.21000105
-0.105049334
-0.3430142
0.16172376
0.007137585
-0.2676199
0.06507207
-0.007572316
-0.036753234
-0.06640833
-0.17480166
0.13352439
0.040164232
-0.13713482
0.1365628
0.23245586
-0.19040819
0.044046637
-0.16793396
-0.2095975
0.08635062
-0.0600215
-0.13290355
0.019775547
-0.0837745
0.18758844
0.1614568
0.10705919
-0.055676196
-0.2866145
-0.029229516
-0.18643065
0.09992879
-0.04212653
-0.25910023
-0.20442013
-0.11456461
0.11186558
-0.024332164
-0.13870706
0.07920444
0.07804535
0.08480236
-0.19909845
-0.06615989
-0.057361204
0.13889197
0.06454567
0.05449212
0.22909695
-0.088696904
0.07226731
-0.25224182
0.29818997
-0.20100728
-0.09539346
-0.22040257
0.14123563
-0.31823933
-0.08724967
0.16417316
-0.1440947
0.014748553
0.17310679
-0.22332686
-0.13617481
0.2252688
-0.10799618
-0.20052126
-0.025687221
-0.07358193
-0.25702667
-0.16987258
-0.19263059
0.09635797
0.01526938
-0.18746214
-0.2161663
-0.04543586
-0.12488537
0.043368895
-0.17441449
0.11196072
0.03210611
-0.0037252433
-0.06773049
-0.23604247
0.15659969
-0.13258187
0.15515924
-0.2186416
0.06526675
0.20917416
-0.107839815
-0.1879949
0.03558573
-0.025435336
-0.26761013
0.21773666
-0.12852238
0.10092208
0.114836
-0.11849485
0.050879654
0.14986965
-0.035136357
-0.08015929
-0.02759917
0.31468537
-0.20966123
-0.3480608
-0.15255189
-0.2331748
-0.21118176
0.23938191
0.11682966
-0.067615956
0.22777541
-0.047105756
-0.23918349
0.12099481
-0.18707626
0.08924222
-0.19675139
0.12187979
-0.034218367
-0.016669445
-0.05505638
-0.1340642
0.054277528
-0.057661157
-0.16316421
-0.21793193
-0.15603667
0.044226002
0.013327661
-0.32416958
0.027629914
-0.059139747
-0.05850514
0.29300714
-0.02036003
-0.15597145
-0.20719075
-0.1350277
0.026857447
-0.17989452
0.09129607
-0.19041595
0.12887342
0.069049284
-0.012946397
-0.280136
0.0019005167
0.12208849
0.07700792
-0.082829565
-0.037042405
-0.41498533
-0.19634219
0.217531
-0.122122705
-0.33254853
0.0058919066
-0.27660072
0.13762254
-0.08760433
0.11951949
0.1926045
0.12715575
0.028406238
0.21349822
0.0057718456
-0.036981218
-0.17590986
-0.2643006
0.05521571
-0.19574833
-0.049067333
-0.23336661
0.0054378747
0.064675435
0.023638917
-0.06392197
-0.24621269
0.06433647
-0.21151884
-0.18627924
-0.23264533
-0.113465
-0.42889267
-0.05520559
-0.060208328
-0.17652379
0.12084328
0.075001985
-0.1047735
-0.042556383
-0.16180858
-0.321396
0.18021671
0.15159155
0.1977027
0.03379261
0.12912057
-0.013504909
-0.116883054
0.005013617
-0.34327295
-0.17943765
0.21196632
0.1918567
0.057167225
-0.23738047
0.17427607
0.041975264
-0.2945244
0.1180207
0.18892026
-0.054096214
-0.09860828
0.09884804
-0.082895696
0.05563858
0.030368604
0.04379432
-0.3025999
-0.18947782
-0.24276888
-0.042953677
-0.041476257
-0.12583129
-0.5561002
0.115732774
0.17445439
0.2151622
-0.0006868042
-0.21908171
0.026293484
0.18960372
0.032399427
-0.15553582
-0.46492985
-0.022387058
-0.17472798
-0.22019464
-0.11559127
0.15589009
0.13825615
-0.12736711
0.027598312
0.007516957
0.052008063
0.17622904
0.04628404
-0.06949181
0.13044305
-0.18786469
-0.13394888
-0.08405357
0.20123951
0.13514376
0.038246978
-0.15334994
-0.028709505
-0.054560572
-0.6307449
0.112605914
-0.17518704
0.015995972
-0.11361952
-0.1285724
-5.4704607e-05
0.02843974
-0.07218953
0.0027232766
0.05761591
-0.19307445
0.048333053
-0.08345574
-0.35741168
0.047486305
0.2102811
-0.019068157
-0.097467914
0.045990493
-0.0272379
0.24012522
-0.2343372
-0.17484148
0.06216276
-0.06222839
-0.08898464
0.000647895
0.14098236
0.05700563
-0.014710731
-0.12926061
-0.097574234
-0.15992594
0.01735366
-0.24658255
0.26987046
-0.03174509
0.085942484
0.11068267
-0.258744
0.045528594
-0.029749505
-0.20949873
-0.24285182
-0.018402457
0.06182069
0.17773661
-0.19814172
-0.14662518
-0.15811199
0.029120844
-0.0035951666
-0.20163542
-0.21052687
-0.22868657
-0.16126797
0.090661585
-0.026228651
-0.29336601
0.0030518586
0.09666448
0.14608875
-0.09375199
-0.18698902
0.04719142
-0.13977276
-0.02546393
-0.29065058
0.07997124
0.2524787
-0.0034967756
0.08380944
-0.02423453
0.081237644
-0.13531202
0.12648922
-0.14994982
-0.3402879
0.12183795
0.16465107
-0.1491807
-0.04961945
0.0700416
-0.2471245
-0.027717054
0.13528235
0.095287494
0.16195421
0.08638832
0.0054505426
-0.074967965
-0.08422317
-0.35090587
-0.94227135
0.016870003
0.11238557
0.043401502
0.22140574
-0.08484026
-0.027336525
0.030347325
-0.2732221
0.17210019
-0.2046608
0.11947633
0.076098755
0.05515678
-0.064856805
-0.0034219904
-0.27606672
-0.085222825
0.012350447
0.14563185
0.3069662
-0.090828165
-0.22226258
0.20419851
-0.15220627
0.14289325
-0.14948602
-0.0089524705
-0.0957746
-0.027938046
-0.079417035
-0.05125986
0.0004809222
-0.11015214
0.11606056
0.23920752
-0.064896114
0.24147354
0.21060172
0.27926052
0.21936624
0.21646093
-0.32723173
0.23919277
-0.11022089
0.020737011
-0.18839484
0.19498223
0.015528598
0.20328344
0.2090972
0.0029097118
0.25744843
0.2195047
-0.2042339
0.041302927
-0.133425
0.07906403
-0.073128715
0.25573856
0.050181776
-0.07191167
0.04607375
0.0053207814
0.025686285
-0.070513465
-0.4292945
0.15918413
-0.24406616
0.0009076417
-0.05677805
0.028453907
-0.3136989
0.031712744
0.012197266
-0.18941069
0.18687303
-0.20048854
0.19914514
-0.19341126
-0.20613694
-0.10657575
-0.17555209
-0.203608
0.22863662
0.10222758
-0.11512759
0.090322256
0.0053686104
-0.1979648
0.16385962
0.15890257
0.17512797
0.20833498
-0.0612093
-0.034315918
0.17045388
-0.16683793
0.043989554
-0.007241539
0.12069335
-0.05599473
0.21798903
-0.10950975
-0.2600103
0.1794904
-0.13799733
0.046385936
-0.064667806
0.11038029
-0.105377376
-0.15953942
0.15002207
0.23171254
0.036608096
-0.09014388
0.03652298
0.14808173
0.17903915
-0.13852012
0.085943036
-0.1866608
-0.02895725
0.08372667
-0.03503103
0.17020552
-0.14858149
-0.116556816
0.14277984
-0.17398903
-0.06764004
-0.11947776
-0.09529328
-0.114311144
0.1668052
0.025144339
0.0250646
0.026479946
-0.023852741
0.039031312
-0.082408264
0.097926475
-0.105164185
-0.024875287
0.018446365
0.22817409
-0.08113077
0.04694569
0.16813812
0.06993544
-0.09612351
0.034821227
-0.053065635
-0.05913673
0.08960031
-0.10048351
-0.030455995
-0.5075885
0.045571454
0.060671497
-0.17511283
-0.06951738
-0.13895464
-0.22781973
-0.29279265
-0.19433264
-0.099065
-0.13170289
-0.046604324
0.20596388
-0.23981619
0.19848117
0.25114524
-0.09228183
-0.030195137
-0.13561432
0.138221
0.17356537
-0.12941325
0.023837501
0.17399791
-0.07575658
0.038582124
0.08647898
-0.10144635
0.13512897
-0.02289028
0.054836296
0.082208805
-0.021876981
0.20120785
-0.25505462
-0.15280682
-0.14249533
0.23388216
0.29825175
0.07573994
0.2938619
0.17901237
0.1303589
0.005385761
0.031845067
0.22371459
0.04177354
-0.035246886
-0.03808213
-0.14574848
-0.093014434
-0.25774777
0.07388401
-0.21046188
0.22002712
-0.13138206
-0.19085275
0.028148469
-0.09966282
0.17661919
0.013169116
-0.14142609
-0.16011249
-0.054917604
0.09186384
-0.08826782
-0.20833367
-0.07978984
0.07620894
-0.05556021
-0.14615831
-0.20690383
0.20423456
0.2679276
0.17634545
0.08853053
-0.013037391
0.012823045
0.0769177
-0.047267266
-0.17110312
0.11228021
-0.017366035
0.22995289
0.20405294
0.00087171793
-0.20073016
-0.04853974
0.040347893
-0.03083647
-0.05746523
0.18692744
0.2265301
0.031985477
0.03973632
-0.051011898
0.013173123
-0.36789173
0.15543984
0.2172829
-0.13512094
0.087856695
0.06055431
-0.16754924
0.12129578
-0.06062997
-0.14003031
-0.028797993
-0.24713321
0.3142809
0.00429
0.002046864
0.070063114
-0.099869065
-0.17651019
-0.18902145
0.18257123
-0.12579831
0.16933845
-0.0523863
0.23211099
-0.15971698
-0.008722733
-0.0322043
0.17010397
0.23775135
-0.1963586
0.019680291
0.08553673
0.28598616
0.08132528
-0.1363754
0.10893912
0.12158241
-0.19209409
-0.094362825
0.16163225
0.032152176
0.06129505
0.21936439
0.278581
-0.2827623
-0.410037
0.015141401
-0.17955545
0.16001728
0.16998778
0.16041686
-0.049309034
0.0051817205
-0.21381254
0.14690927
-0.024245813
0.083850324
0.33472723
0.05241069
0.000114699644
-0.25024152
-0.14131439
-0.18218529
0.17980091
-0.032019466
0.14881116
-0.18040757
-0.012149893
0.15111515
-0.0068441043
-0.035289366
0.13050365
-0.13903062
-0.22097161
0.11720308
-0.24794528
-0.05187094
-0.09990178
0.17021817
0.1666029
0.557677
-0.2298665
0.015779043
-0.08730204
-0.23025095
-0.02229925
0.24634819
0.13455595
-0.20587797
0.18450499
-0.087538965
0.25166938
-0.18794893
0.26504937
0.114486754
-0.40742904
0.02488719
-0.21954341
0.18428019
0.15270194
-0.014373288
0.07546919
0.13278759
-0.03197438
-0.22278179
-0.038439877
-0.17539747
-0.011815613
-0.06326751
0.14932857
-0.08076675
-0.089719236
0.0956381
0.12413855
0.11604582
0.14002752
0.048675295
-0.12948114
0.034531683
-0.1333221
0.074523024
0.19658862
-0.08036183
-0.11556346
-0.17896211
0.05015865
-0.07453161
-0.051058676
-0.003895602
-0.16758883
0.2924853
-0.088979855
-0.11565177
-0.14091505
-0.0916047
0.16308452
-0.12802918
0.11845227
-0.23652735
-0.21216299
-0.23550695
-0.1882677
-0.08706635
0.10910706
-0.07591701
-0.16952726
0.113311894
-0.21397825
-0.03273776
0.11920763
-0.09177137
-0.14370058
-0.13343473
0.22221412
-0.3420809
-0.12160459
-0.06229134
0.0073231305
-0.06618006
-0.175665
0.19447708
-0.20285432
-0.23114957
0.122753456
-0.11552976
-0.10055909
-0.08962886
0.07213922
0.015969766
-0.1525906
0.047499795
0.07659715
-0.18879676
0.2956298
-0.112971485
-0.12762783
-0.260948
0.1697835
0.40659118
0.033501778
0.06325407
0.0476441
-0.12187114
0.053734716
-0.3242036
-0.09544323
0.11663209
0.12564036
-0.10673381
-0.041799027
0.059033986
0.11644203
0.24633771
0.21731986
0.34253216
0.08337237
-0.040814478
0.23203987
-0.0082362
-0.052804224
0.04826253
0.15990894
0.06737402
-0.2523071
-0.0687293
-0.00693365
0.117501564
0.033350065
-5.5689212e-05
-0.006223755
-0.22541882
0.17239408
0.04089303
0.09031151
0.2243444
0.12081502
0.028569348
-0.20733568
-0.13769096
-0.0032727744
0.09839842
-0.01388514
-0.1352484
-0.13346872
0.009867046
-0.16151817
-0.06185687
-0.15650813
0.05363679
0.25889292
-0.06555205
0.10521291
-0.06304897
-0.14878114
-0.12992424
-0.30818373
0.12646341
0.012650356
0.15803203
0.020797756
0.2116077
-0.24205177
-0.07219441
0.0804422
-0.028843068
0.16622467
0.040722728
0.04987236
0.12876663
-0.21608773
0.10876308
-0.102898315
-0.0102982875
0.2185588
0.2774024
0.034663986
-0.17828909
0.22473794
0.1691526
-0.15147105
0.033663638
0.13893753
0.19615497
-0.11972458
-0.17480357
-0.2465594
0.21938728
-0.17711015
0.31083283
0.00017356672
-0.12236702
-0.059825677
-0.010421836
0.2030238
-0.33478478
0.1271408
-0.1644008
-0.15204832
0.10080406
-0.15675066
0.19061427
-0.27575043
0.05789166
0.17863253
0.2809394
0.084308684
0.17226273
0.2241713
-0.16767345
0.13483001
0.11007882
-0.11026999
0.15383203
-0.055528987
0.22686698
-0.042474635
-0.3197226
0.37399864
-0.086490884
-0.08375588
0.12185569
-0.06303239
-0.0723095
0.051726595
0.18414292
-0.048936494
0.1160416
-0.19216208
-0.0947292
0.12128191
0.1620634
0.22308712
0.198971
0.1839723
0.19317375
-0.13187216
-0.075597525
-0.2579487
-0.12894136
0.28373012
0.055168953
-0.18725097
0.23403244
-0.054698337
0.17557733
-0.23582292
-0.059765074
0.1090376
-0.013287703
0.20791933
-0.12778969
0.1062144
-0.21730222
-0.174424
0.17029478
0.09935227
0.22701032
-0.22662766
-0.3268216
-0.046580955
-0.23238134
-0.23020777
0.14926548
0.14712194
-0.12134242
-0.16102369
0.054907307
-0.09838945
0.36067116
-0.059030656
0.21626659
-0.40928036
0.11502315
0.004748373
-0.1190833
-0.063747995
-0.21630907
0.21330717
0.10108745
-0.017141793
-0.119733684
-0.14721188
-0.20718753
-0.385573
0.1460415
0.070492774
-0.00011407646
0.06039785
-0.16519
0.0741976
0.107003585
-0.20737968
0.36627376
-0.2478852
0.17744759
0.09582904
-0.1973613
0.045610625
0.11458384
0.033126973
0.03139197
0.07483679
-0.27391827
0.03219197
-0.31623748
-0.25027788
0.48667073
0.08626947
-0.04107195
-0.042504024
0.08390302
0.15697289
-0.05728665
0.1778478
0.052581888
0.15170301
0.2289322
-0.28359044
-0.011437778
0.16503538
0.30091366
-0.126315
-0.19561814
-0.21405295
0.15304081
0.17796558
0.0977557
-0.14286454
-0.2181646
-0.25126344
0.22160053
0.12980692
-0.16507831
-0.20197223
-0.19327018
-0.057210237
0.16103914
0.12522052
-0.3073599
0.036156
-0.19079179
0.22524056
0.036802117
0.09064297
0.17094067
0.2628561
-0.06927607
0.2442761
0.130653
-0.010001129
0.08822989
0.096438274
0.24695109
0.029478874
-0.07726957
-0.21122992
0.046911817
0.22908789
-0.17318323
-0.2165936
0.13082492
-0.037028037
0.16992067
-0.0997915
0.018327441
0.28430367
0.05254002
-0.16817555
0.020133797
0.013327573
-0.23288217
-0.01803669
0.2624945
0.022988554
0.036560416
0.079501
-0.12980087
-0.13796674
0.1103371
0.02057362
-0.105274156
0.08951505
-0.13374782
-0.21929246
-0.1650126
-0.22319257
-0.1727997
-0.0052566766
-0.091936484
-0.19284591
0.033938963
-0.21545134
-0.11046423
0.16598472
0.062216386
0.072170064
0.04347832
0.09397969
-0.099876516
0.09775055
0.037969545
-0.16733658
-0.18682629
-0.2081757
0.041161776
-0.12533182
-0.11853133
0.038445823
-0.24769586
-0.21796426
-0.15028858
0.018910289
0.088662624
-0.024379494
0.10635085
0.17853756
0.18593967
0.0199214
-0.3164535
-0.11074441
0.14593631
-0.021617511
0.2176845
-0.0075094393
-0.03211034
0.24707569
-0.0032134755
-0.07301495
-0.13227002
0.08874305
-0.1469442
-0.15015744
-0.13373734
0.17035635
-0.06236812
-0.020379022
0.054648925
0.12436737
-0.13261865
-0.038406722
0.09143915
-0.15673314
0.1212206
0.030832276
-0.0808154
0.19570538
0.1770705
0.27857015
0.020598099
-0.043069005
-0.076401055
-0.045527503
-0.36608613
0.19351138
-0.22297695
-0.13092591
-0.15812962
0.0723123
-0.25860488
-0.12997016
-0.087196216
-0.26945302
0.46282804
0.114978574
0.01181878
0.27571064
-0.24530646
-0.017568424
0.12780607
-0.23798144
0.25923872
-0.04981146
0.06929802
-0.27280486
-0.108954
0.1636351
-0.12414331
0.027742144
-0.098838784
-0.11829273
-0.07246528
-0.057579517
0.14212379
-0.25710216
-0.049912795
-0.39186066
-0.23873231
0.054728188
-0.21331295
-0.13804685
-0.19437781
-0.17830864
0.08574795
0.03659074
0.19354992
0.10209577
0.013868214
-0.18919177
-0.17593352
0.22887038
-0.270302
0.2576143
0.13857365
0.12665662
0.128119
0.20926648
-0.020491663
-0.11836131
-0.15054782
-0.059072066
-0.08794782
-0.06007774
-0.13560472
0.0006573438
0.40506446
-0.2199899
-0.10959124
-0.15565242
0.16385481
0.079617724
-0.20083821
0.2353499
0.17780751
0.2046822
-0.046193123
0.010514199
-0.29810792
-0.3329742
-0.076311976
-0.22240247
0.20074742
-0.052092247
0.2407221
0.16266745
-0.063394256
0.0001776586
-0.052426953
-0.1467059
-0.11479817
0.067468025
0.09778676
0.2200531
-0.019872272
-0.083663724
0.011180233
0.3063614
0.15817915
0.26659513
-0.024283081
-0.36675555
-0.1434585
0.020685656
-0.23681007
-0.059558656
-0.3342262
-0.09927931
-0.011475173
-0.55592954
-0.12413267
0.22989781
-0.098658755
0.2828193
0.34537712
-0.110957034
0.3084357
0.13866444
0.01656376
-0.058107816
0.12053757
-0.12521018
0.03995559
0.11625112
-0.20450574
0.22704476
0.05174426
-0.11806683
-0.13567598
-0.088332064
-0.015112202
0.250132
0.20556608
0.16994824
0.30099958
0.18657936
-0.17049642
0.023081893
0.15333785
-0.027176736
-0.16222046
-0.1502376
-0.02720513
0.16959484
0.27311003
-0.25858107
-0.2990737
0.07417181
-0.07786867
0.07802352
0.012011021
-0.06528085
-0.019312145
-0.0946803
-0.01891546
-0.07932245
-0.23722015
-0.05470062
0.1013904
-0.08175868
0.17035173
0.23172784
-0.17614478
0.19423324
-0.20724031
-0.1236871
-0.22619107
0.29975563
0.3190815
-0.24548022
0.078749165
-0.19347602
0.017841958
-0.1486001
-0.2348511
-0.0062099365
-0.29209435
0.049818862
-0.24360499
0.09569687
-0.24650855
-0.27290416
-0.24670498
0.15145588
-0.09711611
-0.026633816
0.20580247
-0.06523103
-0.09041543
0.34353426
-0.041218095
0.1563843
0.012402571
0.21677336
0.29321992
0.27435157
0.15236375
-0.081199534
0.10945264
0.0030052974
0.13273872
-0.060578465
-0.081291065
0.32116345
0.31420007
0.2114755
-0.13167682
0.10880776
-0.006180139
-0.10654887
0.041729335
0.102880985
0.14506131
-0.09040066
-0.07338032
0.14985201
-0.05241948
-0.0934428
0.06376102
-0.39855647
-0.10360254
0.015192159
0.11998647
-0.13474146
-0.04608556
-0.12275661
-0.29649255
-0.25209627
-0.21696804
0.0056371507
-0.26563215
-0.012737874
-0.0045664636
0.07337278
-0.10392349
0.3087035
0.11255466
0.1860204
0.31318164
0.3005593
0.12480799
-0.25498188
0.06584683
0.22587328
-0.14270855
0.20221241
0.18112563
0.12163521
-0.09890439
-0.09006746
-0.09512043
-0.089899294
0.13415003
0.2630203
0.077027366
-0.33985993
0.0113387685
-0.1478476
-0.19378541
0.112473994
-0.11433992
-0.21359733
0.24367255
0.086743906
0.32780808
0.2566548
0.026947914
0.1504926
0.027734686
-0.07280729
-0.1575597
0.07031731
-0.57080734
-0.19941728
0.23633452
-0.053294115
0.019628234
0.11892367
0.17549196
0.14414188
-0.24314551
0.16739672
0.17729147
0.07816237
-0.1541889
-0.07870263
-0.18770002
-0.20107375
0.23409127
0.19575655
-0.04365241
0.18821824
0.087813735
-0.24483433
0.12736146
0.07189498
-0.1615439
0.13220344
-0.019597428
0.16490674
0.21650802
-0.17922308
-0.049483992
0.17531258
0.33432636
0.083216846
-0.05272643
-0.08795671
0.15479277
0.11149259
-0.2703956
0.16881472
-0.24174719
-0.027187647
0.009015589
0.16821718
0.049653757
0.028767815
0.14035131
0.050595798
0.10000518
-0.10316763
-0.20732261
0.122263946
0.28228417
-0.09496113
0.2590872
0.0853998
-0.12374581
0.0015551123
0.16235004
0.015456206
-0.09702987
-0.19143201
0.12185395
-0.22909513
0.057250552
-0.15429099
-0.19459303
-0.17433044
0.15111756
-0.0167682
0.089151986
-0.04090145
0.307591
-0.2637377
0.027321327
-0.21973075
0.06686415
-0.111107364
0.040957212
-0.09740182
-0.07415602
0.13219786
-0.103052825
0.20797525
0.11684572
0.3176089
0.22607668
0.15255755
0.104361266
0.06031072
0.2629247
0.014424686
0.09407077
-0.2706025
-0.15965827
0.04070172
-0.013549561
-0.04015319
0.087418
0.285629
-0.12814254
0.09276381
-0.1575112
0.0849284
-0.005862889
0.20683879
0.036854647
0.07073413
-0.26544666
-0.22661285
-0.17462154
0.3397709
0.011360837
-0.21157666
0.013172485
0.13018319
0.1638389
0.03598354
-0.19341332
0.10468132
0.06276022
-0.2922911
0.05648491
-0.16109607
0.05938325
0.03132623
-0.08615336
0.2860224
0.040522605
0.35450143
0.06477552
0.08843547
-0.30286825
0.0027894767
0.03291204
-0.17189924
-0.013373212
0.16249292
-0.049570195
-0.08379155
-0.043117117
-0.040207576
-0.028767737
-0.21030824
0.23012027
0.24893837
0.058097523
-0.094269544
0.09172833
-0.108143196
-0.20739025
-0.24786417
-0.14186427
0.047801472
0.12287206
0.036705855
0.052203715
-0.22460946
0.1081963
0.15356733
-0.18674533
0.02246381
0.09171561
0.24203177
0.2861842
0.10651116
-0.089924
-0.12629128
-0.111538805
0.10757759
-0.07520984
0.10277336
-0.04796225
0.0723827
0.1155875
0.067202605
0.07882141
0.11644752
0.5139229
-0.06632377
0.12130731
-0.07746541
-0.17666759
-0.115680434
-0.1679592
0.14647198
0.11177632
0.27202404
-0.4451373
0.0814263
-0.14267984
0.20583197
0.053700984
0.16451846
-0.050379187
-0.041953612
-0.078031585
0.25041303
0.1568155
0.021388123
-0.18606304
0.19452271
-0.04885998
0.06589971
0.035280254
0.056216706
-0.14237644
0.22612281
-0.011488758
-0.000118885255
0.26021683
0.08985164
-0.1414244
-0.010943662
0.11661106
-0.17938307
-0.49450907
-0.18485382
0.030832043
-0.099849954
0.24096128
-0.03198936
0.1927767
-0.0006804287
0.34468052
0.097335264
-0.39482948
0.10052547
-0.26833978
0.022155115
-0.22810893
-0.045994986
-0.023461822
0.10607971
0.19903757
-0.21806991
0.11956184
0.14094715
0.00039537155
-0.029014632
-0.06552808
0.20780629
0.10941204
0.065875806
-0.1668841
-0.11393104
-0.2449791
0.12661445
-0.07999387
-0.2687458
0.20784497
0.29304013
-0.10339769
0.09506797
0.037695292
-0.33137408
0.14188707
-0.11815963
0.09505627
-0.20467259
0.046802275
0.019931749
0.07079221
0.1821142
0.06672462
0.15820615
0.22350216
-0.20632434
-0.06532321
-0.06950992
0.14881758
-0.4962458
0.08169975
-0.2014032
0.031363536
0.08970859
-0.012596494
-0.13650468
-0.13637795
0.12746683
-0.23881179
-0.14763531
0.22789536
-0.18853486
0.0732556
0.062151473
-0.031082055
0.24674264
-0.0859231
-0.026765823
-0.18954842
0.22215256
0.45980412
0.20487955
0.1087154
-0.019381916
-0.10422483
-0.20088418
0.3128481
-0.06804481
0.15437868
-0.22730313
-0.89335006
0.19491504
-0.35924575
-0.26233017
0.82550347
-0.02197582
-0.050714985
-0.39586276
-0.008808465
-0.15419938
-0.19237591
-0.06257078
0.15982407
0.0852999
0.15894006
-0.24469869
-0.27387425
-0.068356805
0.079078846
0.02606961
0.17789254
0.061716665
0.26674807
0.100757115
0.072307885
-0.12593095
-0.2927018
0.027549595
-0.0934731
-0.19235674
-0.22421128
-0.17314091
0.19412127
-0.23167644
0.15915282
-0.2056074
0.4148225
-0.14063828
-0.015039337
0.13406734
-0.09597403
0.044665176
-0.042090427
-0.07941562
-0.1565466
0.24988307
-0.2722892
0.09751575
0.28978914
-0.14778545
0.10197908
0.2180174
0.01865094
0.20915976
0.055348817
0.008594737
-0.010558069
0.022926068
-0.011458769
-0.04423314
0.16770831
-0.32763612
-0.1534112
0.1609403
-0.12444048
0.20207274
-0.1287692
0.15338887
-0.09154819
-0.05505816
0.038486943
-0.013899414
-0.0010695218
0.16759877
-0.01855818
0.10578968
-0.10461768
-0.18890649
0.09101649
0.11591775
-0.21898869
-0.023195116
-0.3938022
0.17904575
0.18126646
0.057597414
-0.10638161
-0.10816976
-0.18876258
-0.30277422
0.24887909
0.060619052
-0.011012962
-0.01358015
-0.22575793
-0.10657458
0.13617037
0.20900945
0.14972779
-0.14804932
0.1571957
-0.29981697
-0.20258576
0.058621325
0.05846336
-0.24994487
0.23876554
-0.0029287934
-0.07949714
-0.07132695
-0.03660628
0.15091732
-0.021828715
-0.018557882
-0.08255857
0.08234829
0.18415418
-0.19613025
0.11638562
-0.021191722
0.21560983
-0.31289047
0.04694896
0.21023501
0.0051982594
0.122169755
0.15504277
-0.15283252
0.012972521
-0.10853055
0.08681347
-0.120611206
-0.12817533
-0.20250946
-0.02943501
0.10292792
-0.23800929
-0.018266624
-0.25276482
0.118834674
-0.09087367
-0.5555601
0.010479474
0.041662794
-0.036783766
0.026447048
0.28495404
-0.073715724
-0.04933132
0.065653525
0.010991467
0.25828394
0.20868617
-0.12356711
-0.3498638
-0.12347308
-0.2489204
-0.17901686
-0.20643012
0.08923938
0.65813357
-0.08793852
-0.19119316
0.20865837
-0.4528502
-0.08237763
-0.22706044
0.09892662
-0.045932394
-0.21991915
-0.051747225
-0.13304721
-0.22604088
0.19345212
0.19876944
0.10147232
-0.04943281
0.15808034
-0.00796145
0.07449082
0.13711284
0.054768816
-0.09103987
-0.23736185
0.14972001
-0.09479879
-0.07704456
-0.19882542
-0.085113704
-0.075478256
-0.021712992
0.16295028
0.27099174
-0.032693896
0.10085938
0.14138743
-0.20914432
0.31496853
-0.039507095
-0.16230242
0.16393963
-0.33989435
-0.027645566
-0.122924335
0.008167889
-0.044308987
0.20063297
0.22692811
-0.2278096
-0.104549915
-0.03132587
0.16856109
0.302636
-0.015932504
-0.09296387
0.048180573
-0.2665179
0.034873128
-0.24855915
0.24250086
-0.19698101
0.20846155
0.06141434
-0.016956292
-0.16186851
-0.122331
0.038059838
-0.202265
0.20413554
0.14381473
0.034589846
0.1508105
0.20493127
0.09223185
-0.113322034
0.08197519
-0.15360034
-0.11711248
-0.115227714
-0.19563127
0.18395156
-0.058200117
0.010895084
0.10872772
-0.2155745
-0.050274182
0.26157618
-0.26358137
0.042745665
0.10183383
-0.018140629
0.24519214
-0.20345858
-0.22629772
-0.27338567
-0.23030818
-0.06195347
-0.005559577
-0.024213852
0.23436083
-0.019940443
0.2352195
0.13501932
-0.13329911
-0.03143835
0.18521014
-0.042633153
-0.2580734
-0.25457275
0.004771229
0.17857148
0.24369507
0.2975047
-0.20034467
0.16587658
0.07929852
-0.4782733
0.08791556
-0.015605292
-0.2926778
0.14472255
-0.028097264
0.06940296
0.24067737
-0.081135735
0.115362905
0.26828274
-0.21369207
-0.044699017
-0.15130444
0.052573875
0.18942556
-0.24365109
-0.2278165
0.050883528
-0.22086333
-0.22978431
0.05424315
-0.26347217
-0.16866904
-0.19925505
0.1528591
-0.16324483
0.020741792
-0.14919752
0.15917484
-0.05302057
0.05503984
0.12917942
-0.28815302
0.06481317
0.21942377
-0.05160053
-0.28343922
0.1376391
-0.026514858
0.13439183
-0.120111376
0.094488986
0.19458415
0.032060046
-0.042305477
-0.30745515
0.011484743
0.04990475
0.2915612
-0.18672058
-0.27414757
-0.11701568
-0.24299009
-0.23720956
0.21956539
0.06674765
0.23634991
-0.13017555
-0.20047383
0.00022828626
0.1558506
-0.008947128
0.28553924
-0.03496608
0.06489926
-0.0073700594
0.1353144
-0.10382129
-0.19568038
0.23477487
-0.12141383
0.11612833
0.20670941
-0.0835412
0.04124716
0.07836204
-0.3491654
-0.018321937
0.052092157
0.0023786835
-0.11405867
0.13875861
-0.12626545
-0.19298592
-0.11178998
-0.16537063
0.24809676
0.018272635
-0.41731694
-0.062680945
-0.11822271
0.08222289
0.117244564
0.07836732
-0.1845318
-0.15323703
0.113311134
-0.02309122
-0.10788247
0.09681663
0.055500805
-0.14051989
0.054109283
-0.018344358
0.19883159
0.0036380934
0.06582419
0.2914077
0.070828065
-0.040661156
0.12847452
0.021788048
0.12462528
0.012792192
-0.16053471
0.045175306
-0.02241677
-0.075506255
-0.2609281
0.2428486
0.18225847
-0.18730262
-0.26852632
0.013706107
0.0060047023
0.15366454
0.24857283
-0.12322352
0.13284993
0.069883645
0.2244192
0.09907142
-0.25582227
-0.16044083
0.13104653
0.11615096
-0.2092137
0.1825703
0.19374809
0.08920093
0.16104823
-0.28454185
-0.12934303
0.21645883
0.20867395
-0.029724311
0.11982245
-0.07747861
0.19348732
0.2366873
0.10492155
-0.014893396
-0.2298849
-0.12746044
-0.11657906
-0.04050994
0.18155767
-0.105679035
0.16446386
-0.3866232
0.011600992
0.032462496
-0.15172198
0.03155792
0.22283351
-0.20892258
0.27410936
-0.22382528
-0.31362867
-0.15824977
-0.2056886
0.012567519
-0.018981386
-0.2243577
-0.04514177
-0.062388718
0.10920194
-0.10216973
0.24796526
-0.0018402636
-0.10245127
0.120377615
-0.1413036
0.14746681
0.13858044
0.19363196
-0.3619045
0.13438426
0.14794177
0.2647776
0.24418706
-0.22773638
0.18546462
0.20487139
0.22910565
0.15297979
0.0010076073
0.26541644
0.14870699
-0.04274265
-0.017793283
0.14398251
0.028304461
-0.059773866
0.10632979
0.01916516
-0.09557848
0.2471203
0.20014316
-0.1693961
0.30907103
0.22548471
0.15668887
0.045860272
-0.06706337
0.0004661031
0.034265872
0.15150817
-0.15739241
0.1373366
-0.26395437
-0.005635795
-0.030619318
-0.07732934
-0.21952848
-0.026502164
0.03173512
-0.21049106
0.18439317
-0.1988992
-0.095566064
0.047032196
-0.1492773
0.11570747
0.016420636
0.17669213
0.0557166
0.010590674
-0.1774325
-0.05768138
-0.1599443
0.35040894
-0.022786446
0.115066975
-0.090803266
-0.003772935
-0.19820537
-0.18504933
-0.08486926
-0.026871037
-0.24389704
0.2186912
0.07010702
0.039633676
0.124925606
-0.25900653
-0.17686273
0.10597741
-0.22684713
-0.09691921
0.07669202
0.09518152
0.21006158
0.0055197696
0.23347738
0.20472601
0.36749458
-0.19249642
0.069899365
0.32096687
-0.13574813
0.027366996
-0.209585
-0.26805082
0.22078425
0.22355808
0.19202176
0.20127338
0.19297282
0.103337295
0.1007133
0.21609816
-0.11313143
0.09545736
-0.06331539
-0.123163156
-0.25787765
-0.28513908
-0.05146544
-0.26317057
0.10624338
0.2039669
0.127833
0.19515306
0.22284253
0.022909237
0.2719276
-0.18377814
-0.15173067
-0.056136653
-0.24851485
-0.2464201
-0.14230026
0.32713458
0.059134495
0.09380091
0.15104143
0.11965679
-0.21468075
-0.17140236
0.14390615
-0.16169731
0.21740748
-0.016594429
0.13822834
0.22355695
0.21514018
-0.039987076
0.17609592
-0.56358844
-0.047923855
-0.16182554
-0.03363207
0.020883182
0.035278313
0.078712575
-0.12470667
0.0025661977
0.28418824
0.017016359
0.055321746
0.15097946
-0.01170329
0.22833824
0.10058136
-0.23457502
-0.18659368
-0.06897153
-0.098899834
0.16387188
0.12072097
0.23757021
0.05920172
-0.123444036
-0.06325878
-0.1717934
0.3240325
0.347655
0.14689791
0.17483483
0.029825663
0.1505829
-0.1372811
-0.14199309
0.20528674
-0.27508324
0.039029013
-0.11885121
-0.03825078
-0.21031731
-0.1274276
-0.24697158
-0.06427634
0.14388391
-0.117353
0.30026278
0.2147718
-0.614669
-0.2714046
-0.07466022
-0.15615103
0.08723477
-0.3022613
0.14544968
0.06957717
0.22736238
0.042745862
-0.20565467
-0.25913113
0.102486305
-0.17954367
-0.31603852
0.02470646
0.1404969
-0.17605512
-0.17781006
0.0798989
-0.089259386
-0.2608585
-0.14027634
-0.19508871
-0.09155943
0.18339743
-0.41223404
0.16176848
0.08491005
0.0016235485
-0.17714788
-0.045031782
0.020254178
-0.14419858
0.2563942
0.007822067
-0.012025416
-0.056191616
0.088465884
-0.028026443
0.027084205
0.11718563
0.1655358
-0.058654927
0.023712179
-0.13443568
-0.17168339
-0.20770222
-0.21073794
-0.1076722
-0.16562799
0.20237613
-0.015187085
0.03420439
-0.17737675
0.23844782
-0.190825
0.21139123
0.2754233
-0.18315457
0.15309595
-0.1436741
-0.039776497
0.27554032
-0.16660795
0.15025471
-0.15377976
-0.03568576
0.06937907
0.0932405
0.35014647
0.20893691
-0.018863002
0.049093623
-0.07692219
-0.2735564
-0.6134072
0.15098664
-0.040740807
-0.09664406
0.023902522
-0.13575046
0.12851225
-0.12179929
-0.04576995
0.071209274
-0.1967957
0.16581458
0.09931684
0.16351764
0.113812305
0.13972338
-0.07056075
0.17465065
0.07015367
0.277378
-0.18032476
-0.17184201
-0.14434601
0.017078215
-0.031695236
-0.120920375
0.07536354
0.17659634
0.13441755
0.0058036605
-0.22268844
0.21879709
-0.24541137
0.016309632
0.1753762
0.01456436
-0.2552672
0.08208829
-0.12061589
0.0009684723
0.09405053
0.38115582
0.32907072
0.009485661
0.13288456
0.08862048
-0.15951023
-0.03798377
-0.22214465
-0.40228295
0.15517841
0.26100987
0.14199127
0.19073717
0.07247447
0.19936955
-0.13378245
0.19797213
0.15271084
0.11160109
0.1676685
-0.19733669
-0.048760805
0.015315171
-0.26717713
-0.15373412
0.0827228
-0.15394573
0.024997586
-0.2601466
-0.23569027
-0.015999299
-0.2357077
-0.061603103
-0.25506973
0.12024736
0.119765185
0.21637075
0.028083587
0.2387633
-0.40988427
0.021661295
0.12634905
-0.19552627
0.38077265
-0.047809225
-0.0077182
0.14686683
0.021517845
-0.030530037
0.09778812
-0.05470754
0.14833523
-0.10219889
0.1733729
-0.059747547
-0.083650105
0.1303338
-0.16944213
-0.24746682
0.043091245
0.16349721
-0.052620333
-0.23326467
0.11803159
0.30985302
0.2177574
-0.010022551
0.1623879
-0.13764894
0.14527053
-0.2027126
-0.049775176
0.26935512
-0.1439355
0.012802961
-0.10800633
0.23651257
0.046454884
0.21712273
-0.004767765
-0.054512274
0.05514618
-0.14575477
0.050785374
-0.097025275
-0.166928
0.29148766
-0.013757284
-0.35112447
0.091339946
0.21171206
-0.1416167
-0.04248109
0.19033574
-0.105922714
-0.016441971
-0.16394946
-0.21734539
-0.19107269
-0.17396542
-0.0010921997
-0.05632978
0.014653856
0.03958459
0.021506403
0.051519137
0.0008819804
0.06358088
0.06674959
0.23371674
-0.08647497
0.090343766
0.22422391
-0.13034405
-0.024869734
-0.11902889
-0.26405227
-0.02481251
-0.11936899
0.6779644
-0.112228185
0.025739614
0.22353461
-0.32690445
-0.058009773
-0.030202053
0.11560809
0.028838893
0.07665599
0.20148686
0.022881111
-0.243871
0.19339164
-0.05966457
0.030001512
0.022737091
0.04768741
0.14869958
0.08158385
0.21268418
-0.11441889
-0.115727596
-0.07329233
-0.17864592
-0.24253684
0.041388206
-0.19546649
-0.22244427
0.14312357
-0.16282246
0.2413129
0.11665212
-0.15447888
0.032769404
-0.09036307
-0.12370035
-0.009009656
-0.08913917
-0.017559813
0.24656375
-0.06111955
0.06967854
0.14469294
-0.05027636
0.06505083
0.27344382
-0.2535759
0.22795887
-0.26236367
-0.22721313
0.21117207
0.1808405
0.11879041
0.15722893
-0.34553507
-0.06489925
-0.16609097
-0.0835222
0.17093885
-0.17295597
0.14255325
0.12288621
0.061336976
-0.37699264
0.041990586
-0.15733893
-0.18388422
0.1970852
-0.07353393
0.17101581
-0.30309108
-0.10227788
-0.16463608
0.17488153
-0.17751226
-0.13447188
-0.19503394
0.24140958
-0.11854893
0.1650476
-0.22454053
0.09125014
0.15301289
0.015623315
0.041108992
-0.07110916
-0.17742474
-0.096136466
-0.16531219
0.16715135
-0.15928221
-0.16414566
-0.10947427
-0.134076
0.15463369
-0.08689548
0.1699782
-0.03064512
0.1875918
-0.04391177
0.23601533
-0.06798737
-0.12934668
-0.090676725
0.13261075
0.0054669343
0.11658198
-0.26537904
0.06499415
0.011594613
0.061072648
0.20375223
-0.14780465
0.24589255
0.17926413
-0.2849129
0.024084505
0.21766065
-0.20751919
0.18400429
-0.03078681
0.13550289
-0.03522203
0.061237752
0.06323354
-0.26826972
0.13063048
-0.04590279
0.08570077
-0.31582674
0.1980337
-0.35566485
0.028904967
-0.091362044
-0.2814172
-0.17254661
0.12800038
-0.038785715
0.09999305
0.097281754
-0.30366135
-0.2733959
0.13635424
-0.1205485
-0.010814488
-0.04719054
0.01513939
-0.19134523
0.031763136
-0.11525208
0.115940906
0.08211928
0.028501147
-0.034096178
0.037619904
-0.18349254
0.101549394
0.2759099
-0.069923125
0.068345584
-0.110725336
-0.04602859
-0.02883742
-0.07616862
0.20343848
-0.049300894
-0.13881841
-0.10581192
-0.21520872
-0.016285766
-0.1558229
-0.1023894
0.14333756
0.102154404
-0.18415992
0.12535696
0.05235505
0.06494512
0.02280196
-0.15514557
-0.071833044
-0.14589201
0.027404774
-0.07860904
0.19336076
0.048783325
0.0950225
0.17748345
0.039047923
-0.021145424
0.047018144
0.12906471
0.06412982
-0.16074127
-0.15340543
-0.10995833
-0.081891134
0.07768103
-0.29016083
0.31090936
-0.22531325
0.025004888
-0.0728115
-0.115979455
-0.16445811
0.0796579
0.24182704
-0.09834205
0.25002584
-0.30394658
0.08662121
-0.4784365
0.24042659
-0.19939761
-0.12902586
0.13200188
-0.06843753
-0.04804792
0.2444312
-0.17904334
-0.16175526
-0.08915254
0.04666041
0.10259371
0.1656812
-0.037690647
-0.1528751
0.16551127
-0.10882907
-0.11510442
0.09780541
0.16201045
-0.031048305
0.18766852
-0.24671532
0.103772596
-0.2613382
0.27736253
0.028096935
0.04625536
0.051504716
0.1987358
0.15011127
0.12736268
-0.15500142
-0.17470959
0.27804512
0.14777052
-0.13612716
-0.09565107
0.2327232
0.12744205
-0.15141113
0.11571024
-0.39119604
0.024826154
-0.15650922
0.06355692
-0.05457675
-0.18391623
0.068262994
-0.21454298
0.1991278
-0.15417635
-0.23322119
0.046884354
-0.20095631
0.2939403
0.27210313
0.041323148
-0.22150585
-0.29659045
0.17937027
-0.025801236
-0.25937608
0.22780946
0.1916596
-0.15242714
-0.25952023
-0.060786657
0.19160345
-0.16444126
0.21150443
0.21503253
0.15086642
0.08926896
0.006427258
-0.071418
0.11200851
0.025774477
0.14447114
-0.38904732
0.0084342845
-0.032555006
0.007889352
-0.10570943
-0.060247954
-0.25473487
0.28386503
0.20520328
-0.2792878
0.33024812
0.014643159
0.1067972
0.13263161
0.32224527
0.1771491
0.30575943
0.011317634
0.002762957
-0.22407496
-0.04555227
-0.3471386
-0.02315021
-0.20915094
-0.008009413
-0.03837864
-0.25451604
0.14680086
-0.09349236
0.28049758
-0.0035021964
0.25254962
-0.06749324
0.017026715
0.23254009
-0.028567579
-0.14191292
-0.1632551
-0.2556736
-0.26689637
0.13212179
0.20086174
0.009221792
0.18736961
0.1748723
0.19438365
0.2133125
0.19812231
-0.25625312
0.22180398
-0.0882689
0.07186316
0.09121018
0.22739016
0.0416139
-0.07383685
0.07546174
0.04215859
0.18462566
0.12133936
-0.19151105
0.3544943
-0.3305174
-0.14973837
0.26218194
-0.23941822
0.17651832
-0.0804712
0.085157074
-0.20260145
-0.07086613
-0.10841588
0.019965522
-0.01630622
-0.19370121
-0.11836196
-0.172125
0.035894554
0.058557898
0.14805348
0.21554482
0.0037926268
0.027335169
0.3255833
0.06580356
0.032451935
0.069372214
0.15378745
0.07710283
-0.07799475
0.18263248
-0.08250136
0.009030776
-0.10597656
0.062103234
-0.16579948
0.12170006
0.057561498
-0.25467622
-0.15672775
0.18123709
0.20378761
0.2328904
0.028414592
0.17052571
-0.06990257
0.009189445
0.0707334
-0.101126045
0.14115334
0.09103718
-0.012551196
-0.032731555
0.048310943
-0.24962054
-0.026159924
0.19054675
0.09699075
0.18150221
0.1815503
-0.056626353
0.07866356
0.3145351
0.102010004
-0.033368815
-0.079936646
-0.044254195
-0.15645677
0.23129098
0.16822086
-0.060740057
-0.011358081
-0.22966592
0.13064827
-0.16224588
-0.07129942
0.2628911
-0.11010646
-0.17974737
0.05493171
-0.21560553
0.052839093
0.09129293
-0.26148915
0.017931981
-0.16419603
-0.06393304
0.40207183
-0.12570351
-0.040596586
-0.0005292821
-0.14605014
0.15636472
0.049369235
-0.15477313
0.2245362
-0.0961544
-0.08463144
0.0852437
0.13061468
-0.015187607
-0.23702608
0.29823145
-0.01486134
0.19384757
-0.11693153
0.05183579
-0.08139648
0.2892052
-0.029995982
-0.08853627
-0.05065525
0.35494673
0.26342425
-0.1285375
0.25180945
0.22863373
0.06619423
-0.3110777
0.044584036
-0.1690294
-0.13324912
0.03198842
-0.0757547
-0.022475453
-0.060655124
-0.085001215
-0.192768
-0.52605695
0.04699818
0.24829899
0.09707765
-0.17126207
0.15118614
0.03050096
-0.006869774
0.22484796
0.23050001
0.14951645
-0.27154872
0.30202305
-0.010695869
0.22670402
-0.022617023
0.028911026
0.11228903
-0.12567712
0.029461224
0.17175043
0.29920304
0.18428494
0.010768226
0.08578644
-0.01594807
-0.12703297
-0.21530019
-0.19033723
-0.18376382
0.17418094
-0.09571419
-0.06496732
0.31046933
-0.076773
-0.2857173
0.14167257
-0.21191782
0.025811033
0.07909957
0.31223276
-0.13200846
0.23230897
0.18466346
-0.03237872
0.2592464
0.30762455
-0.24597771
-0.13712525
0.1548842
0.04295702
0.08785355
0.23051624
-0.08684001
-0.071998656
0.07018922
0.2507062
0.25792235
0.14575635
0.09268503
0.12144618
-0.042845625
0.22894491
-0.24268658
0.18808778
-0.12861569
-0.07441034
-0.045476258
0.031326793
0.18175939
0.008174173
-0.02996043
0.01865499
-0.26303753
0.12065577
0.20343849
0.14848702
0.3347504
0.11691027
0.040980324
-0.28504387
-0.11506413
0.09372852
0.22729346
-0.2860807
0.08926468
0.11147679
0.33242908
-0.12061233
0.08192966
0.026180511
0.2042567
0.2116486
-0.1882406
-0.21665148
0.12667823
0.1989299
0.23664275
-0.10401623
-0.16705209
-0.017956551
-0.20309123
-0.07849351
-0.006313418
0.17985924
0.07696985
-0.036103204
-0.2273283
0.24320067
-0.19144538
0.14436953
-0.038929008
0.00846815
-0.15091717
0.19146895
-0.19473778
0.07849968
0.037859567
0.16378808
-0.02346074
-0.13167804
0.056668505
0.07893808
0.13270165
0.23876277
0.09532018
0.17482817
-0.026407596
-0.049024936
0.18985426
0.07990934
0.18209
-0.0016891522
0.14827824
0.0058695385
0.015141653
-0.25709563
0.13158289
0.037242237
0.08628131
0.058101445
0.023818856
-0.13296738
-0.25627556
0.14726909
-0.284675
-0.17068861
0.20469615
-0.08305927
0.11092218
0.2326436
0.021941494
-0.085418575
0.17700407
0.16707227
0.046123616
0.023056412
-0.003821929
-0.020728463
-0.17002724
-0.2707877
0.0181551
0.0089494465
-0.047788795
0.05442116
-0.042827893
-0.19297905
-0.11501954
0.12112447
0.21921949
0.0851844
-0.076140955
-0.04566402
0.12757239
0.030375222
0.18486528
-0.15559795
-0.21466877
-0.14156048
-0.0042791422
-0.15510723
0.073762126
-0.12818746
-0.18882675
-0.19751291
0.04331082
0.11900441
-0.18546827
-0.015882917
-0.14109378
-0.12910435
-0.05897132
-0.07847097
-0.11098741
-0.19475204
-0.031224111
-0.32158986
-0.049379535
0.24817221
0.13217802
-0.29725555
-0.28267524
0.14169362
-0.2331366
0.18321288
-0.0036208895
0.25722504
0.034944233
-0.24718013
-0.14787793
0.2162604
0.08180851
-0.15050644
-0.06534521
0.123823605
-0.21832536
0.0185965
-0.192655
0.03624868
-0.09205753
-0.24634752
0.07252914
-0.12255028
0.043090712
-0.30425388
-0.2868943
-0.27885017
0.18229866
0.124739505
0.11407772
0.024833195
-0.07668159
0.23463054
0.13546059
0.0064153722
-0.13015938
-0.19460961
-0.066024646
-0.059296023
-0.073118344
-0.38709292
0.051743977
-0.03534826
-0.05544958
-0.08392187
0.0074401177
0.08900976
-0.027411576
0.22117913
0.08530135
0.031223577
0.06969735
-0.27488673
-0.049628112
-0.062480778
0.14445984
-0.041060697
-0.0040712017
0.13541485
-0.21674952
0.27141938
-0.06064894
0.22322237
0.090121605
0.11215187
-0.14669845
-0.16975099
-0.16582161
0.18980458
-0.17565462
0.29285836
0.05415147
-0.38541108
-0.01865821
-0.047056668
-0.1398084
-0.022826087
0.07497237
0.08339985
-0.23414202
-0.14423558
-0.0745752
0.14267318
-0.118186615
-0.0823759
0.076074526
-0.03834433
-0.15836935
0.15495493
0.062435586
-0.065392174
-0.10601914
0.05270801
0.03945017
0.09990264
0.04928343
-0.2363358
0.023102755
0.111256264
0.04611161
-0.19208114
-0.12324753
0.009160438
-0.120829776
-0.13506415
-0.44066048
0.06002266
-0.09495272
-0.007563072
0.07159123
0.049039297
0.17170405
0.16665384
0.24482076
-0.0100801205
0.08933308
0.13848191
-0.111331016
-0.048723698
-0.1589801
0.07147746
-0.3290084
-0.047954176
0.032493375
0.07697637
-0.13413751
-0.27145064
-0.2703383
0.04583709
0.007241671
0.00012350366
-0.4720667
-0.26079348
0.026667776
0.18301153
-0.13935655
-0.17137952
-0.10995831
-0.010897622
-0.037677974
-0.12056279
-0.050116494
0.15853299
-0.079727486
0.18065788
0.082556486
-0.07021261
-0.016287923
-0.13937357
-0.2996242
0.11765695
-0.13375837
0.082359836
-0.0020200294
-0.04582727
0.11612402
-0.10198843
0.0905977
0.03546487
-0.12956473
-0.1598263
-0.03788638
0.027809126
0.2685237
-0.06406763
-0.08103686
-0.2806584
0.10397202
0.14347629
0.024726143
-0.02691729
0.20429657
0.0559399
0.15502048
0.06681482
0.20355901
-0.24064463
-0.59096944
-0.2347422
-0.027086833
-0.077419974
-0.046147306
-0.12869455
-0.031816952
-0.19812185
0.002536612
-0.09554734
0.021590432
-0.268666
-0.21879444
-0.071298264
0.1718221
0.145143
-0.11050515
0.053587638
0.104259565
0.045782804
-0.066582166
-0.25135937
0.20648004
0.10812543
-0.14273481
0.1540827
-0.14410006
-0.25678816
0.21303333
-0.025870595
0.13622403
-0.111957215
-0.26242834
0.1648825
0.05887063
0.17109703
0.07905155
-0.1557652
0.12251962
0.018678416
-0.0028376426
-0.00970635
-0.035768047
0.15430638
0.026461083
-0.26559028
-0.12366761
-0.049558587
0.06462021
-0.13030218
0.20721373
-0.008085687
0.12016768
-0.3283357
0.28378192
-0.06792047
-0.13632004
0.036803477
-0.22346577
0.024967324
0.1085152
-0.14707074
-0.083398454
-0.06957123
-0.21062885
0.0017922481
-0.18953878
-0.178509
0.06973856
0.16116124
-0.115082875
-0.30418202
-0.07812589
-0.3180231
-0.08491726
-0.34331352
0.020816304
0.12211646
0.018741539
-0.21244757
-0.690007
-0.2587132
-0.2694786
-0.13107073
0.24875943
-0.15092313
0.16754873
-0.07823414
-0.09742849
-0.21232702
-0.118735656
0.16177519
0.03875857
-0.20991382
-0.14236206
-0.20181875
0.05274021
0.16271637
-0.0966844
-0.09993957
-0.28940955
-0.18704404
0.011458421
0.18398465
0.19236748
0.12060048
-0.12157094
-0.09779847
0.15447472
-0.12411893
0.102888085
0.12925242
0.21498963
0.10163639
0.0072591812
-0.08150418
-0.2754708
0.06650754
0.15819453
-0.17995067
0.28281736
0.3708496
0.1754215
0.14875872
-0.15566592
0.058714896
-0.074033976
-0.21396913
0.29999036
-0.09902933
-0.26219353
0.14321727
0.077738695
-0.38262647
-0.17277627
0.003908728
-0.25533572
-0.13252464
-0.24380791
-0.07825249
-0.030582318
-0.087221466
0.09058866
0.11382901
0.08957307
0.09708196
0.007836176
-0.09725544
0.13005595
0.14472105
0.32199112
-0.058543775
0.27143168
0.014339823
-0.19894676
-0.090115756
-0.09856901
0.045218196
0.12546596
0.18510497
0.028109327
0.19880347
0.118103154
-0.2654402
0.0067504602
-0.11839244
0.46110642
0.13750757
0.3407857
0.035031147
0.10473072
0.03236055
0.022750335
0.045665205
0.2488412
0.16300905
0.29936865
-0.16249327
0.17376027
-0.21256854
0.3275099
-0.03018405
-0.06389947
0.12085551
0.22459355
0.13072018
0.28128973
0.07674379
0.16324894
0.14908855
0.26534402
-0.14433196
-0.031290893
-0.14509001
0.13412462
0.2900701
0.11186687
-0.07817453
-0.108875826
-0.0062273247
0.22988626
0.07902788
0.13357934
0.08961253
0.10652543
-0.10008873
0.11277764
-0.09622074
0.12804696
-0.038894422
0.039206702
0.054444544
-0.01701994
-0.2862844
0.12165535
-0.23326278
0.14961605
-0.3986181
0.09815415
0.062152166
0.17361085
-0.0013174354
0.016964806
-0.018536055
-0.040862616
-0.16107838
0.025542963
-0.22279577
0.004128202
0.09152018
-0.11647382
0.2837191
0.0668767
0.099575214
0.14754067
0.2000687
0.25908223
0.047382437
0.2991149
-0.11983299
0.08085161
0.13697414
-0.063686185
-0.08617983
-0.13881147
0.19361824
0.1227556
-0.23740226
0.15662456
0.17120697
0.17905058
0.1702501
0.083320566
0.18524525
0.16642994
-0.16526905
0.06255711
-0.17772913
0.2638931
0.062736705
0.12262073
-0.081826486
0.15251549
-0.11107505
-0.10059049
0.61254996
-0.025125906
-0.16138947
0.1344088
-0.12930186
0.027561128
-0.08289925
0.060319312
0.023740433
-0.10906409
0.09862509
-0.36160928
0.14702857
0.6916317
0.1386221
-0.23471761
-0.20177047
0.06713223
0.23308034
-0.23377271
0.22309327
0.18821606
-0.19466314
0.14031583
-0.08134033
0.07181984
0.0043467195
-0.022107737
-0.11598015
-0.055389196
0.13189599
0.089972205
0.38945
-0.09059455
-0.00070977834
-0.2816039
-0.018370876
0.0056742756
0.03382999
-0.30489337
-0.17645998
0.215748
0.011947085
0.059283134
-0.08756156
-0.032516822
0.008445015
0.31404564
-0.012328467
0.19077638
0.12663893
-0.20620282
-0.048749402
-0.13760361
0.19609344
0.00346049
-0.03351935
-0.06550957
0.16882016
-0.0045690113
0.15786389
0.18408349
0.16649556
0.18064703
-0.19452792
0.23191468
0.26072258
0.095102206
0.17095372
0.04401769
0.09914094
-0.10007724
-0.17495337
-0.08391822
0.14732265
-0.13690984
0.13080966
0.1562269
-0.07247949
0.23284702
0.1674209
0.0132736955
-0.14986843
-0.0011680548
-0.08224204
-0.06655541
0.17164223
0.27378392
-0.13439283
-0.21655749
0.14034761
-0.16017145
0.17704865
-0.30308712
0.012503364
-0.20191006
-0.29686716
0.31029335
-0.056239657
0.054830242
0.004191559
0.006720017
0.21227942
-0.2002309
-0.22131737
0.16904569
0.12130669
0.013784702
0.2451527
-0.053788118
-0.24561903
0.48944885
-0.010036701
0.20567526
0.08276161
0.1630539
0.1296534
0.03170299
0.37788045
-0.39896137
-0.15810975
-0.24257311
0.020974277
0.035544924
0.103912175
0.25493422
0.18548088
0.09321013
-0.18580945
0.0684814
0.13575338
0.12911756
0.066035934
0.04103147
-0.03036204
0.28883407
-0.07817327
0.07852996
0.20383726
-0.0042492687
0.23104113
0.07148867
-0.0934114
-0.05550171
-0.56303084
-0.22266169
0.2150757
0.010970035
0.040631957
-0.19294456
-0.05787893
-0.3145682
0.2238814
-0.05327559
-0.11023448
0.12770395
0.10617155
-0.26648536
0.10815294
-0.088788085
0.18817538
0.21857226
0.0025077842
0.26681173
0.25749427
0.06904729
0.18946724
0.08817828
0.08529353
0.13065611
-0.2425917
-0.13982211
-0.21855156
0.24123912
0.13555725
0.02698488
-0.07850119
0.2122584
0.01657161
0.088766895
0.14812852
-0.3173734
0.029375555
-0.09543743
-0.046024565
0.05497518
-0.1681654
0.078713454
0.08298325
0.2622831
-0.242386
-0.43613893
0.19612245
0.11163022
-0.055063445
-0.10402574
-0.23684615
-0.10027193
0.13744158
0.13958094
-0.06212945
0.19130072
-0.14994398
-0.08934359
0.047589753
-0.2369627
-0.5281341
0.27896628
0.21107244
-0.26408017
-0.23469098
0.17561518
-0.16838196
-0.011542873
-0.2718873
0.06737681
-0.23027042
0.065926075
0.14900655
-0.079403505
0.0028607717
-0.04668818
0.13468707
0.17523962
0.5261083
0.08632113
-0.023077365
0.1377374
-0.17223276
-0.3276399
0.04164037
0.08359398
0.28184524
-0.24223146
0.2462109
0.10778441
0.08344184
0.031818602
-0.13019131
-0.08366582
-0.14106256
0.1024342
-0.010563356
-0.010097213
0.17268905
-0.14847763
-0.18480268
0.30857474
0.24108154
0.053278215
0.07210044
-0.070484616
-0.0636109
-0.055322643
-0.15190063
0.029402394
0.13166638
-0.17515983
-0.10272023
-0.61535686
0.04228299
0.17274179
0.09183906
0.044567324
0.065841496
-0.19056368
0.05273432
-0.2045596
0.18066011
-0.048406582
0.026502883
0.13001701
-0.15355481
0.13126688
-0.17999734
0.104259364
0.108357824
-0.23588629
-0.017253397
-0.22996926
0.09523785
0.22168851
0.10879076
-0.19868918
0.13509615
0.016661955
0.24831985
0.017866444
-0.16178526
0.1772636
-0.051332496
0.085812934
0.063402146
0.1905717
-0.20696774
-0.09301964
-0.17542106
-0.16746724
-0.26773033
0.10852349
-0.109179474
-0.039717536
-0.16561458
0.21494336
-0.08754326
0.20720538
-0.1060131
-0.10317346
0.22910152
0.045931775
0.30508593
0.07503157
0.036028586
0.05170656
0.09091499
0.14909565
-0.13366194
-0.15194923
-0.600289
-0.081114545
-0.13678427
0.04948388
0.2273636
-0.018538674
-0.20701618
0.06643828
-0.061811324
-0.15885727
-0.054382056
0.124991916
-0.29274642
-0.051559497
0.050472256
-0.06323656
-0.027259698
0.07004195
0.096117444
0.027752215
0.07412711
-0.18337528
0.066442795
-0.035831694
0.031706553
0.08608271
-0.038156733
-0.24405833
0.1365189
-0.14604387
0.33516082
-0.15705062
0.10286443
-0.19856043
-0.18753955
-0.1647376
0.093584694
-0.097264916
-0.091290355
-0.08729812
-0.006789159
-0.03738764
-0.16812634
0.26639378
0.14838493
-0.04081867
0.0835213
-0.06117353
-0.035266977
-0.06695802
-0.22249776
0.008927088
-0.17595576
0.088112794
0.044012774
-0.0024698717
0.07505533
0.66106874
-0.15152107
0.13528675
-0.014573355
0.022405416
-0.10845926
-0.11734131
0.078502655
0.11040592
0.0562023
-0.026208328
0.0006233652
0.09218572
-0.18614876
0.06827966
0.17036588
-0.053587608
-0.19583073
0.32860705
-0.096351534
0.010751212
0.06378284
0.07927452
-0.01640388
0.14203893
-0.06501228
-0.07744743
0.23337205
0.016079409
-0.19992918
-0.29629123
0.25921166
-0.06316478
-0.16034332
-0.012556525
-0.05537635
0.069117635
-0.12880762
-0.24509785
0.030057635
-0.12538108
-0.29337388
0.10502211
-0.0926616
0.052754633
0.053705078
0.012936292
0.27618992
-0.013345379
-0.28885606
-0.22001937
0.18140216
-0.27726653
-0.3546018
0.2401372
-0.03533321
0.048547693
-0.2837597
0.16968806
0.025481265
-0.23701854
0.13493064
0.13277686
0.05694376
-0.0039030497
0.026572354
-0.16912629
-0.0041486826
-0.087577306
-0.30317265
-0.14009124
-0.15420559
0.015376919
0.12657583
0.14629753
0.250384
0.0883679
0.17846371
-0.028344955
-0.1891959
-0.43817094
0.22961041
0.020907324
-0.13180424
0.16490687
-0.24771205
-0.1072661
-0.046613503
0.23374043
0.008164203
-0.00927846
-0.12774609
0.20128252
0.07206698
0.034048315
0.12482191
0.10821597
0.10014538
0.1344667
-0.04111091
0.1025336
-0.018683359
-0.23259579
0.17630644
-0.118458025
-0.13029175
-0.12518899
0.09950961
0.2356974
-0.24717362
0.22279136
-0.08679367
0.10940917
-0.15006672
-0.06524598
0.11942058
-0.06025827
-0.20858105
0.09481764
0.13316381
-0.027934078
0.0379208
-0.14297222
0.089722164
0.19839932
0.039660234
0.12421677
0.124254435
-0.008145394
0.15533145
0.06607714
0.13497353
-0.26911408
-0.5126655
0.19046131
0.0122197755
0.27026734
0.14127772
-0.12957406
0.168439
0.3350515
-0.008501012
0.15687719
-0.0099118315
-0.015043496
0.045722537
-0.065582275
-0.051575452
-0.01655432
0.18297637
0.08301256
-0.10640519
-0.003984109
0.071623564
0.21755546
-0.13465096
0.16940328
-0.20542596
0.0010910855
0.103819996
-0.23207462
0.18233454
-0.27904463
-0.17965674
0.23008457
0.029585222
0.039370548
0.15103951
-0.33485267
-0.15895884
-0.03620052
-0.17554347
-0.26559845
0.17771706
-0.07922186
-0.15474752
-0.19295973
0.16855547
0.16571964
0.2595948
-0.05297325
-0.018636728
-0.2786864
-0.19104928
0.128446
-0.20782323
0.054768104
-0.15509953
-0.15367673
-0.0801017
0.17688331
-0.1353567
0.11417044
0.17436744
-0.18811484
-0.23667909
0.15082332
-0.12301243
0.11546036
0.10967331
0.10385346
0.11845178
0.042281553
0.02813404
-0.24295363
0.30456385
0.24037145
-0.04718752
0.035899278
0.11508101
-0.070389085
0.17422104
-0.3360138
0.6052972
-0.0031600671
-0.018834904
-0.10426249
-0.40313727
-0.14342836
-0.23362514
0.16073254
0.10233869
-0.07049171
-0.1928879
0.0637223
-0.02395923
-0.22095633
0.17286229
-0.17387627
0.13512772
0.24008474
-0.006715209
-0.13622437
0.101564646
0.17988405
0.014339349
-0.19778204
-0.04165014
-0.36004338
-0.14360455
-0.44482496
-0.24631648
-0.2831996
0.026513873
-0.15064774
-0.13650644
-0.010428487
0.088341855
0.123349585
-0.09089078
0.02225291
0.061813883
0.1829313
-0.011753203
0.062061276
-0.071270935
-0.04704362
0.14783034
-0.064112924
0.103093736
0.3062065
0.10705106
0.14646804
0.18419003
0.28524518
-0.26780564
0.22301884
-0.10637147
-0.23695171
0.20632048
0.2510752
0.18484513
-0.010542543
-0.14251702
-0.292914
0.22499512
0.022630095
0.098498754
-0.035268318
0.03863905
-0.018310342
-0.21063566
0.19529977
-0.07947669
-0.01863908
-0.1289072
0.23884128
0.014527279
-0.1019529
-0.11586955
-0.0787837
0.19440892
-0.051610842
-0.25926238
0.06268363
0.030624956
-0.014490463
-0.013217003
0.06929608
0.13090688
-0.01157527
-0.12048422
0.07027939
0.09607528
0.093196176
0.21304584
-0.0338743
0.16490453
0.020937242
-0.103690766
0.13720086
-0.10135883
0.11842458
-0.036297943
0.16183265
0.08406854
0.1791697
0.26371458
-0.06352112
0.22616938
0.06832834
0.1387472
0.31334132
0.2371476
0.2055275
-0.030443659
-0.034900405
0.28017923
-0.043801676
-0.10167136
0.0077121444
0.29030585
0.18161984
0.09341204
0.16642188
-0.18895371
0.24390954
-0.0059235804
-0.04602823
-0.28028682
0.23954467
0.15767622
0.20680523
-0.24487658
-0.0039679995
-0.26798624
-0.19512117
-0.0060940953
-0.102366395
0.16269891
0.03169487
-0.05737859
-0.010730242
-0.008976787
0.10152642
0.0470012
-0.048772
-0.07451777
0.051831055
0.02802195
0.016424945
0.010944845
0.24293959
-0.0761309
0.1205492
0.09345061
0.104300655
0.15522371
0.10031444
-0.24807784
0.009217745
0.031430323
0.098035485
0.347453
0.14781262
0.2808778
-0.055311244
0.24060829
-0.15992922
0.21926212
0.06429957
-0.06326295
-0.036069926
-0.07866089
0.3519711
-0.058330607
-0.21449707
-0.10853148
0.0536581
-0.18804626
-0.008174992
0.14915462
-0.16473542
-0.16221096
0.121595465
0.24698815
0.20797594
0.103343874
-0.43081695
-0.26611364
0.25469527
0.12205356
0.24550952
0.06250014
0.055044495
-0.031552482
-0.16875502
-0.044404197
-0.29189488
-0.44641203
0.20138742
0.18194546
-0.07862086
0.08587017
-0.02342751
0.19932486
-0.11398279
0.03669976
-0.18476626
-0.13406458
0.038899455
0.08337718
-0.13956472
0.3804052
-0.24473962
-0.3841758
-0.15395701
-0.09855074
0.17782173
0.24843436
0.14165114
0.11091433
-0.14765725
0.08642599
0.18453228
0.016092494
-0.1438442
-0.036676876
-0.19647005
-0.10595005
-0.12822808
-0.10042015
0.18781373
-0.0009924053
0.0594747
0.031489052
-0.09222715
0.19501305
-0.29778704
0.16651869
-0.16262868
0.068810634
0.06314557
0.047735963
-0.04756021
-0.17900074
-0.02576744
0.081530556
-0.046595536
-0.17101021
0.2259701
0.021494651
-0.1798453
0.06528694
0.33755726
0.08178849
-0.22532894
-0.18461181
-0.02890308
0.015251708
0.13624352
0.27089456
-0.08339816
0.14656493
0.20771156
-0.14934413
-0.1551288
0.20821965
-0.063977115
-0.19314696
-0.030574836
0.050102822
0.20994055
0.10308624
0.020879356
-0.07271006
0.058689803
-0.32873407
0.015576694
-1.0461419
0.012609566
0.22142814
-0.15951839
-0.2148535
-0.29803348
-0.23233874
-0.6019711
0.14941521
-0.011026526
-0.1799747
-0.23843724
0.16647129
-0.015204281
-0.22266977
-0.050412938
0.009709471
-0.27012423
0.043812517
0.24012971
0.19696431
0.1150106
0.18339783
-0.2063743
0.018794643
0.08164637
0.04390697
0.15165398
-0.19722421
-0.23517686
0.0007116972
0.08767061
0.05901728
-0.08296141
0.039639737
-0.39467478
0.21651112
-0.06902967
0.053288884
-0.1482068
0.10665129
-0.135829
-0.053160433
-0.05966093
-0.06431932
0.25627282
-0.09971168
-0.38815674
-0.19525737
0.06439259
-0.0641031
0.19829142
-0.33568865
-0.078963295
-0.31761825
0.26209617
0.07986044
0.10258748
0.24421954
-0.007647746
-0.21203284
0.16873512
-0.20758802
0.076992996
0.17784008
0.0030452504
-0.19661987
0.037931733
-0.093532495
-0.2071289
-0.18665893
0.19116394
-0.20371714
0.18544143
-0.20054412
-0.06528392
0.1817469
0.15266828
-0.375295
0.17736976
-0.5991672
-0.32342756
0.20517252
-0.067576386
-0.052951302
0.03603303
-0.17703739
0.011468574
-0.14000657
-0.08821169
-0.30261523
0.19391191
0.24838723
0.20732088
-0.10191007
-0.113728695
-0.27337998
0.11799031
0.090144664
-0.122701086
-0.1489928
0.19582538
0.0008013615
-0.13546835
0.121603824
-0.16679369
-0.24486233
-0.10413185
-0.05676371
-0.21663933
-0.31653935
-0.10556453
0.037068803
-0.02879229
-0.111951776
-0.5427107
-0.06298564
-0.0029576765
0.12495718
-0.17149727
0.16127543
-0.16471612
0.1718107
0.12159259
-0.119194806
-0.00457867
-0.035236638
-0.3048263
0.0030572028
-0.16484863
0.20593503
-0.24509819
0.14140002
0.112094976
-0.29032597
0.17981014
-0.12401907
0.10465959
-0.070036694
0.079905376
-0.09228452
-0.145711
-0.30955282
-0.15340869
-0.15449892
-0.0794164
-0.024481982
-0.1528354
0.07249073
-0.15917304
-0.2338055
-0.23262614
0.032842383
-0.0146294385
0.01654753
0.11787259
0.0036365662
0.04408341
0.014113042
0.050202757
0.15530191
-0.24168915
0.028086532
-0.17483138
0.18019265
-0.4136745
0.2336978
0.022667388
0.24303147
0.11142714
-0.14775339
0.08466115
-0.0018981025
0.0725352
-0.2541094
0.012884852
0.06779138
-0.039594833
0.08737029
0.10157283
-0.080515966
-0.15028268
0.11611075
-0.22257604
0.14102913
0.16484575
-0.071928814
-0.4830805
0.2576969
-0.023058724
0.017179897
-0.029508114
-0.012046399
-0.24309519
-0.16667925
0.42150623
-0.015463422
-0.12587188
0.25080135
-0.1468743
-0.087718256
0.123806015
-0.2638918
-0.067165025
0.30216265
0.0078115556
-0.08088698
0.039961893
0.18632413
0.21196075
-0.07377522
0.097558424
-0.091220215
-0.14120781
-0.071005866
0.04584497
-0.09516258
-0.15493
-0.00030495107
0.15364765
-0.15217017
0.027080486
0.048522945
-0.031192971
0.04774445
0.02999812
-0.06714248
0.16276188
0.20966129
-0.039298646
0.20927688
-0.40573734
0.19198547
0.16086666
0.24995537
0.06216865
0.10899418
-0.049411077
0.0013369062
-0.25829393
0.08275434
0.018123914
-0.0074573597
-0.06657346
0.21422756
-0.15394007
0.19515185
-0.25523013
-0.20756449
0.070124164
0.069054745
-0.21028575
0.06850438
-0.11825743
0.07829773
-0.075730495
-0.0020934474
0.14836955
-0.15694864
0.2399122
-0.2028747
0.17559636
0.18762824
0.16679843
-0.03392688
-0.27562222
0.03866785
0.19369406
0.09788007
-0.25982204
0.13745423
0.030266333
-0.1512755
0.022588434
-0.20087439
0.12809096
-0.19015135
0.12522122
0.28584597
0.23329727
-0.08137286
-0.1208356
-0.0033759496
0.013260637
0.1391634
0.06015421
0.00026459884
-0.16788338
-0.17432848
-0.06756134
-0.10166958
0.22894043
0.2588511
0.037376873
0.13690487
-0.07892672
-0.09515136
0.014772123
0.20441478
-0.08588383
0.0845187
0.27368978
-0.27769354
0.09618079
-0.14174977
0.20595326
-0.080467366
0.13132532
0.008825736
0.18113866
0.07392067
0.028344968
-0.08173736
0.16305982
0.027864393
-0.13310963
-0.19661301
-0.15919808
0.061138015
-0.18427669
0.13804655
0.061910845
-0.16596077
-0.29270115
0.10948637
0.04471967
-0.107725576
0.012265582
-0.07174424
-0.10336191
-0.12950593
0.04037839
-0.06539807
0.051030155
0.10420685
0.019844368
0.060668115
-0.2763857
-0.08031058
-0.016273258
0.125682
-0.08680611
0.060409002
0.21621983
-0.08770318
-0.006758881
-0.14323692
-0.07490555
-0.24573813
-0.29435736
0.08642424
0.006738486
-0.14140783
0.009798954
0.19786547
0.15878287
0.123434
0.007971129
-0.027982939
0.2765453
0.13994017
-0.24823226
0.18823268
-0.07503034
-0.28093055
0.0842378
0.28468236
-0.023707043
0.21979986
0.17178431
0.21085145
-0.054813415
-0.028857604
0.16611348
-0.27562493
0.061941344
-0.08427132
0.21127863
-0.15556565
-0.17402174
0.14317974
-0.12802328
0.123437636
0.12074759
-0.24628925
0.15115364
-0.100562684
0.15637155
0.0013815024
0.021437174
0.059001982
-0.023140257
-0.26542836
-0.2845282
0.103499606
0.13024808
-0.24712871
-0.3439919
-0.078466475
-0.5946269
0.21375355
0.1378807
-0.2159263
0.14536692
-0.22170441
0.22680058
0.03935789
0.19266158
-0.15249531
0.24702643
0.13827464
-0.062116973
0.029347703
-0.28902072
0.12376172
0.18052
-0.506914
0.20055191
0.25037652
0.22404881
-0.27332625
0.04593011
0.13783874
0.26240396
0.29336932
0.29181176
0.044537872
-0.062489334
0.14553726
0.12801673
-0.024828909
-0.117942415
0.07150658
-0.15644734
-0.006457335
-0.15367886
0.15661208
-0.14932409
-0.044645566
-0.1965149
-0.061454125
-0.19152994
-0.16483714
-0.003784106
0.13636664
-0.25091207
0.21500866
-0.14108972
-0.016819397
-0.2975625
0.022382317
-0.17139709
0.011552092
0.17755437
-0.0661002
-0.16535626
-0.0012154601
-0.0032705518
-0.019763965
-0.12467768
0.0648021
0.2847018
0.07222287
0.025997765
-0.23628272
-0.15475522
0.023103867
-0.23438926
-0.23769364
-0.22339946
-0.13397938
0.24451172
-0.26592854
0.015027636
0.12306432
-0.22336438
-0.035164278
0.10068683
-0.21650289
-0.13536744
-0.0052955714
-0.11234237
-0.07968935
0.34038585
-0.037576344
0.09532979
-0.041815113
-0.06703439
-0.30083117
-0.042571716
0.13372919
0.053288735
0.030810343
-0.20002612
0.19660251
-0.13455413
-0.46681115
-0.2565812
0.27208024
0.24983835
0.18649463
-0.092180386
0.13802424
0.24074778
0.037879195
0.124495424
-0.03613989
0.27941364
0.063677944
0.026668377
0.059232812
0.13275856
-0.098503724
0.1744832
-0.10203459
0.114492245
-0.043979336
0.13176586
-0.0017505697
0.002095591
0.13104938
-0.050282713
0.19836216
-0.29147255
-0.42359224
0.058064245
-0.689832
0.21864535
0.17177714
0.00943043
-0.0370642
-0.10527879
0.028498147
0.21078455
0.017964471
-0.030084128
0.12428106
0.19287553
-0.026184851
-0.22180995
0.0664725
0.041673645
-0.08018605
-0.19828157
-0.25970134
0.0388605
0.16541243
0.17211033
-0.08480252
-0.16063501
-0.02399464
-0.44378242
0.048933804
-0.008334913
0.06741477
0.015645515
0.1806773
-0.00846315
0.2100249
-0.16041194
-0.14049405
-0.15734053
-0.20127988
-0.100714706
0.049970634
0.25864145
0.090335436
-0.11100927
-0.20146133
-0.02895003
0.09917358
0.11416129
0.3175718
-0.19875905
0.15501857
-0.18737628
-0.29882914
0.11043988
-0.16780677
-0.22488195
-0.08671598
0.08413238
0.13331956
-0.13062614
-0.04753061
-0.08092836
0.0855839
-0.12178828
0.033957448
-0.2574027
-0.14424714
0.030692112
-0.20640229
-0.1925637
-0.09932844
-0.32447323
-0.54346454
0.21997169
0.13427682
-0.13288112
0.014541901
-0.041990962
0.102613695
-0.060552258
-0.20978594
-0.11251132
-0.015480206
-0.19256234
-0.18945858
0.0081709055
0.17957333
0.26492998
0.1832396
0.23620492
-0.23288007
0.17703141
0.13509569
-0.1478968
-0.13752824
0.08798857
0.1706033
-0.17085655
-0.08418538
0.08592689
-0.2497772
-0.11192662
-0.13876481
0.16230413
-0.09536308
0.16644368
-0.04423505
-0.28514218
-0.15374558
0.20162565
-0.04866658
-0.029526219
-0.0141148055
-0.3325745
0.1471711
0.2038304
0.35861742
-0.29682922
-0.009414305
0.21052891
-0.0014938958
-0.20572744
0.1942074
0.035521187
-0.1125662
-0.18044502
-0.19895482
0.103275485
-0.25084198
0.18378899
0.14857022
0.06840282
0.18005617
-0.21256785
0.18717861
0.15124185
0.014970304
0.10658512
-0.15820171
0.08421342
-0.04930184
-0.05090441
-0.122528605
-0.026264068
0.06201436
-0.18863697
0.12470195
0.14310482
0.057948563
-0.059412863
0.09563442
-0.20523238
-0.5240421
-0.1958527
-0.13211235
0.0017046647
-0.15960489
0.07428014
-0.012788022
-0.33999714
-0.06216206
0.15829355
0.09758485
0.00868099
0.016465917
0.15384606
0.04075971
0.0048332284
0.20864573
-0.11273193
-0.33412057
-0.5227895
-0.13070196
-0.23723456
-0.17580515
0.15541415
0.105403595
-0.20031983
0.29882374
0.03184127
0.0270279
-0.19311045
0.2365506
0.029645676
-0.094296284
-0.4327409
0.24404168
0.1706226
-0.22041611
-0.059984587
0.07656905
-0.16719095
-0.17906535
0.08954279
0.1375997
-0.054439776
0.17374136
-0.2974104
0.15063928
-0.17113864
0.07338738
0.026458262
-0.053279135
-0.4216967
-0.14327872
0.143054
0.1254496
0.10419603
0.2177602
0.007451546
-0.17444204
-0.07684476
-0.16743067
-0.099369906
0.06583149
0.17354137
-0.030098464
0.16071987
0.08155985
-0.28985676
0.14455089
0.1033147
0.06368879
-0.1430781
0.2050837
0.07617657
-0.009014316
0.19741154
0.061149333
-0.047823735
-0.013341053
-0.17744316
-0.28335157
-0.31367427
-0.13835067
-0.13351685
-0.0333999
0.1556938
0.17941774
-0.059595987
-0.09111967
0.06473426
-0.025979023
-0.18528563
-0.11750581
0.09383455
-0.18831232
0.036288165
-0.1803484
-0.25549373
-0.19315521
-0.54530025
-0.09883642
0.20787483
0.067767456
0.09408376
-0.06917871
0.24519837
0.21925534
0.1598207
-0.19701914
0.17929618
-0.13965155
0.24594286
0.26284412
-0.097619966
0.11153424
0.025398912
-0.15987581
0.12159197
-0.025361735
-0.13977848
-0.20095217
-0.14405082
-0.14447229
-0.34254593
-0.12502794
-0.20569564
-0.116591424
0.018502997
-0.17086846
-0.23689844
-0.23111789
-0.117169686
-0.027713507
-0.03571644
0.09200924
-0.016305458
-0.18071549
-0.19688426
-0.38981724
-0.09255674
-0.092211865
0.14291006
-0.098474644
0.10085563
-0.26767397
0.032816026
-0.073601946
-0.05212413
0.15847182
-0.11148686
0.15977417
-0.11506154
-0.04613244
-0.38576272
-0.32576567
0.09973606
0.09159957
0.004934307
0.093382455
-0.38698706
-0.17922413
-0.17915586
-0.21768309
-0.08477649
0.04741668
-0.18403807
0.046270974
0.017886052
-0.19115004
-0.22340462
-0.11864891
-0.46641377
0.2208024
0.19462429
0.11598397
-0.1586348
-0.24826448
0.16618025
-0.33320093
-0.1630831
0.07146684
0.014560297
0.1246089
0.01769395
0.038115237
0.054687437
-0.3413775
0.02888426
-0.029046144
-0.17746428
0.15811998
-0.083444335
0.014119362
-0.061123785
0.2243663
0.16961624
-0.21454401
0.09325509
-0.20362584
-0.06164112
0.25478715
-0.14022523
-0.39838937
0.11511956
-0.58353096
-0.17824091
-0.12340415
0.022549834
0.018675216
-0.06035317
0.15961467
0.02791195
0.00078722846
-0.066089325
-0.089079134
-0.01231874
-0.054781977
0.22128098
-0.07465796
-0.1094509
-0.0042893356
0.1436689
0.06270588
-0.006148156
-0.24511012
-0.054572694
0.26347265
0.12855168
0.19608328
0.0028911978
0.20114249
0.11107267
0.22920474
0.36682934
-0.11978156
-0.05521828
-0.013856196
0.27888355
-0.028868878
-0.07864759
0.20814055
-0.120253086
0.18781002
0.13046458
-0.042552695
0.036281787
-0.006760045
0.05319268
0.018454451
-0.008136277
-0.38875297
-0.080762446
-0.11071426
-0.03502092
-0.11876693
-0.15910828
0.001212039
-0.22578217
0.079235755
0.15129973
-0.07030334
-0.016297832
0.005469318
-0.09090025
-0.09803237
-0.1830416
0.24174638
0.11167924
0.081290446
-0.18473166
0.123759456
0.14155501
0.08388611
0.11960061
0.15824339
0.4474974
-0.2464006
-0.24239045
0.03851822
-0.20491153
0.1295961
-0.0054330183
-0.12381805
-0.10862504
0.115901686
-0.12305227
0.17423028
0.043063454
0.121012546
0.1982878
-0.103403576
-0.0301721
-0.0068502943
0.022864806
0.15862197
-0.18715638
-0.0150470035
-0.14090635
-0.017781442
0.2659457
0.011605481
-0.18328047
0.15256484
0.04739374
-0.15806638
0.18063313
-0.049797792
0.23416345
0.0697764
0.021613155
-0.11431383
0.074350275
0.19782601
0.18308792
0.16129264
-0.26064742
-0.043061107
0.034752484
-0.12964363
0.06377628
-0.14380679
-0.18097375
0.22344656
0.2922347
0.05494966
0.112710744
0.05036531
-0.046483632
-0.32844743
0.2378787
0.017681299
0.11394527
-0.3271703
-0.24792337
-0.074607775
-0.055679265
-0.13974147
0.16745877
-0.077725574
0.034261853
-0.012139131
-0.15488873
0.07026667
-0.040094633
0.15711276
-0.1733755
0.06747102
0.15400316
0.00049157016
-0.12593691
0.12415885
-0.08336366
-0.19256955
-0.24670315
-0.23836657
-0.13918012
0.25574234
0.08078488
0.17933527
-0.21055289
0.17567068
0.060066883
-0.15136808
-0.1674252
-0.2453786
0.049863134
-0.2600841
0.10540882
0.046002187
0.26291084
-0.03626234
0.16699739
0.03308947
0.1304608
-0.175363
-0.16196463
-0.17023133
0.10971874
-0.21211727
0.067042954
-0.042146225
0.0643801
0.20894459
0.2391843
-0.20730855
-0.10784097
0.12638941
-0.14938247
0.007916015
0.124865
0.10486313
-0.10161168
0.038839653
0.21363898
0.28072813
-0.1290341
-0.06489791
0.0037860668
0.04824905
0.026171668
-0.08471069
-0.13854136
0.024818635
-0.15806815
-0.19549385
-0.12434901
0.3178082
0.13027097
0.080274224
0.122113265
-0.09815734
0.14518194
0.06644662
0.16541407
0.068827674
-0.13129108
-0.14278376
0.19172102
-0.093547046
0.09604273
0.171225
0.24034989
0.21991074
0.037184212
0.088680044
-0.08931412
0.24155217
0.016109101
0.011792508
0.12601903
0.100860655
0.20777437
-0.2573346
-0.2813311
0.16478461
-0.20011865
-0.21346328
0.17624806
-0.03400673
-0.27248016
0.025580214
-0.06060188
-0.1939202
-0.07146667
-0.006260682
0.0815407
0.054471366
-0.098671
0.10587757
0.04674015
-0.15653944
0.12933579
0.034989707
-0.4309408
-0.19357124
-0.2013371
0.21112224
0.13406532
-0.1781575
0.18076752
-0.091676615
-0.074117854
0.09144515
-0.15668297
0.054847825
0.03930885
0.030866336
-0.072067074
0.17478596
0.16458486
-0.01972176
-0.038929243
-0.007621139
-0.09682676
0.2586611
0.13332242
-0.009602888
-0.14473262
0.06665259
-0.28701103
0.1472645
-0.10086936
-0.066647656
-0.27677935
-0.18851608
0.16822308
-0.08734791
0.0558514
-0.2077973
-0.11809959
-0.70435256
-0.123405226
0.17174579
0.10386459
-0.047642354
0.015010744
0.0038290806
0.0048330827
-0.23480062
-0.27286607
0.013250961
0.19757983
0.008770846
-0.27955312
0.22789098
0.10535202
-0.07749701
-0.029094987
0.020810433
-0.058837008
0.09663259
0.14979848
-0.39455923
-0.23831446
0.25881886
-0.32607308
-0.1373718
-0.004761983
0.16413999
0.04928902
0.032464508
-0.124670826
-0.16649544
-0.048077337
-0.37751892
0.2080395
-0.2034537
0.13340957
0.065923326
-0.080231756
-0.0050247074
-0.25386927
0.14933509
-0.16997217
0.19808485
-0.13070132
-0.20784333
0.1288674
-0.0660647
0.3111146
0.17180489
-0.09162954
-0.14541456
-0.16653077
-0.16645584
0.1165548
-0.22273
0.004509
0.07113459
-0.22749422
-0.22105746
-0.037557848
0.25941527
-0.20591952
-0.12354345
-0.109312184
0.23271795
-0.27361828
-0.05052396
-0.14519055
-0.11384946
0.21460211
0.19868056
-0.2290942
-0.09232121
0.19596022
0.027419692
-0.018917385
0.09995864
0.12228649
-0.007873593
0.115087144
0.23717818
-0.19228129
0.20253032
0.018436415
-0.18832038
-0.19752733
-0.23536353
-0.1621703
0.1371971
0.073216856
0.070909545
-0.22916605
0.07402355
0.15294765
0.11168228
-0.10626429
-0.01238004
-0.066338845
0.0008278751
-0.14365457
-0.15756276
-0.1838967
-0.19157976
0.06393464
0.017423302
0.08770123
0.083611056
-0.051936
-0.17208429
-0.13566975
-0.30652556
0.019350942
0.21925236
0.12533982
-0.0016482008
-0.21434051
-0.025280189
-0.242289
-0.029713342
-0.10095448
0.14775233
-0.17467126
-0.07179614
0.031695545
0.20490897
-0.02955729
0.036734056
0.1931397
0.093873255
0.043349225
0.1894244
0.062992476
0.035472523
-0.12765503
-0.049696997
0.012559616
-0.008770338
0.14343885
-0.23863208
0.18252547
0.04228395
0.11210909
-0.03845137
0.19102594
0.3392008
-0.11166299
-0.10598103
-0.31625664
0.26506847
-0.1896831
0.24630366
-0.09000395
0.14785208
0.16103393
-0.039239794
-0.08733443
-0.3736721
-0.09706237
0.040887877
-0.20943345
-0.037045386
0.07052965
0.029060803
0.03771297
0.006149068
-0.10530638
0.14869334
0.10900719
-0.088308655
0.28915527
0.24162596
-0.060652576
-0.21315171
0.035940543
-0.16133198
0.27190086
-0.010520232
-0.09494417
-0.09496283
-0.2658659
-0.22169243
-0.2229399
-0.20721982
-0.23091199
-0.085709184
-0.23949662
0.21489835
0.18586372
0.1845952
7.344272e-05
-0.13790046
-0.20328775
-0.011121625
0.057649415
-0.105023116
-0.24359939
0.15268096
0.12829062
0.016051605
-0.06596838
0.051824737
-0.014140967
0.24613859
0.06247437
0.1912119
0.03407457
0.24874134
-0.07883506
-0.014091091
-0.1377675
0.026368037
0.09094269
-0.07239803
-0.031542175
0.19603923
0.040330842
0.001755375
0.013976066
0.005156821
0.021793226
-0.13000357
0.19300939
-0.21583897
-0.014679123
0.2210491
-0.024374148
-0.29153973
-0.028313298
0.13919745
-0.17740735
0.1475503
-0.18084043
-0.093982376
0.18219364
-0.22706385
0.08523898
-0.25573814
0.028815614
0.046644665
-0.17279463
-0.13383025
0.106251225
0.040895537
0.114374585
0.076013684
0.1352805
0.077246316
0.018157452
0.05560631
0.3020987
0.26437885
-0.16416554
0.15754834
-0.038670767
0.04616035
0.18480717
0.015852915
-0.182206
-0.02118434
-0.097203575
-0.025225537
-0.022877786
-0.12012428
-0.15690488
-0.11901617
-0.12428372
0.09351766
0.20762831
0.07363362
0.037887797
-0.09216978
-0.2593125
0.2824018
0.14659542
0.064252034
0.08941729
-0.19850837
-0.2319746
0.02106603
0.16852747
-0.16726285
0.07933036
-0.12214928
0.23334225
0.017708981
-0.27897418
0.02080589
0.07448672
0.10919934
0.12746727
0.006516331
0.17840256
0.23842742
0.018629525
-0.062484264
0.15475436
-0.11897345
0.062417157
-0.0664981
0.004431004
0.1951167
-0.12649505
0.23021407
-0.16102625
0.14116716
-0.012715626
-0.037332177
0.13309428
0.18525663
-0.22756498
0.031307533
0.028662143
0.20365229
-0.04729573
0.09782947
0.016647719
-0.13744923
0.07695064
-0.24115354
-0.01011039
-0.5399812
-0.04679818
0.066735364
0.10500913
0.18512012
-0.065233424
-0.005224948
-0.09895206
-0.07033116
0.20465334
0.19622712
0.18058267
-0.26343018
0.12906605
-0.16898786
-0.021502286
0.12708944
0.079002224
-0.031115904
-0.09584393
0.20322996
-0.20092224
-0.06325184
-0.12639976
-0.19306974
0.05403318
-0.17688036
0.1601169
-0.1526764
-0.0143315755
-0.08476802
-0.32108366
0.18847454
-0.009987853
0.120677695
0.12714104
0.24857935
0.1324542
-0.27020434
0.31171682
0.23093571
0.18261613
0.102179825
0.00573888
-0.17679188
0.17211622
-0.30180293
-0.038822588
-0.1704763
0.09316885
0.084123425
-0.21413878
-0.27979177
0.041317247
0.03887013
-0.13847616
-0.06680673
0.28811973
-0.09660261
0.2608129
0.1685009
-0.026737604
0.09202134
-0.041833673
0.0690159
-0.15936716
-0.024396667
0.30793536
-0.29698712
0.0946869
0.0871565
-0.1616717
-0.17861776
-0.008787261
-0.001755526
0.067852534
-0.55484873
-0.092279986
-0.07217066
-0.12559791
-0.025690755
-0.29586068
0.22457114
0.10389967
-0.047702264
0.31197187
-0.19764517
-0.9647365
-0.1229293
0.20471568
0.07990487
0.03476612
-0.069891155
0.26763722
-0.13525322
-0.23424238
0.13275376
0.052469227
-0.13028166
-0.25018308
0.1213657
0.059074067
-0.08013876
-0.109014906
-0.11370504
-0.25252035
-0.039273005
-0.14224133
0.19595125
-0.14120507
-0.17409308
-0.2075012
0.07462164
-0.07583224
0.28690746
-0.31375462
-0.23675294
-0.020885061
-0.39179188
-0.30129382
0.1955027
-0.01614171
0.16238146
0.0064217453
0.06859094
-0.17679532
-0.15109116
-0.1631405
0.118354164
-0.00743381
0.20307234
-0.15168132
-0.054125078
0.053772874
0.2629526
-0.059926122
0.2245575
-0.12205421
0.013472938
0.16663292
0.09148497
-0.281212
-0.04898832
0.11390351
-0.07344357
0.16828954
-0.03347559
-0.036019724
0.08242617
-0.03198042
-0.09214641
0.04465802
-0.018370416
-0.14012232
-0.0884614
0.007405981
0.01941355
0.19036199
-0.33293676
-0.06778104
-0.011814358
-0.23833068
-0.12390984
-0.13353094
-0.31234142
0.29829168
0.07085725
0.235254
-0.14895049
0.08341882
-0.1824791
0.21224937
-0.1324735
0.19311193
0.06615541
0.2757822
0.17970775
-0.19069412
0.12818402
-0.12915558
0.20625359
0.20247729
0.0
0.2170375
-0.02775271
0.15648156
0.20488839
0.16537234
0.21218449
0.21017875
0.20091458
0.18307151
-0.18193512
0.23876595
0.20319767
-0.0940428
-0.21458274
0.20510197
-0.14337054
-0.038579814
0.240318
-0.06572185
-0.08509815
0.16317913
-0.1350308
-0.020616908
0.08410872
0.14397594
0.12289351
0.28759733
-0.2277949
-0.14131536
-0.014056005
0.29125625
0.18619166
-0.03847337
-0.10110125
-0.13379467
0.060492795
-0.14743327
-0.14942038
-0.02961937
0.19540937
-0.16933954
-0.13965432
0.21536674
0.21229875
0.15723898
-0.11603865
0.2321756
-0.19318563
0.17792769
-0.03198678
-0.010213707
-0.18627253
0.16221438
0.20293455
-0.17980775
-0.17805219
-0.021557093
-0.120961905
-0.03987533
0.123115204
-0.15704702
-0.13356496
0.07061348
0.18803902
-0.09703568
0.097653374
-0.19117458
0.13329266
-0.07759147
0.043169416
-0.051174946
-0.05993115
-0.038466632
-0.06866784
0.119505584
-0.04992809
0.06432142
-0.0586162
-0.062144227
-0.0017184019
-0.07012209
0.21628444
-0.04733503
-0.056795076
-0.06537176
-0.092379086
-0.057606388
-0.09193118
-0.04515478
0.03240985
-0.049707256
-0.065457046
0.04197138
0.042806134
-0.042884354
0.021817287
0.04774663
-0.05368965
0.04970453
0.050342523
-0.08419727
0.026746413
0.17489022
-0.06049635
-0.085787885
0.08394082
-0.032408528
0.06994472
0.060058907
0.1432834
-0.098580524
-0.07025672
0.037551083
0.07419502
0.023275375
0.073750965
0.04693757
0.037570875
0.038145386
-0.11937133
0.061352383
0.05955182
-0.10210769
-0.055181492
-0.045770183
0.06456389
-0.122176856
0.07237714
-0.07064121
0.25063843
0.0914977
0.03009901
-0.08292936
-0.050946847
0.16556488
0.0447124
0.069256045
0.05425148
0.11628977
-0.06845793
0.05979615
0.04253287
-0.022132378
-0.06261221
0.033715148
-0.061368912
0.087890916
-0.1954836
