49
2
80
1
relu
line
1
0
-0.02076757
0.18156926
-0.033109687
0.16361171
-0.014334076
0.156216
-0.040130112
0.049098186
-0.318346
0.0313747
-0.13912873
0.14524885
-0.002195686
0.059008904
0.2398767
0.0063283024
0.06881607
-0.092220515
-0.1879542
-0.015088728
0.04366345
0.069275655
0.0812023
0.09313267
-0.22886238
-0.011727965
0.17943583
0.10566149
-0.1475143
-0.1322844
0.07417019
0.09423322
0.030361729
0.0062348023
0.14460887
-0.074057825
-0.42169237
-0.08073149
-0.24285154
0.29110804
0.31392217
0.1467405
0.18452835
0.4449456
-0.052878797
0.043024275
0.30115652
-0.17707238
0.06708583
0.20894678
-0.018541208
0.14192393
-0.06359282
0.05644264
0.09287897
0.2396345
0.13116862
-0.07788444
0.15715413
-0.048770733
0.046814248
-0.0107574565
0.30713746
0.12433401
-0.7344446
-0.06484761
0.1723289
0.003704864
0.05712514
0.4034449
0.11390447
0.19738987
-0.026255455
-0.0111637525
-0.04193186
0.0517742
0.02225789
0.026170459
-0.08027138
0.023726484
0.21927531
0.40842393
-0.24503767
-0.22643983
0.09159012
-0.23634884
0.24029845
0.002423803
-0.18274783
-0.023263257
0.1381248
-0.0112168
-0.07496065
0.19723547
-0.010239768
-0.17150019
0.16256425
0.057581462
0.07494213
-0.06798597
-0.04458108
-0.19557449
-0.21154274
0.16915622
0.24618454
0.18778087
-0.036281995
0.084664725
0.17505577
-0.04497777
0.17236352
0.027927162
0.010427039
0.038990736
0.2374417
-0.07041185
-0.2395343
0.005156987
-0.12541099
0.20457654
0.11670182
0.1672071
-0.23787254
-0.052022442
0.12169774
0.40747702
0.20982498
-0.11304055
-0.10694313
-0.034589596
-0.10835959
-0.04918314
-0.14633206
0.25944802
-0.009371864
-0.07610856
-0.2524104
-0.21819523
-0.28861794
-0.17594382
0.08862496
0.40433255
-0.3658418
-0.092912674
-0.37140575
0.01921734
0.328487
0.007056033
0.04642826
-0.08463611
-0.05942748
-0.23500639
0.27319175
-0.17468084
0.09753792
-0.113607004
0.06997393
-0.2401145
0.09847367
-0.0706745
-0.1491252
-0.0034706779
0.11872347
0.11607261
0.18499076
-0.3599746
0.006642895
-0.1994232
0.016221792
-0.055910457
-0.09772358
0.19340448
-0.24413598
0.016973438
0.16515042
-0.15399526
0.09847722
-0.04924579
0.14455478
-0.14652571
0.1658183
-0.2418144
0.13346422
-0.12784152
-0.01923558
0.044217397
0.009007187
0.08326699
0.06882311
-0.34530088
0.10517185
-0.2065099
0.24822332
0.112533875
-0.28870603
-0.12153259
0.24713467
-0.46230975
-0.20957662
0.10704479
0.2840051
-0.23549004
-0.05062944
-0.5342577
-0.042612292
0.19228806
0.06813234
-0.0725467
0.0896612
-0.071410194
-0.2468623
0.12641816
0.024755359
-0.2888577
0.17091356
-0.38324302
-0.0807784
0.15716498
-0.1823608
-0.21840493
0.12345233
0.183604
-0.18278013
-0.13472477
-1.3425455
0.06166384
0.09914956
0.29505605
-0.070687585
0.30646163
-0.028243368
0.07488057
-0.24068221
-0.09984245
-0.035623476
0.23159818
-0.0032680954
-0.04519099
-0.18677711
0.19518721
0.17330164
-0.0853166
-0.0147075085
0.23130696
-0.08711476
0.014005215
0.15684901
-0.039855916
-0.2991996
-0.17643446
0.029072713
0.074150726
0.051639706
0.12770773
0.15636985
0.37709945
-0.15368274
0.10185115
0.04428134
0.113087885
0.13229518
-0.077945344
-0.21744752
0.16856411
-0.19150452
0.21778987
0.07100911
0.23707254
-0.11819068
-0.06306402
0.07493161
-0.18682034
0.12907821
0.04726681
-0.2187325
-0.2555224
0.31669524
-0.17304938
-0.41585025
-0.15121627
0.20491634
0.21047582
0.062306084
-0.06387417
-0.08153861
0.25180796
-0.09390298
0.22258894
0.05369956
0.34466496
-0.06255443
-0.021984985
-0.15403955
0.36733088
-0.31674573
-0.009013538
-0.30097905
0.28373167
-0.23332123
-0.16130653
0.22127405
-0.04065142
0.0022875308
0.22256586
-0.2978652
-0.18338752
0.027406847
-0.06750018
-0.11451316
-0.066656135
-0.20941387
-0.3383351
-0.3836343
-0.18291698
0.14870174
0.07011571
0.009649058
-0.2661803
-0.004752156
-0.14593668
-0.0835713
-0.01617767
0.35170677
0.08794282
0.115813546
0.5284363
-0.30787003
0.12627587
0.18272856
0.40125751
-0.05197766
-0.07943884
0.2689382
-0.050976433
-0.2620717
0.24560784
-0.00928434
-0.3434954
0.29152974
0.021714415
0.16187637
0.13952
-0.07459067
0.25775588
0.2898449
-0.14441685
0.06105359
0.16843793
0.3811272
-0.048680086
-0.47430226
-0.15999733
-0.2156414
-0.0044277934
0.35231888
0.12529863
-0.12321559
0.21783096
-0.54533273
-0.14218684
0.23641619
-0.2430352
0.05803149
-0.22026494
0.34249893
0.40824386
-0.34954596
0.07016359
0.0057268925
-0.08584514
0.042190228
-0.07061909
-0.3011887
-0.256892
-0.0767065
0.2432441
-0.33821723
0.095997356
-0.012293696
-0.47086972
0.3855865
-0.05768363
-0.23052384
-0.26638812
-0.25662997
-0.031597413
-0.10245987
-0.016221365
-0.29432994
0.18290527
0.00037701015
-0.02954438
-0.24818756
-0.058685716
0.15417653
0.11358741
0.028763458
0.042661697
-0.2396926
-0.26217487
0.20405154
-0.004592469
-0.43206134
-0.049094312
-0.11300759
0.44038227
-0.2587467
0.10772412
-0.044377446
0.22703135
0.12897605
0.3125857
0.0074209273
0.2745844
-0.23963818
-0.24365216
0.23058347
-0.018310426
-0.18961659
-0.17957105
0.05356566
0.29621297
-0.007549504
-0.09945395
-0.27777064
0.17407495
-0.22615622
-0.16931415
-0.35310504
-0.33967748
-0.43278587
0.2656888
-0.0750988
-0.16181386
0.32844153
0.33132637
-0.25475004
0.110661775
-0.9878189
-0.21728617
0.061196722
0.22836539
0.050393764
0.035281986
0.34124207
-0.18456613
-0.5151634
0.08923403
-0.26615518
-0.2246873
0.2703794
0.30381376
0.0034575122
-0.3342857
-0.088001534
0.10653019
-0.14654663
0.25582576
-0.012373545
-0.49840066
-0.24553053
-0.016503295
-0.61793566
0.07153529
-0.085080266
0.13090292
0.37174526
-0.27037033
-0.090603285
0.06918528
0.12204148
-0.17473824
0.22189052
0.06782095
0.1825566
0.34057552
0.22889286
-0.18114144
0.25736278
0.20498906
0.03594134
-0.044303253
-0.5256471
-0.00038281982
-0.26627132
0.13142477
-0.07731026
0.15756418
0.11849931
-0.14598902
0.033379983
0.090539895
0.06686753
0.24677102
0.05084511
0.08301011
0.23182543
-0.32319835
-0.1530016
0.1257367
0.4007009
0.16336864
0.010892601
-0.01459327
7.88933e-06
-0.06306319
0.44637653
0.26293638
0.0104240775
0.033444908
-0.20001774
-0.29776606
-0.042353317
-0.20499806
-0.50105906
0.036360078
0.18007503
-0.0020256247
0.3629357
-0.2997113
0.077426106
-0.057505853
0.01080621
0.26224527
-0.13836008
0.023948925
0.19566236
0.15388493
0.021827916
-0.18076815
0.21403654
0.016321054
-0.17191632
-0.023949614
-0.2525629
0.32980245
0.3178394
-0.12819697
-0.36765623
-0.23680551
-0.2475565
-0.26903817
0.114174366
-0.040815115
0.16396742
0.32087362
0.2607998
-0.01297219
-0.17521603
-0.25026473
-0.09777183
-0.036539514
-0.2152437
0.087558016
-0.24469575
-0.17658757
-0.075534165
-0.16250448
0.22593395
-0.21306726
-0.501297
-0.09797357
-0.06398736
0.18444122
0.10157565
0.014382122
0.17196955
0.08264159
0.22847155
-0.21079478
-0.06651087
-0.030383138
-0.17970783
-0.016587917
-0.380273
0.057093002
0.08571973
-0.012240803
0.2829332
-0.09791299
-0.003044571
-0.26301166
0.09860791
-0.060472798
-0.4642096
0.028091336
-0.035874385
0.017595885
-0.0065534
0.28654256
-0.10340652
-0.31355923
0.33464733
0.40001178
0.2108075
0.13472094
-0.11391372
-0.15902008
0.0301008
-0.039785642
-0.17944507
-0.22881554
0.16898489
0.22266607
0.19103123
-0.30695218
-0.02641603
-0.16047749
-0.17368156
0.2111619
-0.32206687
0.15132605
0.34136772
0.029675923
-0.13319445
-0.01989302
-0.1691374
0.09354256
0.056576442
0.29119465
-0.07101385
-0.1457223
-0.075572126
0.2625409
-0.5661644
0.17408973
-0.41511348
0.0643356
-0.55054
-0.02300362
-0.14943992
-0.065226555
-0.23260899
-0.24000731
0.10693967
0.36819446
-0.15238152
0.16026078
0.31627864
0.36965284
0.6080175
-0.70242906
-0.24188316
0.48466772
0.3491544
-0.35762894
-0.24331154
0.2880817
-0.12351382
0.18863358
-0.3820077
-0.15443547
0.33100513
0.35937116
-0.29716286
-0.14799277
-0.24296805
-0.082072586
-0.21626921
0.23685005
0.10348826
-0.31298578
0.04530474
0.037216067
0.018479992
-0.027534202
-0.3890583
0.30639258
0.04467333
0.09895066
-0.20570318
-0.19554296
-0.31390542
0.15614934
0.39168885
0.1568234
0.07904147
-0.040301543
0.3065376
-0.19459842
-0.16725002
0.010368693
-0.23114666
-0.06981177
0.06370643
-0.33407676
-0.121007495
0.39152196
-0.012500248
-0.08815566
0.34341046
0.33302692
0.28738156
0.3226616
-0.097922
-0.54957265
0.16858631
-0.1325314
0.48935628
-0.10410971
-0.09923699
-0.40947276
0.11456283
-0.14079824
1.1273504
0.17236969
-0.6427908
0.21650995
-0.021374403
0.031037752
-0.11423495
-0.20249024
0.2595952
0.35155788
0.1816092
-0.13279347
-0.17017457
0.065304816
0.30471534
0.056293447
0.12602441
-1.1412983
-0.046464805
-0.122699514
-0.22185162
-0.13554074
-0.18494053
-0.08369133
0.19575861
-0.165393
-0.35394493
-0.1174657
-0.122519925
0.048114043
0.19639324
-0.04435287
-0.16947226
0.15818413
-9.133413e-05
-0.22125304
-0.007592652
0.048571553
-0.0257624
-0.012229692
0.2850528
0.30973995
-0.26102942
-0.050133098
0.45998874
0.29711106
-0.1517113
-0.0066004354
-0.03773306
-0.28821534
-0.28597003
-0.090666875
-0.119263716
-0.54775214
0.46686086
0.017162735
-0.32319868
-0.104812704
-0.19698352
-0.55838
-0.45675823
-0.20257367
0.3711371
-0.07513938
0.21537963
0.12640165
-0.09894693
0.19817182
0.39450887
-0.019075824
-0.36158866
-0.37175375
0.22212741
0.4463448
-0.17621322
-0.13173562
0.2011713
-0.3070288
0.07804526
0.11118725
-2.1336899
0.07800372
-0.22330174
0.24583954
0.34355545
-0.24111149
0.19402684
-0.33074075
-0.41399774
-0.29821584
0.42139083
0.22711758
-0.17805035
0.38106224
0.12878689
0.35100004
0.080308646
-0.24362443
0.36866915
-0.10609985
0.120843135
-0.24404365
-0.31206
0.034784894
-0.23781547
0.2623862
-0.06071192
0.029140966
-0.16891977
-0.21777219
0.01865285
-0.25461057
0.057367068
-0.07749552
-0.14063406
-0.357905
-0.25528026
0.15913348
0.20129545
-0.27476087
0.0074402164
0.09584734
-0.11483977
-0.3335221
-0.059888884
0.18841976
0.07954102
0.14963445
0.19272707
-0.006366924
0.25799206
-0.04344801
-0.21044512
-0.12937029
0.7803111
-0.18920816
0.1306131
0.42216623
-0.04560577
-0.3129085
-0.16436811
-0.008718325
-0.27618566
-0.2259873
0.38173696
0.28569886
0.29794472
-0.018110957
-0.06265584
0.19465177
0.1279654
-0.010826593
0.18628594
-0.06758005
0.20249438
0.10537045
-0.012400955
0.13858116
-0.06312274
-0.18003896
0.021654276
-0.47114927
0.07954052
0.1683145
0.15648542
-0.03349388
0.03215954
-0.23810157
-0.45102853
0.46930128
0.075300924
-0.04923828
-0.30907986
0.23083663
-0.33770224
0.10943346
0.06650483
0.09815246
0.6055156
-0.30652487
0.061447058
-0.56093174
0.13562731
0.19895919
-0.15868211
-0.03452225
0.05656256
-0.45466426
-0.12132363
0.088547885
0.021148315
0.061064597
0.30028123
0.2025489
-0.5602664
-0.22088331
-0.10364862
-0.304371
0.19610706
0.04400144
0.32342577
0.012050319
-0.065572105
-0.48651576
0.29271263
0.13173673
-0.22282425
0.23845229
0.25908625
-0.19909823
-0.1696688
0.16549312
-0.28462014
0.08682616
1.0181206
-0.7969515
-0.07398939
0.02082586
0.28747055
-0.32216522
-0.046378266
0.07959805
0.58442706
0.018442027
0.33774066
-0.22977686
0.032886837
-0.30554733
-0.0038250063
0.3280661
-0.15193778
-0.27399677
-0.096367374
-0.043146137
0.2326935
0.32412887
0.31943217
-0.1196528
0.68379027
0.23722067
0.060266994
0.21345001
-0.39326316
0.42090264
-0.08454139
-0.13766359
0.1779046
-0.29522467
0.23419888
0.2913473
0.12330019
0.10731612
0.3043344
-0.18257158
-0.28853264
-0.014174332
-0.104343094
-0.43948743
0.2415212
0.22837445
-0.10230264
0.021262871
-0.026617203
0.21037892
-0.1821462
0.6735836
-0.19130564
-0.23150063
0.04439789
-0.0679658
0.08229539
0.2549152
-0.13660972
-0.24705718
-0.19299431
-0.38079813
0.008612012
-0.33207133
-0.08829905
-0.54223776
0.33717585
-0.096805386
-0.12708218
-0.25591454
-0.27425423
0.34596124
-0.3667606
0.041917223
-0.045989916
-0.39703894
0.021799337
-0.07166252
-0.25835115
0.28367043
-0.44845137
-0.6500074
-0.4838347
-0.16804971
-0.007102143
0.01172951
-0.1371648
-0.3175958
-0.29852152
0.2476837
-0.40549475
-0.16871412
-0.034057032
0.11904107
-0.37365583
-0.1639714
0.16423452
-0.21520321
-0.2585518
0.16425906
-0.11421806
-0.085886374
-0.13154364
0.03559659
-0.64284855
-0.19618791
0.084103756
0.06462028
-0.4133727
0.42095566
-0.074034214
0.03758794
-0.13057327
0.20533788
0.3049737
0.030263374
0.12733683
0.11145469
-0.2057899
0.33260307
-0.5534396
0.11373169
0.20766982
-0.1789502
-0.06222535
-0.032272846
0.44076103
0.48508328
0.25859675
0.19093788
0.29096207
-0.7894167
-0.01906549
0.07475565
-0.010589421
-0.028313337
0.05020053
0.26473588
0.07297073
-0.015274127
0.032144636
0.14998399
0.19959103
-0.010601606
0.11150501
-0.24593106
0.021081664
0.08893871
0.37542427
0.24314593
0.24712524
0.11045364
0.34012353
-0.22009845
0.07155355
-0.23445486
0.18631475
0.07564233
-0.21329635
0.0017131217
0.18907505
0.013465205
0.1596486
-0.3353041
-0.052080046
0.017630761
0.04077242
0.12418455
-0.503819
-0.33065033
-0.019958595
-0.24034657
0.18291159
-0.05047504
-0.010278993
-0.05033178
0.04374036
0.116807885
-0.23289554
0.09986628
-0.00803908
-0.04351667
0.059164837
0.2263016
0.19461025
-0.27782708
0.11148613
-0.06837498
-0.03156396
0.18020666
0.13570525
0.08771516
-0.08777274
0.27599415
0.11981679
-0.26465535
-0.05365857
0.13844827
0.19984978
-0.1241159
-0.08500571
-0.06115196
0.14579095
0.22805114
-0.29535946
0.020865021
-0.15488926
-0.06579014
0.034514893
0.21736892
-0.22426257
0.08409445
-0.2595204
-0.24195552
0.12960523
-0.1202963
0.26314095
-0.13481347
0.14190094
0.21631381
0.35368106
0.06837083
-0.015477548
0.1558415
-0.039374
0.18636249
0.017834812
-0.09800528
0.22734159
-0.027560623
0.29025856
0.08226301
-0.19824705
0.017059445
-0.08485458
-0.04013009
-0.06925042
0.050264135
0.33267874
-0.23388079
0.05865571
-0.10626666
-0.13644378
-0.45129013
0.24567322
0.10038237
0.26726633
0.09466218
0.28867897
0.2631885
0.06432473
-0.14470856
-0.015154424
-0.12854242
-0.19336344
0.29429573
-0.023573447
-0.102565
0.12089362
-0.0045041484
-0.25166458
-0.2931471
-0.28600967
0.36451966
-0.019028336
0.26732484
-0.35807303
0.078849934
-0.44163424
-0.2924916
0.06487306
0.20803654
0.31771085
-0.29051304
-0.14286454
0.010629222
-0.33808735
-0.28601784
0.3353079
0.24517958
-0.13265578
-0.30680734
0.14980786
-0.44557515
0.31360254
-0.15028818
0.22697745
-0.1544444
0.14798759
0.06359616
-0.34686667
-0.21677573
-0.39019358
0.19136293
0.12996957
-0.12892836
-0.14570566
-0.73852146
-0.09397963
-0.027367821
0.10273105
0.15767026
-0.33349693
0.072249465
-0.14350253
0.08609543
0.4294036
-0.19869928
-0.47843257
-0.64130807
0.30774358
0.32518575
-0.12517397
0.21219717
0.25303957
0.18111406
0.025722902
0.36318365
-0.45664322
-0.19562164
-0.055855896
-0.046942513
-4.419265e-05
0.19172409
0.104995035
0.06463508
-0.0030098737
-1.4170417
-0.036517445
0.47616333
0.040041316
0.3385265
0.46833715
-0.31739506
0.112518
0.23847196
0.33252758
-0.08738141
-0.24387419
-0.0095711835
0.29011324
0.15964103
0.102848
-0.1693531
-0.31999284
-0.323053
0.9652119
-0.08072997
0.0156249385
-0.059917547
-0.41128105
-0.07877786
0.19652325
0.16238543
-0.24532937
0.12631857
-0.19658686
0.33071023
0.29334533
0.1767518
0.17185606
0.3563076
-0.13456869
0.795507
0.22670554
0.0842769
0.2010651
-0.27658692
0.17140098
-0.11156968
-0.101707935
-0.17443371
0.745874
0.46419227
-0.22266415
-0.41520843
0.1420847
0.17740622
0.028688118
-0.061958153
0.2501443
0.3684109
0.23947416
-0.16025962
-0.01209673
-0.08760665
-0.2943633
-0.0959619
0.17536521
0.078822166
0.1415461
0.24302126
-0.11613298
0.2825138
-0.023742309
0.45762798
-0.05180835
0.24110983
-0.1287769
-0.6320247
-0.27635425
-0.043192804
-0.29087114
-0.24484758
-0.10882059
0.114371724
0.047545146
0.9779031
-0.19384262
-0.09768572
0.121415436
0.08694007
-0.18770799
0.1029232
0.21037237
-0.016557025
0.0040799133
-0.3569063
0.042975053
-0.20057246
0.104034245
-0.23469071
0.14025642
0.047684122
-2.5277777
-0.28023976
-0.10947906
-0.045776613
0.0077483794
-0.06161474
0.10145384
0.059121583
0.13153374
0.030231953
-0.12519656
-0.022193283
0.07229171
0.119713746
0.10855932
-0.0059818765
-0.015601175
0.6127168
-0.018682789
-0.22095127
-0.3928565
0.11014182
0.26125693
-0.038216185
-0.04608888
0.1697146
0.2982308
0.29527894
0.08790711
0.12807484
-0.17050968
-0.07661763
0.08486462
-0.0847871
0.15776537
0.266649
-0.3626843
0.29161415
0.24151921
0.379844
-0.009917008
-0.50285584
-0.34764868
-0.09309541
-0.2714787
0.14098793
-0.48872563
-0.41771176
-0.49724787
-0.0729935
-0.14392565
-0.18983328
-0.2024663
-0.25097725
-0.18412931
-0.0099833775
-0.6775176
-0.042232268
-0.4581472
-0.16127852
-0.22600603
-0.044131394
0.38980207
-0.62004083
-0.22420138
-0.59808326
-0.47681668
0.18075787
-0.118015565
-0.055754464
-0.09067451
-0.17902866
0.26413524
-0.07009709
0.37695745
-0.24811058
-0.01146627
-0.14996842
-0.68583554
0.2286171
-3.9950345
-0.17748877
0.4034463
-0.14549759
0.21198705
-0.026443891
0.3497567
0.06845092
0.15521424
-0.24622647
-0.1597511
0.15583433
-0.40513507
0.23436409
0.16758947
-0.22538324
0.20223849
0.07207111
0.039826673
0.1987741
-0.2590301
0.091489665
0.15783495
-0.21269009
0.16069189
-0.18886566
-0.15695596
-0.845321
-0.41143063
0.23282573
0.21067044
0.16540456
-0.28133893
0.44047254
0.44957605
0.3711289
0.1833432
-0.18654284
-0.29272082
-0.1451879
-0.0965708
-0.37104106
0.5074621
-0.1423276
-0.70140934
0.16047873
-0.18945068
-0.07790028
-0.0885105
-0.17817692
-0.39343986
0.017914034
-0.16100521
-0.1727816
0.026285913
-0.11083821
-0.5976936
0.74429244
0.41190904
0.27731097
0.24182056
-0.10426797
-0.077300146
-0.16595538
-0.86437196
-0.12553398
-0.36818045
0.12059367
0.11377776
-0.5400459
-0.053032376
0.14761406
0.2662909
0.35558987
0.3425207
-0.22484167
0.23225333
-0.123865806
-0.002211891
-0.21043946
0.5452466
-0.1609845
0.1637372
0.23509747
-0.47833893
0.14286114
0.3475379
-0.23582998
-0.20523013
-0.13355099
0.0823641
0.14604306
0.015631063
0.40445688
0.2874169
0.13232271
-0.2416031
-0.15781097
0.14033678
0.052894015
0.22955067
-0.2935307
-0.12442301
-0.39906895
0.3606071
-0.22871283
0.22427383
0.21573476
-0.20113404
-0.08786223
0.015442729
-0.23673955
-0.034242447
-0.17897639
-0.022339126
-0.5712971
-0.36114457
-0.37580207
0.05323386
-0.02248213
0.39161527
0.49950382
-0.16998897
0.36382437
-2.1388464
-0.34460214
-0.13117501
0.457121
0.38967955
-0.30972236
0.4819502
0.057628367
-0.051529188
0.1257305
-0.36511296
0.24075906
-0.41677046
-0.2781355
-0.7993544
0.15617612
-0.52746934
-0.574823
-0.29433823
0.013110252
0.1648133
0.12665047
0.0951359
0.2151417
0.009810219
0.58725786
-0.41388533
0.33258486
-0.23185721
0.3602833
0.119720794
0.41981918
0.11319182
-0.6324329
0.08100327
-0.037298847
0.15201287
-0.07788658
-0.054457005
0.323637
0.5235525
0.37441045
0.06645854
0.50589556
0.2595278
-0.15381922
0.23180018
0.2698308
0.29966187
-0.24478488
-0.37561125
0.59883255
-0.3179926
0.04071258
0.025981376
-0.17578603
-0.05930265
0.06365279
0.14043967
-0.38883987
0.026169926
-0.19146425
-0.34000203
-0.2924681
-0.24134812
-0.10486818
-0.34152704
0.1004583
-0.012394463
0.04987582
0.05709967
0.18094797
0.06445472
0.22058298
0.35329363
0.3044999
0.28594092
-0.35611218
0.17811508
0.16997129
0.2802547
0.20090187
0.22757547
0.12578213
-0.07633091
-0.006872607
-0.40233237
-0.3953868
0.21034965
0.23997176
0.12020572
-0.01097087
0.037226167
0.023540938
0.441605
0.11586869
0.14397547
0.18412256
0.44800553
-0.2698375
0.016488316
0.18084347
0.20246653
-0.044573307
-0.022799972
0.21023864
-0.033312872
0.07567948
-0.3062494
-0.017477248
0.11697404
-0.147063
0.040364865
0.084103025
0.18678668
0.36985633
0.031436782
0.21522436
0.33358064
0.0737224
-0.171983
-0.1392423
0.023342459
-0.21088274
0.25627828
0.23873183
0.09849152
0.18821825
0.12602751
-0.3055961
0.053037338
0.112593874
-0.17849617
0.12973528
-0.04086718
0.24110828
0.39690918
-0.45752558
-0.10739507
-0.03713515
0.2917829
0.13344094
0.13772446
-0.07248687
0.092226624
-0.09521271
-0.34765148
-0.2157303
-0.28797868
-0.27196956
-0.015115326
0.08060802
0.15397528
-0.124526165
0.26102087
-0.033904195
-0.01640336
-0.096380696
-0.26411346
0.066132665
0.24530448
0.14627124
0.19486947
0.14301829
-0.31945732
-0.23381771
0.2511992
0.16654323
0.034837272
-0.040460505
0.15066485
-0.3354289
-0.15332174
-0.19418012
-0.031672828
-0.22527021
0.20043625
0.13979146
0.120642304
-0.35023686
0.22057901
-0.29020962
0.15592045
-0.31515968
0.114042364
0.0030152958
0.09957087
-0.11426362
-0.15933307
0.009808346
0.16810915
0.14123534
-0.053934064
0.27354425
-0.10522869
0.20027922
0.18148871
0.077542365
0.27419567
0.01604627
-0.17614423
-0.41597024
-0.49961343
0.092353284
-0.039517134
-0.05162552
-0.06133174
0.26624042
-0.26850888
0.12946694
-0.039387643
0.27966347
0.043414064
0.24630162
0.21620946
-0.18760869
-0.08556372
-0.15082444
-0.13908388
0.18775842
-0.12850048
-0.17171295
-0.22180058
0.08301033
-0.14394507
-0.05321933
-0.24867426
-0.24411885
0.09504015
-0.5143909
-0.1383008
-0.32945815
-0.10935096
-0.40146205
-0.20270398
0.22939757
0.27932334
0.38876337
0.1440533
0.30699793
-0.44634846
-0.14905122
0.13554022
-0.24884848
-0.36145788
0.08732204
0.11020898
-0.3240269
-0.040474843
-0.14480002
-0.24431728
0.09044576
-0.0069712363
0.26018408
0.5396025
-0.031176664
0.19179067
-0.28572538
-0.35098675
-0.24390621
-0.28796145
0.13843778
0.10099324
0.26068395
0.22729965
-0.28998995
0.08488139
0.27266604
-0.31430903
-0.35849804
-0.3429601
0.37547794
0.35068613
0.037212696
-0.023340177
-0.22887646
-0.03784346
0.13831407
-0.20228606
-0.0075037903
-0.4200517
0.18487516
-0.15152578
0.10007443
0.00200649
0.15001416
-0.03276974
-0.038766526
0.30404785
-0.24693328
-0.35634938
-0.103479624
-0.22490983
0.2467896
0.1394844
-0.25719488
-0.057245597
0.27197304
-0.050650433
0.6211223
0.21413377
0.10032357
-0.09888703
0.082318924
-0.18686427
0.46214417
0.2016199
-0.09286951
-0.22462101
0.3794676
-0.3886399
0.38555926
0.18341926
0.4208222
-0.1359174
0.35550857
-0.23443915
0.1682758
0.16790769
-0.01945435
0.32266837
-0.18861705
0.13637888
-0.30986226
0.15090092
-0.25440705
0.033397857
0.18847607
-0.14040056
-0.19420381
0.3532786
1.1297615
0.05422777
0.24631147
-0.31790298
0.29762474
-0.37738785
0.07695091
-0.15112357
-1.123249
-0.07836722
0.017156728
0.11032019
-0.21799974
0.21749632
0.036220424
0.18079259
-0.18367459
0.23821019
0.22729132
-0.11901363
-0.099622704
-0.2662757
-0.18745409
-1.0016338
0.17780426
-0.39586794
-0.3455303
-0.54467225
0.52142036
-0.19672532
0.08377385
-0.10152838
-0.5189595
0.060858093
-0.14789997
0.44173717
-0.18192066
-0.05740147
0.10261359
0.2359222
0.17736174
0.10945235
0.1257675
-0.063199066
-0.32260057
-0.06778158
0.07065996
0.14233683
-0.21193253
0.20979927
-0.5642315
-0.09865785
0.13744412
0.14506586
0.053129453
-0.17534307
0.31197667
-0.297484
0.15844995
0.13498475
-0.07149678
0.105004825
0.30171394
-0.16676469
0.19640118
0.0758885
-0.2641623
-0.09008744
0.0062701697
0.48550966
0.3219801
0.13287418
-0.32302907
0.31893122
-0.1904918
-0.18003267
0.25100264
-0.033588786
-0.32545778
0.021948816
0.48251888
-0.066858575
0.002880018
-0.14153416
-0.16898844
-0.05792392
0.14517899
0.18862388
-0.7702986
-0.3390711
-0.25056455
0.20260032
-0.056931492
-0.15383086
-0.16039005
-0.31107455
-0.43504637
-0.187496
-0.05106645
0.32004488
-0.019493697
0.15347925
0.21312393
-0.4652025
0.27897975
-0.008898327
0.035420924
-0.22438015
-0.22129507
0.21904933
-0.45656234
0.2200393
-0.3767917
0.088499546
-0.25827995
0.034835435
-0.25016665
-0.3543723
0.45294473
-0.07316382
0.011832262
0.1278021
-0.18590938
-0.3165593
0.6718516
-0.123042665
0.15730996
-0.0043043364
-0.20203981
0.20959535
0.15890741
0.073839515
-0.28447375
0.1640184
-0.017199565
-0.01357466
0.120098576
-0.023540072
0.030444827
0.10906287
0.057079438
0.28517672
0.0122425975
-0.14448173
0.07373245
-0.14387015
0.25355628
-0.36582872
-0.23620611
0.21166141
0.3520532
0.16074418
0.054234467
0.30451098
0.14786033
-0.4651999
-0.26707074
0.019162586
0.3365043
-0.033539634
0.3456482
0.20960654
0.6738747
0.6728443
0.17623617
0.59856313
0.021798236
-0.24065237
-0.022715766
0.5498181
0.057518143
0.18318368
-0.12253512
-0.35455975
-0.0034545776
0.5640951
0.16016985
0.09919411
-0.1201466
0.170755
-0.43002653
-0.1139626
0.41731104
-0.48871928
-0.081480384
0.039349522
-0.003765583
-0.14732727
0.06850902
-0.14784789
0.043097273
0.080511816
0.20466834
-0.049233146
0.10744867
0.03545916
-0.24554878
-0.057007328
-0.011910613
0.28645793
-0.6829863
0.1067756
0.06485198
0.18747754
0.1511439
0.17091253
-0.35397348
-0.4331764
-0.3186249
0.1420299
-0.034307186
-0.24095765
-0.898976
-0.13314293
0.02175931
-0.30601192
0.04632013
-0.3309974
-0.022467082
-0.18801425
-0.78666764
0.054132957
-0.4359497
-0.09994331
-0.24287009
0.27528697
-0.1612332
0.036868382
0.29450744
0.27992156
0.14396454
0.4472514
-0.18032935
-0.2427668
-0.29222265
0.15228766
0.2591228
-0.037001256
0.21304506
0.24486953
-0.17689547
-0.054247554
-0.46466434
-1.4878755
-0.0701622
-1.367346
-0.2758859
-0.2087609
-0.3112865
0.20011553
-0.210292
-0.4685365
0.3005566
0.44798762
0.3084863
-0.39437163
0.28256345
-0.3272142
0.062103998
-0.09013943
0.2143536
0.06455202
-0.51199937
0.08354823
-0.39348933
-0.13928589
-0.25563267
-0.15520895
-0.10662658
0.11707096
0.34961236
0.35521483
0.35115182
0.14925034
0.18294
-0.059275784
0.41847116
0.10827501
-0.4376775
-0.0060102586
0.09107068
-0.2813649
-0.1597562
0.030403411
-0.087795
0.060679488
0.21259779
-0.39737406
-0.37414533
0.05204479
0.19835033
-0.2707844
-0.01966465
-0.09612074
0.15107654
-0.34266585
0.28550074
-0.33165598
0.091267765
-0.15713903
0.4547466
-0.14538921
0.109712616
-0.06612751
-0.0341544
0.054131564
-0.32320872
0.29221332
0.12538822
-1.1783503
-0.028559199
-0.22645788
0.16499348
-0.22993699
0.2285753
-0.074017964
-0.32460552
-0.040288895
-0.47162125
0.34390095
0.31498525
-0.20004766
0.10481808
0.48039857
-0.17910865
-0.21181637
0.11681403
0.08488146
0.049795374
-0.15977617
0.19986665
0.051356073
-0.268
-0.25258687
-0.28582826
0.018246362
-0.039592434
0.12939218
0.22953364
-0.15795848
0.29260027
0.04884531
-0.29067668
0.15658803
0.22918122
0.0067728073
-0.33180863
-0.23465113
-0.13737915
-0.017478513
0.2550359
0.054995872
-0.19742125
-0.04675846
0.07592703
0.04408755
0.13309386
-0.03394956
-0.36368495
0.033537664
0.031187268
0.06737563
0.081214204
-0.21764198
0.39376906
0.40834177
-0.22368415
0.074367434
-0.13534318
0.23380105
0.18109195
-0.11529246
-0.34188426
0.1104232
-0.14918514
-0.29543695
-0.17381339
-0.31757772
-0.1890112
-0.4473605
0.19965895
-0.08811855
-0.10809573
-0.087314345
0.38095793
-0.04331612
0.17482865
0.020503879
-0.39833274
0.070207745
0.15820721
0.012243684
-0.12846956
0.090619035
-0.038272694
0.0074815596
-0.07387577
0.17382024
0.21457693
0.061179698
-0.2857692
-0.15455608
0.008971205
-0.13956542
0.26075223
-0.5178672
-0.1049697
-0.041933894
-0.3016449
-0.31710827
0.005421945
-0.097838506
0.14781843
-0.28138942
-0.2207863
-0.1584314
0.119229674
-0.23460127
0.20046487
0.13289106
0.06331641
-0.09097512
0.3169937
0.20382698
-0.21087839
0.21710138
-0.15610348
0.60266495
0.17653923
-0.044212162
0.008211976
0.20548947
0.07811999
-0.37310576
0.057605654
-0.008931445
-0.16861944
0.160887
-0.065078855
-0.2674373
-0.26863095
-0.4134183
0.25811988
0.10128719
-0.038761765
0.07222737
-0.2170777
0.22921938
-0.013953558
0.13063686
-0.13371328
0.10149771
0.17475376
-0.34208214
-0.2623283
0.12447849
0.14734957
-0.14967985
-0.06753301
-0.28073773
0.14675204
-0.046437014
-0.016265247
0.24991359
-0.13243172
0.18290754
0.13245049
0.06315181
0.1991698
-0.022076538
-0.5331863
0.19774798
0.21675777
-0.3066539
-0.34200323
0.3145986
-0.418807
-0.18930897
-0.2948291
-0.19422562
-0.25312132
0.554014
0.15100396
0.37694594
0.20548853
0.7501289
-0.01622802
0.07901362
-0.22104271
-0.080762304
0.11548993
0.24944252
-0.21232735
0.14239487
-0.11435038
-0.0013634928
0.32540196
-0.18810546
-0.11194579
-0.21539953
0.35286075
0.62303567
0.1930758
0.73440856
0.189815
0.58265775
0.13489914
0.012604215
-0.4279405
0.02615336
0.0058965394
-2.6164331
-0.14702876
0.14738537
0.20592687
-0.10405067
0.048940606
0.17156066
-0.13973328
-0.18676503
0.30800357
-0.15990092
0.58540404
-0.33628267
-0.35424566
-0.3395796
-0.33665004
0.14542472
0.25857762
-0.3667645
-0.06643727
-0.03604421
0.10943031
-0.25559723
-0.34133613
-0.0023660362
-0.6883807
0.18344083
-0.20708674
-0.0054662977
0.14176685
0.21098666
-0.19463141
0.23024659
0.1332438
0.5577014
0.41388205
-0.28560597
0.075083196
0.30566096
0.25874484
0.26178715
-0.011531176
0.41407943
0.10581414
-0.006149765
-0.12291474
0.26095745
0.24319986
-0.09335776
-0.36612603
-0.046926353
-0.09676635
0.58098924
0.0929648
-0.548382
0.50784075
0.39378634
-0.035701804
-0.0336307
-0.12459133
-0.19901572
0.42309856
0.009514914
-0.11014304
0.06812748
-0.3327655
-0.15035637
-0.100421645
-0.2849594
-0.33834776
-1.2144407
-0.050072506
-0.3407972
0.2773114
-0.120482184
-0.122870654
0.12466542
-0.18960926
-0.10531237
-0.014881832
-0.7013984
0.23191893
-0.34082747
-0.2278713
-0.2673205
-0.06994975
0.30616182
-0.10820466
0.12985016
0.0483925
-0.054743357
-0.2207934
-0.4944977
-0.056279767
0.071242124
0.10438503
0.26549146
0.20010115
-0.13263509
0.10695451
0.048063934
-0.099304475
0.4199768
-0.06621216
-0.12461041
0.1278378
0.14647196
0.25123838
0.24169146
0.20170188
0.61204445
0.052607477
0.0633151
0.11514547
0.038521916
-0.350221
-0.030510524
-0.3001023
-0.13784403
0.24039356
-0.02918716
-0.027492305
0.09459058
-0.019930165
-0.25046656
0.028170964
0.32828093
-0.51434886
0.33702508
-0.57000345
-0.31458753
-0.27807975
0.12897576
-0.13213524
-0.3105556
0.11034888
0.41579223
-0.2961876
0.22712614
0.21991083
0.10971252
-0.21038768
-0.14573494
0.047947653
0.12619625
-0.37708384
-0.25629687
-0.4454217
0.14232123
0.013718215
-0.13240297
0.13968071
-1.9332749
-0.13279876
-0.25378263
0.1850222
-0.4393531
0.2708896
0.21934862
0.053665724
0.32579127
0.012109256
-0.32392222
0.2311258
0.21444249
-0.13650051
-0.27568364
-0.017440293
0.06488442
-0.3367478
-0.0411558
-0.39187592
0.08047997
0.3854961
-0.01746614
-0.004722415
0.29223776
-0.2695358
0.22452687
0.20391077
0.010611504
-0.8576269
-0.15790553
-0.15564385
0.21069238
-0.10844056
0.31820875
-0.10264709
-1.0558612
-0.3228146
-0.05904637
0.37078875
0.38171345
0.58777726
0.5735756
-0.20672143
0.08338837
-0.25865823
-0.2541948
0.14543974
-0.34429443
0.115702115
0.19677088
-0.07446664
-0.07282691
-0.8358755
-0.10346025
-0.30327594
0.20058429
-0.16795431
-0.26963398
-0.3545194
-0.19491395
-0.17061293
-0.12038867
-0.095557496
-0.104447305
0.34585768
0.08538947
0.08168618
-0.0037026005
-0.07696992
-0.13642609
-0.71371996
0.34796345
-0.20059556
-0.33296838
0.08167575
0.27769887
-0.13702476
-0.49554747
0.32742557
0.57922125
-0.18356588
-0.022542952
-0.25082833
0.11145948
0.23137452
-0.1349319
0.17575157
0.099923655
0.0071714236
-1.209571
-0.056570303
0.0072276206
-0.1422691
0.29861334
-0.44411603
0.06926255
-0.13236573
0.06059633
0.10176341
0.1815578
0.07967177
0.28006417
-0.2326327
-0.073352195
-0.12648149
-0.34119067
-0.101924494
-0.18576396
-0.30150357
-0.24427874
0.20449239
-0.019526243
-0.19436896
-0.22876517
0.21907824
-0.44471836
-0.9949592
0.92716795
-0.43126467
0.1313889
-0.5623556
0.026583942
-0.16014454
-0.25916186
0.27856845
0.24822791
-0.20580491
0.22330804
0.33700684
0.46681002
0.033196874
0.43385804
-1.1045861
0.2401981
-0.21807057
0.17389557
0.085899204
0.44508383
-0.48213214
-0.32623288
0.07759855
0.12746465
-0.55116165
-0.23220605
0.2474946
-0.22363421
0.4393869
-0.2966221
0.28661117
0.18731485
0.27706143
0.12074915
0.38821986
0.19039498
0.28762886
-0.14177239
-0.16168194
-0.059458967
-0.014380979
0.11626598
-0.2788301
0.2259732
0.22705242
0.13173844
-0.15181859
-0.51483893
0.39957598
0.22039145
-0.0059962263
0.5912866
0.021099186
0.036713667
0.34482655
-0.12862936
-0.19100347
-0.109259054
0.33269775
0.2420524
0.18936816
0.27385443
0.12615661
-0.28491974
0.027146276
-0.6273523
-0.14183082
0.22305107
0.33710095
0.3202668
0.3187076
0.2037065
0.24034832
-0.17200598
0.1496077
0.19481796
0.21589735
0.15096426
-0.17562592
-0.3842688
-0.016731923
-0.34163803
-0.13953888
0.04002072
-0.11009453
-0.1294352
-0.34813923
-0.3525329
-0.2099425
-0.49821454
-0.029201178
0.006003208
0.22255383
-0.13610692
0.4223007
-0.15415911
-0.18654905
-0.11157887
-0.06256885
0.2128883
0.24977228
0.13956606
-0.11958121
-0.07594467
-0.033618912
0.0025835412
-0.16975234
0.0008387948
-0.24286823
-0.25093544
-0.07713942
0.25817695
-0.16875884
-0.67654836
0.1331077
-0.23926479
-0.107273206
0.05334954
-0.0074338545
0.29785225
-0.11661751
0.10634903
0.27101544
0.22948484
-0.012886137
0.0092643695
-0.20475605
-0.083549
-0.13845587
-0.13350967
0.16384931
-0.3772517
0.017667517
0.31682062
0.28245258
0.04661035
0.116234
-0.14301887
-0.3622275
0.124864124
-0.4599937
-0.042242043
-0.19255891
0.016891254
0.39413676
-0.3665229
-0.3818664
0.16705902
0.27699506
-0.12517355
0.14758384
0.3222233
-0.35951576
-0.021139681
-0.09946572
-0.2662761
-0.16974936
-0.013834699
0.2617908
0.07586341
0.006531378
0.2318842
0.06840441
-0.1757958
-0.012749695
-0.011299934
0.21944536
0.13927782
-0.12150214
-0.05900627
-0.029310673
-0.117309466
0.25565743
-0.13363558
-0.28679216
-0.17693067
0.16301773
0.03836974
-0.015728028
-0.020492379
0.25589418
-0.09487402
-0.13129172
-1.2028493
0.19380109
0.028968792
0.076740235
0.30421814
-0.15317243
-0.43290642
0.30615783
-0.13949947
0.0861564
0.16412899
0.039549425
0.16270019
0.31219855
0.09478662
-0.23643996
-0.3023724
0.036611795
-0.9231408
-0.31555706
0.06367741
-0.25131404
-0.59989166
0.43448815
0.040878408
0.33361036
-0.79159904
-0.40255776
0.12079802
-0.10261148
-0.28342706
-0.037616458
-0.28602424
0.062357955
0.38509578
-0.0741947
0.0897619
0.10110489
-0.03928988
0.2812598
0.15338582
-0.3306945
-0.009169799
-0.3719319
-0.18096463
0.31330648
0.19570753
0.119712494
0.0115244305
-0.39848173
-0.08344188
-0.19632332
-0.110650204
0.17844607
-0.3507766
0.3284386
0.23265286
0.105436996
-0.3934315
0.12971626
-0.062456094
-0.22654429
0.32268795
-0.080916494
0.12025682
-0.27299213
-0.03710158
0.041950148
0.22622296
-0.2875533
-0.06880114
-0.23971951
0.24033651
-1.3174484
0.13335855
-0.33729935
0.35599643
0.31695816
-0.2301613
-0.052413885
0.19494878
-0.03583308
-0.21063669
-0.25646797
0.27886057
-0.08328317
-0.08379943
-0.13476348
-0.07449176
0.36452106
-0.10753179
0.3816165
-0.21249017
0.36003655
-0.55435824
0.43569824
0.114869125
-0.16691272
-0.14976996
-0.0037801703
0.0118430685
0.14989111
-0.5433489
-0.014163329
-0.1892014
0.19225718
1.3049029
0.043941323
0.27954283
0.21194145
-0.5860447
0.1385758
0.33742929
-0.3629882
0.097161725
0.14085433
-0.00585356
-0.05625913
0.18393417
0.07431139
-0.22146927
0.09139969
-0.41148487
0.12955673
-0.57622933
0.378317
-0.30042475
-0.06624202
-0.35604772
-0.80853033
-0.22184563
-0.22462869
-0.05253504
0.027070636
-0.26668775
-0.39586708
-0.42613727
0.09750321
-0.30830935
-0.03809207
-0.16147453
-0.16822034
-0.3274078
0.11688913
-0.31803036
0.06922014
0.2539215
0.3493789
-0.20687655
-0.014065268
-0.11988399
0.12744458
0.20605718
0.06796314
0.16106784
-0.1704713
0.11141649
0.014822599
-0.7619958
0.26015592
-0.061600752
-0.12185665
-0.18694964
-0.31003883
0.21416132
0.06700446
0.109589845
0.45254675
0.31594506
0.1499469
0.022986904
0.32179758
0.13942508
-0.10565412
-0.42818424
0.0038066278
0.47341067
-0.19511765
-0.10976707
0.33058158
0.06301536
0.12217176
-0.07920175
-0.10088328
0.4095798
0.22811814
-0.028660428
0.22186041
0.43354493
-0.21527383
-0.43753475
0.13754342
0.18304092
-0.5275591
0.13908784
0.092312895
0.09460906
0.08946419
-0.12888244
-0.3567571
0.18046182
0.107695416
-0.31259522
0.29158866
-0.34697413
0.28794268
-0.2219082
0.57724
-0.23330238
-0.70858216
0.16971669
-0.18579157
-0.06090086
0.25804386
0.044559743
-0.24692142
-0.31641927
-0.0067835962
-0.086562194
-0.059917256
0.047923353
-0.41601685
0.44789618
-0.028287323
-0.33754507
0.059696462
0.31408602
0.32665795
-0.022835454
-0.30946374
0.16267288
-0.43266836
0.26538047
0.093090385
-0.09050744
-0.47809514
-0.028121801
0.16322769
-1.4168489
-0.1616889
-0.22546358
0.2735154
-0.025116798
0.17827247
0.012577303
0.3591225
0.3646328
0.097869016
0.37580776
0.4500517
-0.26831713
0.014738934
0.024255466
-0.2918063
-0.4010205
0.21663843
0.06108015
0.17405897
-0.053434122
-0.500529
0.091595545
-0.2583724
-0.026523681
0.108749874
0.20751451
-0.24152292
-0.02645846
0.4516541
0.01930752
-0.347954
-0.12340984
0.45499235
-0.0030661847
-0.38547957
-0.18981124
0.4163158
0.0009572732
0.3926323
0.3080192
-0.1710361
0.14203337
-0.09999197
-0.376667
0.12153411
-0.39978963
0.3382759
-0.2044293
-0.028788663
0.15134136
-0.17748128
-0.13591214
-0.3160316
-0.32230344
0.1222468
0.6032639
-0.623494
-0.49088776
0.23626779
-0.39301366
0.07956137
0.39821613
-0.10907887
0.31131288
0.10157139
-0.4312863
-0.3610858
0.040841956
-0.29395616
-0.17244942
-0.15860613
0.10984654
-0.3230796
0.1843071
0.5542922
-0.1549519
-0.01039461
-0.07250645
-0.05918588
-0.17908403
0.14641696
0.29623163
-0.319457
-0.22971545
0.11239103
-0.25604624
0.039406408
0.073065065
0.4957721
0.3106796
-0.25269002
-0.18544506
0.36473072
0.10956194
0.25272858
-0.34222916
0.3863376
0.15740778
0.29307902
-0.3377998
0.16671845
0.22566633
-0.09493309
0.18803819
-0.06370959
-0.04191785
0.113199145
0.09617024
0.3222419
0.33898377
-0.17487353
0.29477358
-0.23613347
0.3918274
-0.17854862
0.1619273
0.15884565
-0.09374272
0.18713225
0.16941136
-0.03612731
-0.082591765
-0.047926147
-0.19652013
0.18216433
-0.0691426
0.3648964
-0.077439755
-0.67801833
-0.07232542
0.33589914
0.08460456
-0.12598264
0.08352303
-0.0867965
0.035180524
-0.580405
-0.26600203
-0.029558722
-0.21063541
-0.16347462
0.06094429
-0.41715148
0.11148249
0.17239554
-0.43021223
-0.16515058
0.29690516
-0.013401854
0.45202208
0.06616731
0.49696174
0.220083
0.32779837
0.25733158
-0.11762753
0.08373661
0.23452856
-0.4791744
-0.15725589
0.23131274
-0.3328146
-0.1436721
0.03043011
0.4378406
0.20857856
0.3279443
0.6330236
-0.05573476
0.43871883
-0.61266935
-0.10447678
0.034650583
0.058002397
-0.33291548
0.20434913
0.20316195
0.2645304
0.056518644
-0.37697488
0.12035162
-0.19289276
-0.08655253
0.33428577
-0.19639017
-0.339724
0.17648406
-0.6208618
-0.05491786
-0.7566611
-0.3211123
-0.106617086
0.077510305
-0.013780225
0.010535873
-0.066179425
0.18405643
-0.23164178
-0.119066
0.12247799
-0.16359693
-0.107162625
0.42820457
-0.08691262
-0.06372174
0.03320376
0.2649415
0.018183202
-1.1596195
0.32699826
-0.032847207
0.24923256
-0.24541847
0.060654197
-0.22481494
0.26668605
0.4247982
-0.2319764
-0.18708754
0.25349182
0.25948066
-0.2137152
0.072560504
0.08899893
0.056738127
-0.22939582
0.102864474
-0.26648915
-0.16192871
0.20056675
-0.058877066
0.01585412
0.16893388
-0.24986346
-0.23678853
0.25221792
0.19127876
-0.08873955
0.34199986
-0.24013479
0.24810965
0.020623298
-0.30637807
0.18207398
0.31755498
0.12675597
-0.3328099
0.22019778
-0.11073294
0.31630132
-0.5355906
-0.19734067
0.22211422
-0.2559457
-0.02150759
0.20774679
0.19643953
0.19477457
0.20560266
-0.019127807
0.016869273
-0.043284804
-0.2680516
-0.3803685
-0.23032154
-0.06650254
-0.061580755
0.012135125
0.12455085
-0.3908328
-0.3528298
0.1781295
0.0015319245
0.18009171
0.19018997
0.27290535
-0.1071748
0.1966056
0.02310136
0.05735165
0.042096127
0.36598635
-0.11536624
-0.26160133
0.2601884
0.028890556
0.107161306
0.3130001
-0.26067778
-0.11208728
0.019034795
0.32233652
0.53306085
0.1982975
0.09100841
0.090479836
0.08419982
0.16844018
-0.27733424
0.2469586
0.0855436
-0.122632205
-0.04426124
-0.13959931
0.17899927
0.0043766624
0.11976559
-0.040035583
-0.19613782
0.21149059
0.14489597
0.04751341
0.27413493
0.0023974248
0.50431174
0.26517498
0.051605828
-0.0071305963
0.22213933
-0.17255957
0.07946792
0.5119057
0.28531954
-0.17481294
-0.01300608
0.09327773
0.20131437
0.07289891
-0.12902406
-0.23367435
-0.019780077
0.39379966
0.23463981
-0.24453242
-0.12043735
0.0049538645
-0.2902876
-0.10367905
0.042485192
0.25926906
0.10067577
-0.048727542
-0.28633925
0.22350878
-0.1888816
0.058389027
-0.08873348
-0.9277983
-0.34013006
0.18915638
-0.22671822
0.1882162
0.06388505
0.2586644
0.116600774
-0.12650296
0.027513128
0.07652589
0.15814064
0.08428812
0.06056273
0.21396486
0.081753634
-0.30218247
0.08943683
-0.030832443
0.22209457
-0.035812795
0.12234839
0.03337604
0.16369112
-0.3305515
0.061711106
0.058955833
0.18141209
0.41527852
-0.043758113
-0.18983336
-0.08705495
0.26765302
-0.18115628
-0.19033907
0.19530328
0.07432332
0.21589069
0.19764598
0.059431925
-0.33031896
0.050743885
0.2853259
-0.054727774
0.16950211
-0.17090504
0.10858552
-0.3034216
-0.08576467
0.113476664
-0.14291215
0.070695594
0.17877765
-0.13062128
-0.81966394
-0.09361462
0.14988132
0.1540915
0.05940193
-0.10664938
0.06360619
-0.27875778
0.007305721
0.1287776
-0.15407406
-0.32785413
-0.17346813
0.104453765
-0.20635143
0.26774192
-0.0400618
-0.17274302
-0.33716896
-0.08296572
0.15306893
-0.23743227
0.34163597
-0.07857498
-0.18723334
-0.0707775
-0.3264126
-0.1862195
-0.1807782
-0.024910599
-0.37251008
-0.11243117
0.23935488
0.22444092
-0.3713328
-0.30815166
0.36332425
-0.26875317
0.20678678
-0.16492012
0.28915945
0.09247339
0.015810883
-0.16628626
0.2519555
0.10579278
-0.2068922
-0.2954152
0.1419255
0.0273502
0.023909777
0.11251877
0.057683114
-0.12179591
-0.086933024
-0.012104467
-0.13118617
0.20109594
-0.28978017
-0.2775566
-0.17130208
0.30071512
-0.3206967
0.27461007
0.13076086
-0.053766657
-0.008425866
0.04476135
0.01380024
-0.29924992
-0.3060591
-0.16260721
-0.259656
-0.33758864
-0.11378149
0.2333815
-0.032059163
-0.07151087
0.08010149
-0.020105125
0.120964356
0.09313292
0.39557365
-0.28958255
-0.052198816
0.22625516
-0.05495509
-0.12385988
-0.13798906
0.21783043
-0.021087553
0.0127954595
0.29931816
-0.40837708
0.28408033
0.117078036
-0.040714018
-0.058426414
-1.1697724
-0.13722669
-0.2126415
-0.2131992
0.23458189
-0.041862343
0.445892
-0.030083112
-0.04633286
-0.2757478
-0.03088274
-0.16742957
-0.02281616
0.12178649
0.025351807
0.12610677
-0.2124486
-0.28753248
0.07323556
0.058167707
-0.12107342
-0.043696128
-0.019899935
0.003913998
-0.0032152876
0.2559057
-0.24532768
-0.2235375
-0.15712023
0.07683912
0.23270425
0.03718408
-0.30386028
-0.094972596
0.13684787
0.18402748
-0.37705204
0.002404845
-0.27345794
0.059052285
0.024198063
-0.25396183
0.100810625
0.096576996
0.2516884
0.13161953
0.11313041
0.14608034
0.30606756
0.2396826
-0.013060753
-0.11602084
0.23939647
0.022774585
-0.47984546
-0.15121736
-0.056619067
-0.19715498
-0.029682117
0.15311377
0.33758596
-0.2422872
-0.3504458
-0.25774187
-0.082322314
-0.3801662
0.042386007
-0.21279047
-0.3267914
0.059697267
0.0609304
-0.5310464
-0.33997482
-0.31524256
-0.02539291
0.047520418
-0.014819545
-0.06460018
0.05995274
0.08606505
0.033607375
-0.03029416
-0.062300045
-0.020941615
-0.002454546
-0.18006937
0.15686437
-0.1526863
-0.07613886
0.16064529
-0.034966256
0.1286346
-0.31311947
0.060078558
-0.042116053
-0.19803616
-0.06956407
0.088566475
0.060413096
0.31216988
-0.082308516
-0.13513774
-0.31700194
0.19157812
0.0032417292
0.06556511
-0.21064125
0.30737212
-0.023181796
-0.00050781306
0.27181223
0.011240359
-0.30940023
-0.021588169
-0.30914882
-0.0920048
-0.2486896
0.1641115
-0.15044558
0.04556503
-0.2110518
0.08939615
-0.24870136
0.12768215
-0.24959725
-0.21866092
0.072810225
0.1207353
0.15102546
-0.20894474
0.069751866
0.13313846
0.04689206
0.14638624
-0.24457507
0.29990512
0.08152384
-0.02201337
0.10961969
-0.19496578
-0.4989971
0.35120934
-0.03466394
0.24626979
-0.11759109
-0.3188166
0.10656986
0.3494699
-0.13307771
0.22639091
-0.024537971
0.08404965
-0.23734564
-0.05576534
-0.043238502
-0.008076874
0.25337696
0.013746708
-0.12608789
0.026079686
-0.10654686
-0.13252337
-0.08299436
0.26641765
0.2010444
0.06464594
-0.46680486
0.10989962
0.29809064
-0.13906385
0.09359733
-0.2945653
0.0077038966
0.08043386
-0.0854934
-0.059474956
-0.2558292
0.11145302
0.28968212
-0.16296376
-0.25320983
0.03927351
0.21260634
-0.054400843
0.18467505
-0.0040720613
-0.46398783
-0.14877774
-0.30023763
0.31759527
0.30593273
-0.13481502
-0.27314687
-0.44023076
-0.34586763
-0.39688802
-0.52636665
-0.23930942
-0.08856821
0.1550272
-0.33937547
-0.39848307
-0.36228055
-0.22029097
0.10146299
0.0110303
0.0857295
-0.12159266
-0.37594774
-0.0754321
0.09998835
-0.033970676
-0.18294764
0.06274225
-0.5728155
0.025450602
0.19773036
0.05537461
0.08342354
-0.49978134
0.010497481
0.29272875
-0.16196151
0.15110165
0.1188683
-0.051319137
-0.18371876
-0.043688785
-0.3747208
-0.39635155
0.07811698
0.056561064
-0.38869
0.2583952
0.21710585
0.3041012
0.30005217
-0.31045955
0.045629513
-0.054379106
-0.09851044
0.26143995
0.038108513
-0.33208194
-0.082662165
0.14411288
-0.0344457
-0.32158154
-0.28261864
-0.37873486
-0.044831343
-0.28208828
0.017188085
-0.04424451
-0.06620941
0.16531359
0.2126276
0.09629024
0.30932152
-0.14099912
-0.044769466
-0.047622774
0.044725377
0.27028015
0.122608006
0.44332138
-0.027334787
-0.1880466
-0.010270208
0.23528168
0.13327827
0.11805654
0.23799208
-0.051063176
0.23470382
0.0825405
-0.27125284
0.11751138
-0.28926334
0.22255135
-0.18456785
0.03629474
-0.19404718
0.08262995
-0.12192026
0.14115925
0.09191554
0.15612108
-0.00595974
0.16281813
-0.13642398
0.25977913
-0.19239613
0.25799847
-0.16647625
-0.05430327
0.11327318
0.19161224
-0.07318458
0.094891414
0.21666977
0.18024388
0.19062234
0.14788659
-0.26134625
-0.22499356
-0.34714386
0.11681275
0.0317019
-0.14667764
-0.09171494
-0.017739618
-0.14754131
0.3269197
0.19553618
0.073475264
0.19864638
-0.022383688
-0.07055082
0.03772671
0.097213544
0.021430716
-0.19047946
0.061958045
-0.37893543
-0.029286383
-0.1807029
0.07799891
0.06351033
0.07496668
0.160736
0.17716631
0.30515036
0.26058027
0.06299062
0.07102371
0.40931565
-0.20643626
-0.23578353
0.058523912
-0.2086122
0.47852823
-0.41024205
0.32050177
0.31276405
0.2334521
0.41786715
-0.30300197
0.0
-0.33178577
-0.009444603
0.39579672
0.0
0.2250788
-0.054276817
0.3466132
0.14427407
0.30747455
0.15939175
0.37647188
0.3540524
0.49825898
-0.321759
0.32719278
-0.18508941
-0.3091841
-0.024920985
0.34134412
-0.15968356
-0.24815091
0.38944936
-0.048641272
-0.19651118
0.2816381
-0.18880543
-0.22135082
0.26532397
0.10602681
-0.26313108
0.08324205
0.014399524
-0.30881372
-0.049825598
0.18218072
0.30667987
-0.14487584
-0.23143512
-0.23472495
-0.17608637
-0.09872391
-0.2847702
-0.2084517
0.2741751
-0.28749707
-0.029459173
0.2742064
0.46810657
-0.26347673
-0.3561271
0.30932292
-0.19867097
0.2692657
-0.4445191
0.0
-0.05372573
0.32405567
0.5793668
-0.30310652
-0.31491035
-0.30710667
-0.20284602
-0.0129556535
0.46363834
-0.27219445
-0.30845264
0.26123685
0.12456176
-0.26832983
0.3032428
-0.18576925
0.0930461
-0.100822575
0.059785504
-0.06898189
-0.10373994
-0.079479374
-0.07416167
0.12253089
-0.24914518
0.11669636
-0.12043608
-0.09783632
-0.0017184019
-0.15805432
0.19645752
-0.07843368
-0.112868264
-0.0890524
-0.11201439
-0.113916315
-0.0863276
-0.08024653
0.100472815
-0.14716263
0.094918974
0.047783587
-0.20761684
-0.112914026
0.07380256
0.08315516
-0.14607798
0.08610189
0.07221458
-0.2247649
0.08392493
0.098822154
-0.079374254
-0.15339138
0.14142244
-0.11404584
0.22235882
0.03543561
0.22163944
-0.13764048
-0.07201417
0.12875189
0.04720154
0.06403605
0.071543455
0.11607814
0.17214991
0.101696536
-0.123263806
0.17274618
0.062288154
-0.13113372
-0.0701604
0.08184816
0.138027
-0.1372277
0.20364621
-0.059986394
0.07394293
0.09730676
0.14356512
-0.05386529
-0.11293299
0.14132045
0.060507916
0.06781454
0.06754859
0.14201085
-0.18557754
0.107342504
0.08027933
-0.07960374
-0.06132709
0.1018701
-0.1137849
0.13328238
-0.26428258
