49
2
80
1
relu
line
1
0
0.046613105
-0.028007984
0.07018927
0.0739941
-0.17272873
-0.026060544
0.06932354
-0.01700756
-0.318346
0.22212335
-0.098755635
-0.008963301
-0.002195686
-0.013531104
0.28750783
0.06765371
-0.111496665
-0.12062691
-0.32371232
0.065708175
-0.057282448
0.06715391
-0.072290674
-0.03440526
-0.124140754
-0.02344159
0.008030981
0.089498416
0.057887856
-0.050894998
0.16210747
0.13299438
0.20294425
-0.28039193
0.0984523
0.23705032
-0.023306608
-0.06140647
0.1807935
-0.089634925
0.29862443
-0.019321652
0.19127837
-0.059165925
0.0462542
0.3355961
0.29767987
-0.013160777
0.06387442
0.26190314
-0.058722645
0.05495384
-0.14792843
-0.017445283
0.107063085
-0.05944595
0.10198152
0.044582
0.30989358
-0.24318805
-0.09048428
-0.12837712
0.34631643
0.12433401
0.108967096
-0.00083933753
0.14327683
0.05738606
-0.07365674
-0.00064958015
0.2627947
0.19738987
-0.15303913
-0.013031273
-0.060415667
0.115867265
0.056187805
0.13694932
-0.26403192
0.15525642
0.1577626
-0.027238403
-0.42436212
-0.2668102
0.078772366
0.26400626
0.31359676
-0.036508262
-0.18274783
0.03881982
0.11835327
0.154518
-0.07496065
-0.016187632
0.040357716
-0.08662608
-0.14703466
0.26841387
0.18015787
-0.0025551703
-0.18714595
-0.35189387
-0.2888859
0.029499292
0.3750936
0.17252506
0.11892536
0.08334888
0.08634704
0.16314241
0.16906123
0.052526653
0.1438913
0.037982702
0.10154608
-0.06319463
-0.22542179
-0.13639997
0.120583616
0.13774315
0.10230562
-0.35092434
-0.22531408
-0.2649361
0.015627421
0.28972784
0.19121799
-0.31635618
-0.13829903
-0.06545405
-0.1879969
0.02908872
0.12734261
0.24090263
0.004812598
0.21981555
-0.0967
-0.16720787
-0.439089
-0.17242138
0.17493151
0.19487081
-0.33471608
-0.092912674
0.10667497
0.060471646
0.1032209
0.14237924
0.03161136
-0.27791637
-0.13924336
-0.23500639
0.120415285
-0.16953683
0.102587305
-0.022349985
0.012986849
-0.4076541
-0.11751813
-0.055475026
-0.23800449
0.11282208
0.08795593
0.1542831
0.08518532
-0.2608944
0.090630375
-0.2698751
0.016221792
-0.13773622
-0.019671274
0.08023649
-0.24413598
0.13450795
0.21600346
-0.09099371
-0.11967652
-0.11543828
0.30381724
-0.18689035
0.21310726
-0.5197536
0.16957772
-0.28373417
-0.2796095
-0.03143836
0.2362254
0.15932152
-0.063314565
-0.3269174
0.42370462
-0.036558118
0.32746717
0.15971068
-0.23163328
0.10233739
0.2050123
-0.12691225
-0.28020206
0.041497003
0.27401295
-0.13511418
-0.4975916
-0.34789175
-0.07734521
-0.9198843
-0.2265985
-0.25918502
0.11449444
-0.01584095
-0.34580967
0.28918356
-0.014105856
-0.38556984
0.18509737
-0.21795033
-0.04851131
0.13660103
-0.13862754
-0.114854805
-0.119430594
0.21848588
-0.16726008
-0.13472477
0.20745435
0.19701734
0.22327532
0.25784144
-0.087810375
0.15659378
0.005753696
0.07488057
0.044176456
0.19129337
-0.090469934
0.12757665
-0.061697274
-0.009704589
0.011240997
0.20237336
0.2623372
-0.16586389
-0.39816448
0.34562653
-0.12669538
-0.0073538464
0.059290506
-0.0866974
-0.2991996
-0.24423543
-0.26367363
0.07064604
0.051639706
0.053549115
0.20760699
0.32124892
-0.21288095
0.084189326
-0.13710508
0.03741856
0.11122012
-0.14593251
-0.22659025
-0.049689054
-0.28181115
0.16223094
0.29893354
0.3229851
-0.33670133
-0.20319846
0.07262483
-0.14595637
0.10142729
-0.07821131
-0.24940711
-0.26194492
0.287264
-0.17704396
-0.10523642
-0.11022031
0.05219835
0.22520207
-0.03328246
0.1812742
-0.07458706
0.024948465
0.24869034
-0.016370788
-0.07959622
0.295774
-0.15823802
0.09750287
-0.3143475
0.29252478
-0.30256212
-0.012265573
-0.16417652
0.19143961
-0.1798091
-0.24947219
-0.018546456
-0.2117863
0.030398756
0.22256586
-0.20225254
-0.15787327
0.12550506
-0.21459167
-0.2854003
0.2184305
-0.2416558
-0.33046284
-0.19760634
-0.23196995
0.113373116
-0.082074866
-0.1170379
-0.11998026
0.05508348
0.17516048
0.04316709
-0.2978462
0.25716275
0.23716477
0.13210383
0.013030441
-0.19152915
0.13820043
0.18272856
0.25654182
-0.10981262
0.08371546
0.2689382
-0.11630304
-0.20856202
0.143418
0.048952386
-0.30555892
0.27019605
0.20167615
0.11890501
0.11908436
0.14762397
0.32587972
0.30462652
-0.15526892
0.10071248
0.08002906
0.24933128
-0.11706072
-0.36720592
-0.016845183
-0.2786611
-0.12136325
0.32190832
0.12592077
-0.34630647
0.11670629
-0.018968865
-0.30234107
0.28232357
-0.31082886
0.06598127
-0.26307386
0.32015973
0.023049885
-0.04851263
-0.12717025
-0.09584907
-0.18938284
0.049497996
-0.17301087
-0.23551515
-0.27582473
-0.06257829
0.18042067
-0.36105484
0.038197115
-0.093898475
-0.23435217
0.22045179
-0.07368996
-0.20179245
-0.26638812
-0.27153838
-0.048196804
-0.012719438
0.059650466
-0.5222418
0.22088756
-0.027535617
-0.016645372
-0.068946436
-0.0017984116
0.16751806
0.056701217
-0.28689003
-0.018860528
-0.25308546
0.07129896
0.24526666
-0.11616769
-0.1965177
-0.11306094
-0.20758751
0.33203977
-0.21380332
0.10757621
-0.044377446
0.12254438
0.12499417
0.18482126
0.0074209273
0.09842946
-0.19196613
-0.3024034
0.11170999
-0.068663836
-0.13077398
-0.07467153
-0.13646
0.19736607
0.03598292
0.03907737
-0.296948
0.14196795
-0.20760478
-0.28927478
-0.28887486
-0.3394616
-0.24403867
0.26796162
0.0141150355
-0.27555153
0.17173836
0.06887704
-0.10780339
0.16799021
-0.013539336
-0.24315324
0.23296556
0.23522764
0.15135238
0.075829655
0.2750305
0.035377517
-0.29912692
0.020788502
-0.29896295
0.07632341
0.3127211
0.26853892
0.067120075
-0.36268973
-0.076688394
0.080228806
-0.3232389
0.2604068
-0.1419739
-0.06514512
-0.12655903
0.11752523
-0.1433383
0.07153529
-0.05257768
0.17923951
-0.06711557
-0.29795918
-0.38049862
0.044782333
0.09491038
-0.16456841
0.17405732
0.13117084
0.1681241
0.36059543
0.1199856
-0.18846433
0.15195498
0.083365105
0.010134825
-0.09021711
-0.3074533
0.010185754
-0.3115406
-0.14266932
-0.18474725
0.16904896
0.11849931
-0.24796145
0.06453066
-0.08018052
0.06686753
0.29416057
0.09501824
0.019789893
0.20855296
-0.27960277
-0.11605474
0.18798673
0.2173318
0.15890613
-0.012114287
-0.20546582
0.03834302
-0.040596515
-0.28312892
0.15606047
-0.00695148
0.052156363
-0.17648663
-0.30116078
0.11760101
0.24708709
-0.19462496
-0.025700737
0.21361332
-0.21601707
-0.06365365
-0.17948277
-0.1673866
-0.075576015
0.23660806
0.12139848
-0.09058725
-0.08671314
-0.08006233
0.32603753
-0.23117594
-0.04468248
0.17016175
-0.035959393
-0.025052428
-0.039992988
-0.24920538
0.24914129
0.23268983
-0.12290892
-0.13154404
-0.1479648
-0.19766405
-0.23317416
0.29653364
-0.040815115
0.05871301
0.15748301
0.22984454
0.017322062
-0.09497503
-0.22810878
-0.18965884
-0.02637556
-0.35021725
0.05323092
-0.24017464
-0.16318315
-0.22072563
0.06443905
0.11700039
-0.7243218
-0.29785022
-0.27049565
-0.112611964
0.1321046
0.15037867
-0.17223099
-0.008655012
0.09753433
0.22847155
-0.26959378
-0.1984118
-0.02874291
-0.17970783
-0.13531427
-0.34763888
0.15044138
0.28964677
-0.18523818
0.2991341
-0.3269997
0.09493023
-0.33714992
0.043999612
-0.07146329
-0.34073412
0.036435485
0.10154125
-0.26048175
0.13216984
0.15808865
-0.19465248
-0.25396985
0.3149034
0.15342799
0.28083125
0.11107069
-0.08025205
0.021543235
-0.036877006
-0.2555791
-0.20998727
-0.06320158
0.14449573
0.13057083
0.29068926
-0.1969226
-0.14640976
0.010855377
-0.117135495
0.33706835
-0.32668534
0.18705526
0.22974864
0.04021901
-0.11900698
-0.06422299
-0.27397206
0.08040598
0.28069797
0.32603982
0.31871137
-0.013253629
-0.28894415
0.2625409
-0.32387453
0.2521781
-0.2274836
-0.04890439
-0.19640976
0.014721721
-0.0085167885
-0.065226555
-0.1738536
-0.30597496
0.13079533
0.33083436
-0.18458368
0.34509972
0.2685025
0.32959256
0.3032854
0.25013235
-0.31174892
0.29847395
0.2780867
-0.2919417
-0.32846507
0.27427563
-0.12351382
0.32446155
0.30127254
-0.14076467
0.33100513
0.13409396
-0.24550633
0.053652685
-0.30592588
-0.11078729
-0.14750668
0.26641983
0.04538995
-0.30316502
-0.25250322
-0.16826318
0.015704285
-0.05939207
-0.2808361
0.291216
-0.0654779
0.016566161
0.008006026
-0.118640035
-0.31543407
0.07707459
0.12223852
-0.24352802
0.2133254
-0.16943672
0.2889001
-0.18536766
-0.1824076
-0.13729098
-0.22570981
-0.2654825
0.29147333
-0.057073355
-0.26917264
0.211789
0.012379199
-0.22741112
0.28555733
0.25855124
0.20849821
0.2956286
-0.08373788
-0.118943475
0.18224195
-0.24023017
0.18593815
-0.054397553
0.13563795
-0.15982611
0.2981685
-0.14079824
-0.22809473
0.2509894
-0.31100836
0.07564359
-0.15507403
-0.12217832
-0.20814382
-0.20249024
0.25149873
0.29478583
0.16518855
-0.15966985
-0.07398072
0.061960727
0.27035418
-0.16690688
0.13020387
-0.2653515
-0.30376935
-0.1361371
-0.10116507
0.2824175
-0.30118576
-0.100002505
0.19575861
-0.3056113
-0.43666214
-0.23033674
-0.122519925
0.08582215
0.24634317
-0.08675606
0.034747772
0.18474671
-0.09164056
-0.13502482
-0.07530898
0.2790372
0.07717715
0.011404753
0.2573376
0.28693825
-0.21766925
-0.10412123
0.057797194
0.3349754
-0.216297
0.19181484
-0.12134206
-0.0972586
-0.12170215
-0.12121892
-0.0005451019
-0.4746534
0.13756369
0.05354513
-0.33758393
0.00075513934
-0.17865595
-0.28489
-0.39654124
-0.06308985
-0.09108207
-0.03122867
0.09186521
-0.013499507
-0.0053652413
0.19484317
0.3480188
-0.059808187
-0.34740505
-0.2594587
0.1881732
0.12935416
-0.11717422
0.022375029
0.07404308
-0.10398618
0.09808643
0.11118725
-0.08759439
0.03893583
-0.3236799
0.13023095
-0.19030918
-0.16960667
0.2078242
-0.33074075
-0.43231282
-0.16651121
0.4160873
0.19441849
-0.024995638
0.11197826
0.59779364
0.083194345
0.025220126
0.0891432
0.28805634
0.009733398
0.19209656
-0.057853818
-0.111056596
-0.06558372
-0.23781547
0.10627735
-0.36283037
-0.08441467
-0.16891977
-0.13579153
0.070219934
-0.24827977
0.32392472
-0.022472471
-0.15713634
-0.35728195
-0.12380706
0.05329665
0.10699146
-0.18251137
-0.012614368
-0.023221109
-0.104917884
-0.2442321
-0.35856742
0.22039658
0.1946268
0.31437176
0.13199854
0.114429295
0.08729315
0.10448519
-0.22528628
0.0042548296
-0.09598122
-0.18402629
0.26350042
0.35718733
0.014069989
0.21617505
-0.0790451
0.044598598
0.005049403
-0.08685807
0.32743213
0.10775154
0.21118762
0.11170746
-0.18657805
0.066351004
0.13972425
0.102065
0.21266359
-0.38460943
0.36444277
0.44856396
-0.24905056
0.14765319
-0.03589679
-0.18003896
-0.067659065
-0.4397744
0.14086723
0.06774727
-0.15667143
0.06867457
-0.106861696
-0.22694165
-0.21381153
0.32398412
-0.016228408
0.072530024
-0.14868139
0.089250684
-0.26740798
0.04725696
-0.00980881
0.026317501
0.35602754
-0.2346478
0.049392223
-0.059309863
0.2443859
0.17664184
-0.15868211
0.11760837
0.2524053
-0.26524603
-0.12132363
0.018553175
0.073391676
-0.040333502
0.21543482
0.33070996
-0.34873232
-0.36922023
0.02137053
-0.24688663
0.3124549
0.28738138
0.28444785
-0.036220957
-0.105326936
-0.38679612
0.18124728
0.016184786
-0.068863034
0.29457703
0.084826976
-0.094401896
-0.33607712
-0.20279802
-0.18429145
-0.087144785
-0.20929307
-0.04784717
-0.27820474
0.021037456
0.2200121
-0.13115057
-0.07565587
-0.1371525
-0.14281951
-0.23162998
0.17741269
-0.4679529
0.01259611
-0.014651291
0.22151783
0.2730533
-0.15070502
-0.328946
-0.05161267
-0.24788347
-0.025359234
0.41552252
0.5139814
0.0977416
-0.28363988
0.23722067
-0.10128699
0.27167746
-0.35553664
0.41503364
0.032712534
-0.20572177
0.057521373
-0.2850546
0.25949532
0.40179506
0.09754811
0.07401067
0.19959429
0.022974709
-0.18055317
-0.37747988
-0.28463417
-0.1475425
0.15762424
0.2821444
-0.18303123
-0.07850641
-0.016658453
0.1510521
-0.1821462
0.15660664
0.0841765
-0.2855217
0.04439789
-0.20293985
0.1277517
0.22880425
-0.13174368
-0.16220681
-0.14396279
0.083727226
-0.0011877716
-0.17445508
-0.025694333
-0.22379345
0.27062705
-0.16243684
-0.014918953
-0.13716426
-0.25795642
0.25246727
-0.25595754
0.20079565
-0.25600702
-0.28012335
-0.24534936
-0.31037888
-0.103245206
0.27024612
-0.05707486
-0.34543598
0.0579679
-0.20043305
-0.05847987
-0.27653176
-0.11346918
-0.16055569
-0.25815827
0.24924216
0.14693612
0.09106308
-0.1864226
0.106671505
-0.13475731
-0.25246784
0.16579565
-0.21605144
-0.25135392
0.012674353
-0.18602923
-0.4445558
-0.039698027
-0.09771754
-0.013906832
-0.19618791
0.116015375
0.09759246
-0.31060028
0.3709004
0.04421034
-0.007958427
-0.26170295
0.21550107
0.32679328
-0.045394953
0.05729272
0.12588122
-0.12101068
0.37975347
-0.31321552
-0.006893556
0.20804432
-0.0061985627
-0.06493998
-0.084694564
0.34805188
0.29138887
0.1707288
0.24363059
0.29096207
-0.026422918
-0.057769578
0.32732973
-0.010589421
-0.034144096
0.09431127
0.2658649
0.10702526
-0.20227449
-0.27909142
-0.020897117
0.061278343
0.064572014
0.015744241
-0.10010351
-0.25944018
0.18369956
0.03840968
0.30155444
0.3140479
0.18630536
0.2726856
-0.12365947
-0.202864
-0.29565263
0.341862
-0.12142741
-0.26674807
-0.07752063
0.032834005
-0.04815487
0.019742757
-0.2870188
0.05298487
0.29703453
-0.02857382
-0.007320073
-0.15122768
-0.16369243
-0.2866038
-0.374079
0.2295521
0.0663861
0.24757352
-0.023940451
0.03781418
-0.020603199
-0.20978755
0.19098258
0.14276348
0.22943787
0.0057674292
0.073710985
0.12834483
-0.27782708
0.06560201
-0.12622344
0.4293336
0.24453387
0.2781888
0.095701165
-0.123400435
0.28615692
0.062255874
-0.23827334
0.00017919719
0.11908908
0.20644227
-0.14570503
-0.20565657
-0.3855876
0.258912
-0.1865788
-0.30824214
0.071852
-0.23867145
-0.0080759525
-0.05881986
0.23466799
-0.22426257
0.07290721
-0.22239667
-0.22100583
0.12960523
-0.11019009
0.28293207
-0.24787259
0.07862145
0.27960655
0.32354072
0.17717358
0.14001852
0.29200837
-0.108211905
0.27716258
0.21138313
-0.06879714
0.20279565
-0.25205323
0.32443324
0.0055294335
-0.1036727
0.08531162
-0.13252491
-0.08078766
-0.005079925
-0.081041634
0.3154777
-0.196763
0.17941514
-0.11328457
-0.17940673
-0.33212456
-0.12179467
0.123379916
0.2872071
0.15224478
0.23127672
0.26789322
0.2702413
-0.15191542
-0.016846746
-0.29472595
-0.22087051
0.32792273
-0.009089261
-0.17267041
0.2959375
0.032914966
-0.04156974
-0.27192354
-0.18357836
0.16806296
-0.011186838
0.26732484
-0.34242907
0.14160976
-0.2703604
-0.26146927
0.19760004
0.24486205
0.31897148
-0.29051304
-0.23302738
-0.013216436
-0.31314236
-0.3153565
0.21955773
0.2599459
-0.15475126
-0.2685802
0.043269187
-0.19661516
0.2102361
-0.0588907
0.19396636
-0.16589096
0.2366471
-0.020504802
-0.34686667
-0.14673865
-0.2736737
0.25881013
0.12996957
-0.12278506
-0.11514486
-0.07669547
-0.28074333
0.05023685
0.23203376
0.07003057
-0.0362055
0.02017057
-0.3261432
0.15125665
0.18641534
-0.29559848
0.015868396
-0.2376501
0.29851118
0.18546411
-0.07780442
0.2788833
0.04534349
0.15139744
0.003725022
0.096218735
-0.31028584
0.08564791
-0.27232108
-0.08398977
-0.034222364
-0.032759696
-0.052806795
0.13372988
0.13494718
0.05891165
-0.1615811
0.21360281
0.18876114
0.26951554
0.3334792
-0.32846037
0.21279892
0.17314532
0.34695575
-0.30045497
-0.24432693
-0.12455976
0.07627815
0.31308177
-0.026201844
-0.11864823
-0.2766345
-0.323053
0.15448263
0.16296718
0.02439943
-0.29731503
-0.31446487
-0.022092462
0.024886996
0.16238543
0.2591366
-0.0940671
-0.28230628
0.34388444
0.14850149
-0.018799573
0.21660653
0.2856069
-0.19234313
0.33958966
0.056139745
0.067925274
0.15799275
0.2671767
0.18946616
-0.06374842
-0.101707935
-0.28621095
0.25992137
0.27796048
-0.22266415
-0.3626761
0.18488744
0.06968031
0.2872211
-0.2054211
0.15044722
0.38407
-0.026020378
-0.008916003
-0.08695824
0.027926475
-0.2370485
-0.06827503
-0.19196415
0.10102693
0.09977752
0.14486788
-0.03110288
0.3253495
-0.12592016
0.21349236
-0.18475905
0.11656818
-0.16192105
0.09246608
-0.29870862
-0.05624208
-0.3106797
-0.13097055
-0.11820404
0.058110565
0.17921466
-0.34024724
-0.27903605
0.15296307
0.08290094
0.11908477
-0.13918552
0.07811967
-0.10206886
0.02187341
0.018264383
-0.20692167
-0.21678688
-0.09682397
-0.25920293
-0.11516348
-0.5550326
0.07253642
-0.3102085
-0.28023976
-0.1454379
-0.005065759
0.2872974
-0.14598282
-0.082308576
0.20531736
0.20378605
0.030231953
-0.08515249
-0.297892
0.11697306
0.038840745
0.3092888
-0.168289
-0.07680544
0.28474268
0.020469543
-0.6041157
-0.01883317
0.03208294
-0.026837975
-0.13873799
-0.09562217
0.24455719
0.2982308
0.120400816
-0.027865255
0.0045404853
-0.17050968
-0.25578767
0.1352249
-0.21497305
0.1439141
0.32908633
-0.24373718
0.1041097
0.22887668
0.19848207
0.0037076722
-0.2791274
-0.11059697
-0.04894627
-0.25381768
0.27825227
-0.28826433
-0.2354135
-0.26778582
0.05805937
-0.057010442
-0.1982668
-0.09534848
-0.34843677
-0.13673528
0.20785698
-0.5542371
0.37383422
-0.32550865
0.10039789
0.19269264
-0.33740807
0.32528114
-0.5462004
0.13324185
-0.34650245
-0.33418489
0.19381034
0.021287758
0.14731878
-0.1747327
-0.13465403
0.26186156
-0.09410746
0.09712497
-0.22970317
-0.11318379
0.012515904
-0.16539432
0.062486697
-0.2630633
-0.17748877
-0.17538728
-0.28603047
0.13681906
0.06226717
0.1203289
0.10385536
0.18637499
-0.23498955
-0.18551354
0.248082
-0.33438247
0.30832547
0.252058
-0.06334368
0.16106802
0.10248944
0.015286473
-0.25537488
-0.20794849
-0.052030653
-0.19996725
-0.14798999
-0.032386374
-0.0602809
-0.15695596
-0.28564864
-0.1546169
0.10189262
0.21067044
0.03823828
-0.23388784
0.34243014
0.2900369
0.19044492
0.14049438
-0.10934196
-0.3481302
-0.31613404
0.014954128
-0.26328027
0.30264467
-0.016201012
0.25707224
0.11526659
-0.18117896
0.06969011
-0.06557127
-0.21785657
-0.18862031
0.26788172
-0.09718934
0.28315583
0.08977569
0.050305407
0.26817527
0.24330196
0.32359305
0.31526497
-0.026756389
-0.21683395
-0.08015221
-0.11081073
-0.46418267
-0.23277374
-0.0106020775
0.28254935
0.08539638
-0.12497539
-0.311457
0.24447682
0.26735345
0.31375805
0.31288376
-0.14830671
0.377535
-0.07518975
0.0886929
-0.2972029
0.14913075
-0.1609845
0.20350967
0.1956263
-0.42547095
0.23924994
0.3092428
-0.16165067
-0.05355206
-0.12338704
0.09365275
0.26779264
0.1415067
0.19073862
0.3139526
0.19559598
-0.30392382
0.23658389
0.31485817
-0.1051649
-0.26221785
-0.2616373
-0.13250513
0.05500571
0.32253245
-0.31082883
0.22427383
0.09595251
-0.086914994
0.016469004
0.015442729
-0.27279383
0.0118890265
-0.19213201
-0.04620571
-0.19731763
-0.29798922
-0.11081628
0.03052929
-0.15518886
0.312986
0.22050753
-0.25437286
0.32328478
-0.2965147
-0.3369856
-0.31608388
0.2761562
0.34920093
-0.22500771
-0.0070147216
0.1340344
-0.14439411
-0.19621056
-0.31333262
0.38472438
-0.13202931
-0.03398279
-0.27199036
0.13950981
-0.3329121
-0.12388608
-0.30098876
0.25907522
-0.0057701548
0.06443016
0.40886697
-0.051402964
-0.09531762
0.36833972
-0.11211881
0.22200555
-0.23440695
0.22447357
0.22153464
0.26307628
0.11608412
-0.24722984
0.17175832
-0.061138302
0.17004551
-0.07788658
-0.056709696
0.3412309
0.2581684
0.3020313
-0.02591982
0.338189
0.07440001
-0.14365603
0.30538857
0.129042
0.21465527
-0.1652575
-0.21428378
0.30752027
-0.08421094
-0.019486023
0.09141099
-0.3149183
-0.2669135
0.00854098
0.08607674
-0.3291123
-0.007881542
-0.19680877
-0.34000203
-0.30616394
-0.17061494
-0.10477581
-0.34152704
0.030354334
0.026829788
0.08138403
-0.03862858
0.24987534
0.19764766
0.1260483
0.24029413
0.40556094
0.22616735
-0.21976966
0.09355105
0.20520544
-0.23444784
0.19118242
0.30381358
0.111402445
-0.13876565
-0.019615244
-0.12912859
-0.21666425
0.2444596
0.32956553
0.09022139
-0.19564189
0.14070101
-0.20413873
-0.25987795
0.14181449
-0.16298588
-0.15180604
0.3987501
-0.19021736
0.26042023
0.22274843
-0.14331712
0.050252732
-0.022892198
0.06126681
-0.27423126
0.043045636
-0.31025222
-0.25325724
0.24548589
-0.11161841
0.09667205
0.18484014
0.21148649
0.16245331
-0.32324868
0.21522436
0.2652509
0.01677622
-0.23554784
-0.13536315
-0.18322948
-0.32215354
0.27897874
0.24889497
-0.030647513
0.2128051
0.12543099
-0.28333268
0.1392413
0.14570326
-0.09998062
0.072929405
-0.05488643
0.29920092
0.2777519
-0.29902607
-0.1877358
0.22095653
0.33538255
0.12531814
0.13772446
-0.095614016
0.23446313
0.014553696
-0.34765148
0.025056273
-0.27513623
-0.08613932
0.023023695
0.19658777
0.12454417
0.030716777
0.25217208
-0.034153372
0.116136014
-0.08721095
-0.275537
0.05725506
0.33316955
-0.06718254
0.22690466
-0.033504546
-0.17053263
-0.20673904
0.27634838
0.26693645
-0.08023536
-0.24290732
0.13725293
0.03284228
-0.01582408
-0.21391594
-0.30892652
-0.19157921
0.194294
-0.028036118
0.11447367
-0.3053152
0.30745748
-0.31085724
0.26986936
-0.26966769
0.06049463
-0.12081888
0.08701882
-0.12244809
-0.1551961
0.232236
-0.058419406
0.17873606
0.15317813
0.29665008
0.28777096
0.1647776
0.15639791
0.077542365
0.304108
0.039713264
0.024454147
-0.33306205
-0.1933419
-0.10649827
-0.04052487
-0.05162552
-0.1765296
0.34564343
-0.27000535
0.1506029
-0.118897766
0.2808132
0.068883
0.2575412
0.4893878
-0.0014142313
-0.15825641
-0.0654521
-0.1878747
0.049101915
-0.21237348
0.106728695
-0.22180058
0.09971231
-0.26270917
0.081903785
-0.24867426
-0.23655307
0.11642519
-0.54675394
0.06518898
-0.31513083
-0.083614916
-0.47146422
-0.13677628
-0.05666659
0.32822812
0.34534314
0.27140564
0.42921016
-0.2576045
-0.34132758
0.029019684
-0.049399246
-0.50718755
0.13672122
0.016346186
-0.3305643
0.06997967
-0.05107698
-0.6057693
-0.77392197
0.054570895
-0.11491503
0.3421962
0.2057265
0.10533341
-0.34033924
-0.63383627
-0.19316135
-0.3377955
0.393379
0.030078292
0.123657316
0.39407092
0.19074792
0.02954474
0.54726744
-0.30302626
-0.443018
-0.49959543
0.23834495
0.14243844
0.03590122
-0.094893456
-0.18367696
-0.12915263
0.13831407
-0.03249302
-0.07490988
0.041122973
0.54076594
0.15359926
0.16638222
-0.07591167
0.15001416
0.22550592
0.27174518
0.47740737
-0.23272468
-0.67538685
-0.1875223
-0.4460702
0.4429941
0.036097325
-0.3239787
-0.08696653
-0.047747575
-0.27176827
0.8649125
0.2645164
0.08382144
-0.09888703
0.060148895
0.03380669
-0.33694947
0.2016199
0.34315878
-0.20335805
0.45901996
0.52130336
0.22473422
0.07964519
0.274415
-0.31949148
0.59865856
-0.14252928
-0.08112797
0.296554
-0.050320838
-0.013214499
-0.0053690556
0.25431234
-0.31654692
0.116942205
-0.68980783
0.11094546
-0.15913479
0.22778723
-0.040299922
0.45159924
0.17520872
0.238433
0.09423379
-0.2666958
-0.013852451
0.6358427
0.035309374
-0.13769694
-0.13869306
0.07997399
-0.023787139
0.0065584197
0.09746646
0.08327158
0.15055472
-0.11106001
-0.17013521
0.23325548
0.51059616
0.243675
0.25304922
-1.2934856
0.017020868
-1.4008427
0.06768992
-0.0973768
-0.3455303
-0.52880484
0.38271165
-0.5327153
-0.015482745
-0.3780236
-0.10727115
0.16094497
-0.14789997
0.8298596
-0.32132465
-0.06740337
0.537073
0.4448843
-0.4829293
0.038189463
0.48113465
0.22441038
0.2754117
-0.01914698
-0.030277437
0.1669642
-0.24570131
0.2683632
-0.32203972
-0.09865785
0.2858452
0.14874624
-0.074971214
-0.17534307
0.2953913
-0.27750164
-0.073598295
0.286307
-0.15224455
0.14975053
0.16084822
-0.2528795
0.27548453
-0.047602654
-0.04828036
-0.20118713
0.2527181
0.27558276
0.3284614
0.20686434
-0.03462672
0.39076295
-0.39154515
0.030413598
0.13921401
0.18249622
-0.3302295
-0.005301751
0.38245305
-0.51455426
-0.13665748
0.2088106
-0.060611736
0.0630727
-0.31926048
0.10279933
-0.5580262
-0.4554859
-0.15751098
0.25866804
0.039914727
0.05505696
-0.26805618
-0.30888897
-0.1598187
-0.18601966
0.1805838
0.3601219
0.28925875
0.19617443
0.0939991
0.07697767
-0.09243298
-0.36955535
0.035420924
-0.19779412
-0.22146069
-0.38111505
-0.29556444
0.15456729
-0.25710538
0.19944367
-0.25669134
0.22336662
-0.3547529
-0.11728891
0.19394897
-0.13370816
-0.030252444
0.06999336
0.035950262
-0.20728193
0.3742894
-0.3610914
0.09772841
0.053183407
-0.2236378
0.14512666
0.27487072
0.073839515
0.16491565
0.20948306
0.04343156
-0.01357466
0.12786534
0.0031859362
-0.035632845
0.15100542
-0.031270742
-0.27491772
0.17522483
-0.304979
0.40613386
-0.19058856
0.014666259
-0.21546735
-0.08593576
-0.054621726
0.0014593814
0.03620633
0.17755811
0.08561624
0.10742228
-0.14934506
-0.33588338
0.1867167
0.13818912
-0.12564752
0.044347912
-0.11761189
0.1713041
0.23836336
0.18912446
-0.15314284
-0.2518363
-0.20566982
-0.24415101
0.21001895
0.095483385
-0.09119946
-0.052082554
-0.34816042
-0.14199483
0.25668898
0.2641235
0.10947303
-0.1152498
0.22828002
-0.25111237
-0.2113502
0.19723542
0.03262023
-0.32905796
0.2971378
-0.003765583
-0.06649125
-0.044433728
0.012158042
0.17843033
0.10629261
-0.035134688
-0.07825768
0.11718343
-0.029300964
-0.28750196
0.050651006
-0.05857286
0.27044898
-0.28653365
-0.0031515826
0.323634
-0.026121283
0.19966745
0.04160115
-0.19946061
-0.2652307
0.04014636
0.21827528
-0.18730591
-0.24095765
-0.3012372
0.09581523
0.15615728
-0.30601192
0.18579628
-0.30836096
0.21405977
-0.16418028
-0.26883975
0.13699129
-0.26329267
-0.11308625
0.22451912
0.2030897
-0.1342498
-0.10292157
0.17073965
0.24903014
0.27206233
0.2716844
-0.30840668
-0.11705074
-0.2922424
-0.16103664
-0.16560097
-0.26030812
0.10420923
0.3498334
-0.19928889
-0.30654547
0.31908032
-0.25832194
-0.14103082
-0.3063566
0.19343767
-0.004567578
-0.3003686
-0.17968175
-0.3295693
-0.29790252
0.05081104
0.31754124
0.17258647
-0.14760372
0.11142932
-0.31371903
0.33329186
0.053620417
0.073431455
0.15278831
-0.24623193
0.09732414
-0.28059742
-0.10215168
-0.25563267
-0.20910458
-0.07231116
0.23045062
0.16944413
0.15644352
0.19912173
0.045306593
0.1931032
-0.25210813
0.28725436
-0.04249147
-0.29116645
0.24050382
-0.13600981
-0.0054668887
-0.18343711
-0.094242625
-0.21293458
0.17083214
0.21683955
-0.33219332
-0.23771062
0.034762215
0.18687661
-0.2707844
-0.03210771
-0.04550017
0.11749008
-0.34266585
0.33314034
-0.31359646
0.3415257
-0.27226377
0.1707665
0.28437933
0.1489499
-0.14320567
-0.12608734
0.048838813
-0.024871051
0.24573801
0.15725556
0.14410552
0.21716873
0.24901715
0.19008589
-0.13699174
0.22650112
-0.2235505
-0.2575573
-0.32575667
-0.26021278
0.33006898
0.28332943
0.124794096
0.29734647
-0.3153418
-0.12853946
0.32033968
-0.15200077
0.14380604
0.054478455
-0.33111194
0.27666783
-0.11011915
-0.23310925
-0.21332233
-0.30747128
-0.1567982
-0.052073296
0.14203422
0.28134137
-0.26073807
0.3331611
0.12492904
-0.22453418
-0.07944531
0.1844937
-0.06081091
-0.33180863
-0.32544473
-0.06391069
0.105550654
0.2924973
0.1735517
0.023775242
0.028942645
0.08609055
-0.057648152
0.14924245
-0.026848648
-0.31573805
0.14618838
-0.010040047
0.17456524
0.30720967
-0.2193881
0.14762384
0.27584478
0.11672813
-0.030289441
-0.34927052
-0.006293561
0.19016062
-0.11529246
-0.2724343
0.0030193522
-0.26954356
-0.29543695
0.09103322
-0.30772915
-0.16290541
0.19154623
0.24558952
-0.32018328
-0.18631123
-0.19584511
0.24134602
0.19964318
0.08274242
0.1346018
-0.38459143
0.08313444
0.35296014
0.010395346
-0.28592792
0.081861034
-0.032112297
0.14052224
-0.10455729
0.03814289
0.25788537
0.08687032
-0.07126214
-0.2510927
0.02408568
0.02843213
0.29128456
-0.23436931
-0.30274433
-0.06272749
-0.2810282
-0.29910493
0.0546917
0.14584196
0.24139194
-0.31938213
-0.14015277
-0.124191
0.13210529
-0.23460127
0.33806115
-0.2118436
0.1664934
0.19593939
0.13263308
-0.13782257
-0.34547743
0.357436
-0.15610348
0.18463676
0.2652843
-0.2949346
0.00746182
-0.1596193
-0.35746738
-0.22013457
0.057605654
0.10916877
-0.16875768
0.1867546
0.0789996
-0.21963802
-0.19235484
-0.23575677
0.46151698
0.15082334
-0.5073525
0.4454785
-0.19665425
0.34874967
0.0436205
0.15361147
-0.100780055
0.10149771
0.19328228
-0.43540227
-0.1178928
0.12447849
0.018982941
-0.14098904
-0.088853724
-0.4194616
0.20632932
0.014981687
0.01414864
0.34052965
0.047432993
0.372245
0.10203898
0.1975921
0.25654423
0.015924186
-0.47444978
0.041327488
0.025524653
-0.37710914
-0.34269843
0.19546726
-0.17890015
-0.34043646
-0.33723953
-0.24216339
-0.16969576
0.17972821
0.114515714
-0.11089799
0.28633454
0.011031539
0.073586166
0.014474637
-0.17235713
-0.07413495
0.20578772
0.20189393
-1.0729825
0.19458619
-0.08220825
-0.008930832
0.36454162
-0.18701066
-0.39325622
0.00043221924
0.1155287
0.34204307
-0.2518418
-0.08794296
0.27466917
0.35478938
0.13489914
-0.117183045
-0.43559995
-0.9010755
-0.0050685327
-0.19091009
0.6970732
0.16563734
0.20592687
-0.62961537
0.17296639
0.23540552
-0.46822846
-0.13211022
0.26048824
0.038725458
0.59050035
-0.27837119
-0.5091211
-0.116846785
-0.41834864
0.33693132
0.004491413
-0.20306803
-0.078306094
-0.03604421
0.14175609
-0.3080742
0.3324255
-0.0023660362
-0.07368311
0.19039351
-0.23590785
0.38498172
0.14122215
0.32355842
-0.28015137
0.2824566
0.006943527
0.3743644
0.30983797
-0.35827187
0.10266036
0.19594386
0.29174873
0.1688975
-0.040927794
0.33347315
0.4641791
-0.11808692
-0.18574567
0.15634719
0.041126955
-0.17970787
-0.21630079
0.13335077
-0.19295359
0.2777802
0.19166492
0.8429712
0.2297838
0.3483634
-0.09915393
0.025965046
-0.0977823
-0.16383718
0.2955197
0.053932887
-0.14898719
0.16983274
-0.3371416
-0.14955829
-0.03615943
-0.18497747
-0.3329181
-0.77606887
0.12120126
-0.3627942
0.29720268
-0.2256562
-0.122870654
0.104592994
-0.13548407
-0.022700222
-0.0024056274
0.22264835
-0.027239576
-0.33657578
-0.2278713
-0.07969376
-0.16911514
0.31924057
0.12909462
0.30236635
0.017626483
-0.044800196
-0.052564546
-0.21682702
0.03576237
0.21923701
0.10219675
0.044512272
0.3345857
0.012386592
0.17259175
0.048063934
-0.09372261
0.21457833
-0.27954358
-0.12461041
0.023806343
0.15403838
0.31064096
0.044629145
0.09794736
0.33706757
0.032902747
-0.31393144
0.025652446
0.28685084
-0.26608008
0.10576537
-0.19391508
-0.34911808
0.10752773
0.26720873
-0.10579943
0.08676024
-0.24610342
0.045204908
0.24731436
0.33245662
-0.19269805
0.22247058
-0.27334332
-0.58257383
-0.18046297
-0.022727758
-0.048262104
-0.21201386
-0.06722075
0.2650781
-0.09461585
0.18938497
0.30995634
-0.34565008
0.0134181045
-0.21795486
-0.19956435
-0.22599757
-0.30127016
-0.23874274
-0.32602376
0.2099686
0.13189018
0.02983785
-0.023240386
0.20502032
-0.2306123
-0.22053164
0.1850222
-0.4307241
0.338986
0.25380287
0.18842475
0.36670357
0.01268956
-0.20374677
0.2311258
0.16267402
-0.12505238
-0.21122414
-0.29412624
0.0779532
-0.067963496
-0.16486716
-0.09979907
0.12089551
0.23485222
0.13217466
-0.032749828
-0.02248457
-0.21512905
0.3680298
0.20914455
0.010611504
-0.31055614
-0.19106704
-0.15450129
0.21069238
0.08422154
0.333735
0.048305318
-0.3216617
-0.32752547
-0.2591476
0.31258368
0.32416645
0.28322572
0.23198314
-0.019529253
0.15046006
-0.22337168
-0.06517926
0.24662659
-0.29740456
0.28190133
0.07445388
-0.036002375
-0.13268326
-0.29931298
-0.23098311
-0.094439596
0.20963015
-0.1987742
-0.25766617
0.15169649
-0.19491395
-0.22779652
-0.05235917
-0.32452142
0.063493654
-0.28658703
0.1911596
0.16735455
0.22550544
-0.08883679
-0.1963761
-0.27708066
0.16794029
-0.15975922
-0.3127707
0.098509334
0.25120294
-0.13739292
-0.31393254
0.18038014
-0.1396939
-0.34418246
-0.19691373
-0.25082833
-0.1820155
0.22233921
-0.17561617
0.27758276
0.3297959
0.052938044
-0.26318377
-0.04932885
-0.047257785
-0.110476196
0.30566815
-0.023085942
0.01271128
-0.19482417
-0.046313178
0.0051698447
0.0833965
0.18152064
0.17329083
-0.15508804
0.26701084
-0.1412715
-0.25260395
-0.21746896
-0.18576396
-0.29352075
-0.19220875
0.1742748
-0.019526243
-0.04927869
-0.20987268
0.2701325
-0.29608917
-0.22481212
0.2322196
-0.30854958
0.14913371
-0.259852
-0.038701672
0.156356
-0.2904316
0.18731257
-0.16284388
-0.024387216
0.12598467
0.2502688
0.42974195
0.033396363
0.24715045
-0.09045845
-0.03042376
-0.36201668
0.22211784
0.10948794
0.17134368
-0.22801863
-0.32623288
-0.13257454
0.15589105
-0.28736243
-0.057502992
0.27186218
-0.34893414
0.32539612
0.16670437
0.2788428
0.08217999
0.22123972
-0.018896699
0.2694018
0.21059231
0.2970878
-0.07508171
-0.27358577
-0.14708376
0.052315515
-0.056343533
-0.21617116
0.090746194
0.22705242
0.22275297
-0.011891828
-0.32955799
0.31767014
0.1579193
0.05820977
0.34659627
0.030733647
-0.083895534
0.16776131
-0.24156596
0.057279255
0.063492745
0.33726668
0.3606859
0.064969845
0.15695475
0.114310175
-0.31414393
-0.063542746
-0.3360353
-0.2794705
0.3039161
0.32226393
0.3202668
0.32092836
0.09056122
0.23105544
-0.17200598
0.30321094
0.21265455
0.18449466
0.23980755
-0.17449684
0.010879993
-0.042179246
-0.33748874
-0.25983977
0.028071579
-0.28453836
0.031160163
-0.3412241
-0.31261268
-0.08897854
-0.29607204
-0.13899124
-0.06622993
0.22136872
-0.16777913
0.23094556
0.015606582
0.29706454
-0.18852839
-0.0748506
0.048650775
-0.18025045
0.13956606
-0.19158365
-0.019354943
0.19374797
0.06339472
-0.1452995
-0.003713382
-0.1660525
0.087823614
-0.030824108
0.25387755
-0.03515165
-0.113332376
0.111601606
-0.21910252
-0.2460561
0.16211501
-0.0009234205
-0.037053358
-0.20248204
0.08396957
0.3123078
0.27602643
-0.012886137
0.11328873
-0.1729958
0.101332314
-0.28506157
-0.09152713
0.24398878
-0.06868628
0.027822565
0.17910264
0.28489158
0.03155403
0.36547378
-0.080021694
-0.24108073
0.10934075
-0.1953321
0.040633056
-0.3920086
-0.5717724
0.5622694
-0.3046486
-0.3867309
0.09098366
0.24701904
-0.12517355
0.05931902
0.20882168
-0.26875523
-0.021139681
-0.09888145
-0.25967965
-0.17916022
-0.45309377
0.30383924
0.11549035
0.1441414
0.18823662
0.10834543
-0.19140956
-0.047864616
-0.08460483
0.22770014
0.19133535
-0.1835725
0.08947537
-0.08608961
-0.16087803
-0.21995166
-0.13925138
-0.34920728
0.01758945
-0.14703265
0.052677695
-0.032156143
-0.104415685
0.20532642
-0.17292996
-0.1593576
-0.12306889
0.18313786
0.07154263
0.2554217
0.27018481
-0.14150353
-0.3100624
0.21377793
-0.043880783
0.04555164
0.13798216
0.019259661
0.16313353
0.122588255
0.22218886
-0.19479296
-0.14635128
0.12581691
-0.91919225
-0.33679336
0.113883324
-0.25131404
-0.20558955
0.27268615
-0.4950215
0.28716338
-0.2238954
-0.54251957
0.22103003
-0.10261148
-0.11813457
-0.10605944
-0.29807296
0.33999673
0.30862215
-0.098997414
-0.03617364
0.10592072
-0.10663569
0.25395474
-0.19354904
-0.39688817
0.25907823
-0.41210896
-0.16727157
0.30178618
0.19570753
0.1423164
-0.026192358
-0.15982427
-0.08344188
-0.21402314
-0.10293576
0.18993205
-0.2330145
0.34926882
0.31195965
-0.050623935
-0.30397508
-0.11619119
-0.24411635
-0.27304298
0.13135171
-0.058537636
0.19684967
-0.42640957
-0.10551861
-0.1775725
0.09804373
-0.26072213
-0.14098679
-0.15551572
0.26914045
-0.14485289
0.07915768
-0.17378427
0.29351276
0.15309426
-0.1141468
-0.013118509
-0.1643928
-0.09414777
-0.23504035
-0.684122
0.3190368
-0.015939523
-0.14566685
0.20354706
-0.06656969
0.32186922
-0.124222964
0.37675816
-0.21221735
0.22867239
-0.22785476
0.23743907
0.17823857
-0.12635493
0.057573758
0.23884287
0.050127562
0.14989111
-0.31124467
0.03344655
0.17772214
0.1183909
-0.40290645
-0.37416142
0.25063244
0.21194145
-1.0399492
0.026296021
0.34448045
-0.46010017
0.09020998
0.2166487
-0.14144005
0.015809204
0.05982392
0.047977746
-0.24540468
0.08617159
-0.16493587
0.053851556
-0.3903075
0.28736135
-0.30042475
0.03248462
-0.35187835
-0.3364521
-0.22184563
0.009417094
-0.045621537
0.0956806
0.21156077
-0.32298434
-0.31940305
0.13579597
-0.1447291
0.017555973
-0.008139441
-0.08388248
-0.27778488
0.05273066
-0.08700463
0.14471625
0.07630901
0.15334362
-0.23109692
0.16943973
-0.16550878
0.12468392
0.25853464
-0.08653078
0.06417675
-0.35596803
0.062677205
-0.027714577
-0.13480853
0.2830417
-0.038222164
-0.1816317
-0.2045625
-0.19265787
0.041873816
0.009307264
0.11009656
0.26393953
0.2646505
-0.15926024
0.0922364
0.23638238
0.15359478
-0.06322685
-0.38077518
-0.19352815
-0.018565359
-0.03484726
-0.062148124
0.2753697
0.1003099
0.12217176
0.22476539
-0.038218696
0.27335265
0.10237529
-0.13175017
0.0483904
0.3035526
-0.21527383
-0.4862559
-0.052344535
0.10848201
-0.3149642
0.26754847
0.110556774
0.2480793
0.19100903
-0.16261159
-0.26695406
0.22101386
0.23360455
-0.26894203
0.34886542
-0.37961677
0.14871307
-0.2219082
0.26050743
-0.22765845
-0.43499574
0.16971669
-0.17034614
-0.0533235
0.27773643
-0.22756356
-0.06330559
-0.090462625
-0.00035094036
0.11559039
0.11243218
-0.012961787
-0.27521348
0.22251779
-0.12081319
-0.14341466
0.19046511
0.12248058
0.07044168
0.033536654
-0.28425148
0.1669713
-0.2940693
0.24682614
0.006608547
0.057465732
-0.32240993
0.003212141
0.19311088
0.07828772
-0.1361089
-0.12947321
0.31740114
0.0979431
-0.072048515
-0.12085569
0.23699193
0.04104785
-0.0088094715
0.19298932
0.2620082
0.0030498207
-0.117730826
0.044450305
-0.1723157
-0.34752387
-0.025874913
-0.076318555
0.22902307
-0.14406915
-0.36751097
0.09420819
-0.2583724
0.34481204
0.22160769
0.15522796
-0.23889713
-0.22973807
0.38756818
-0.3415045
-0.347954
-0.062854156
0.3511775
-0.13785891
-0.3727169
-0.19383655
0.3454662
-0.09332536
0.24921012
0.33743605
-0.16303481
0.12898023
-0.18874803
-0.076923996
0.23198348
-0.29284254
0.25779548
-0.2044293
-0.1661531
0.2951012
-0.19671258
-0.13591214
-0.32554525
-0.31275442
0.29188535
0.022043595
-0.33587906
0.17377326
0.2809162
0.0361692
0.10646705
0.36469305
0.09703517
0.33728206
0.04402214
-0.10579063
-0.27815893
-0.011963119
-0.29994363
-0.12214693
-0.027774967
-0.1551367
-0.3390587
-0.29098976
0.18081678
-0.16092974
-0.13066092
0.0011264117
0.26289374
-0.17908403
0.11444235
0.4515936
-0.31016904
-0.24496846
-0.00021641137
-0.27295253
-0.13976422
-0.21604031
0.208964
0.11502606
-0.041397393
0.12372005
0.30590203
0.12975954
0.19523981
-0.37371367
0.26877788
0.05394353
0.19345647
0.20217961
0.27027935
0.05395025
-0.09493309
-0.03432878
-0.018264374
0.32807276
0.24103698
0.16294746
0.37571117
0.10938802
-0.17765829
0.14741103
-0.17166024
0.3139485
-0.2007122
0.16951817
-0.111204125
-0.09688941
-0.098546445
0.118521154
0.177866
-0.11390407
0.071871884
-0.15360035
0.10863727
0.13128665
0.23652665
-0.077439755
-0.13583913
-0.014298268
0.39630637
0.08460456
0.21513711
0.102746874
0.066771835
0.24642518
-0.29064086
0.2717773
0.04796785
-0.023848712
-0.1781327
-0.118700184
-0.2532753
0.065895475
0.07387757
-0.2192423
-0.07435582
0.31691328
0.05674325
0.36691356
0.07025283
0.34334543
-0.08710483
0.048725516
0.086413726
-0.22687337
0.33022273
0.25546828
0.16896352
-0.15725589
0.027548624
-0.326061
-0.09012431
0.28241152
0.16797453
0.15830475
0.28477174
0.04906447
-0.048473116
0.30249006
0.08544601
-0.2763552
-0.0873127
0.07819925
-0.19160908
0.25183433
0.11194227
-0.011037369
0.08711017
-0.30939552
0.14484619
-0.2312004
-0.08655253
0.18148254
-0.11258431
0.016658433
0.1071523
-0.31523693
-0.020883048
-0.22374722
-0.3156502
-0.20871027
-0.05961001
-0.13651678
0.34861156
-0.06050269
-0.011990268
-0.19869731
-0.17337565
0.3083353
0.06606926
-0.08675762
0.3216647
-0.12964685
-0.1929192
0.062073406
0.24710326
0.018183202
-0.2666263
0.3101998
-0.10909073
0.24923256
-0.14918171
0.08086398
-0.16469373
0.3284549
0.15366682
-0.16491
-0.17221652
0.24844894
0.27431518
-0.20542482
0.19521847
0.1350411
0.06144729
-0.21241063
0.07927606
-0.20645571
-0.13014022
-0.037523378
-0.057673514
-0.112890616
-0.20534952
-0.18258205
-0.24467328
-0.087731905
0.012072198
-0.07042593
0.09149414
-0.24013479
0.31085598
0.035573788
-0.347537
0.2381126
0.35609826
0.21879005
-0.29896545
0.26202017
-0.12624796
0.29511353
-0.262048
-0.09185362
0.19731332
-0.23574887
-0.044403724
0.34022462
0.19980347
0.32998803
0.16331771
0.13223135
-0.00811433
-0.17268254
-0.2680516
-0.38424549
-0.26263273
-0.016529638
-0.074165426
0.097534455
0.26507664
-0.122831196
-0.3440468
0.15996297
-0.014346346
0.1657447
0.09749104
0.30558684
-0.18256095
0.20303927
0.327717
-0.056887954
0.41745976
0.018004073
-0.3282626
-0.3265839
0.42344972
-0.03846563
0.092093825
0.3130001
-0.100494966
-0.11582957
0.27085236
0.32233652
0.2709875
0.20574258
0.17010172
0.108220756
-0.05674416
0.2033095
-0.2322426
0.1558558
-0.06820115
-0.29107574
-0.17573042
-0.070471
0.19631352
0.03071767
-0.017077204
0.025538998
-0.28043574
0.2779371
0.050999917
0.23101142
0.31958368
0.18999639
0.0715189
0.33120796
0.09784074
0.02115538
0.38393798
-0.2452364
0.03848735
0.08014277
0.33372864
-0.13066356
0.09067218
0.060692832
0.20016886
0.043924484
-0.39975265
-0.24142198
0.17098036
0.18613204
0.2293698
-0.24665251
-0.20207307
-0.046704683
-0.15062544
-0.24504589
-0.31956124
-0.023852533
0.13051374
-0.009535593
-0.28633925
0.29677802
-0.21293642
-0.16565077
-0.10665224
0.079239465
-0.29068056
0.32823494
-0.22671822
-0.03201501
0.059998438
0.2614758
0.281561
-0.23960301
0.028534187
0.24366838
0.16886114
0.28603554
0.4330827
0.277932
-0.06433892
-0.019908845
0.32572123
0.15669863
0.21151163
-0.035812795
0.2309247
-0.0065508178
0.017156111
-0.3305515
0.008435838
0.06687077
0.16704294
-0.0043918244
-0.06393567
-0.16164993
-0.15912382
0.33740804
-0.30260506
-0.33029646
0.25356713
-0.23740087
0.23725599
0.22445306
0.06363051
-0.25804308
0.19708143
0.1528789
-0.13386853
0.24148545
-0.048588455
0.016579777
-0.21019143
-0.11014705
0.20502535
-0.0484791
-0.019005505
-0.04996246
-0.0723127
-0.4394935
-0.1493821
0.18449011
0.16818309
0.041874982
-0.09369218
0.07007332
-0.20291445
0.08830972
0.32014558
-0.20803009
-0.33306324
-0.1682161
0.008352471
-0.36802965
0.22736718
0.0510598
-0.016255755
-0.348782
-0.02743894
0.19151074
-0.23743227
-0.03459693
-0.04867079
-0.38318083
-0.13319245
-0.14555822
-0.27676594
-0.19351894
-0.024910599
-0.069702
-0.10112134
0.24820639
0.23206207
-0.3587026
-0.44793808
0.24881619
-0.1042563
0.21642895
-0.32550183
0.25176403
0.14429498
-0.2817796
-0.021036668
0.2341766
0.0857133
-0.2068922
-0.008984387
0.14152218
-0.18884705
0.023909777
-0.29200268
0.06357683
-0.07344386
-0.19301204
-0.110979676
-0.20325711
0.36003917
-0.32322577
-0.22293167
-0.30807623
0.2474815
0.010675235
0.27858025
-0.0032591522
-0.037482843
-0.08296101
0.068735756
0.034770418
-0.07149868
-0.20842706
-0.30063182
-0.035030812
-0.09161238
-0.21529607
0.19674967
0.11812553
0.09871625
-0.22573608
0.004417483
-0.3968124
-0.09872168
0.31270632
0.23577037
-0.0033546733
0.16083235
-0.10294379
-0.14166622
-0.13164903
0.3244547
-0.11468108
-0.0015431005
0.31858012
-0.31134626
0.31012654
0.14089824
0.21501926
-0.08301711
0.10387573
-0.27250597
-0.17661932
-0.2131992
0.3884806
-0.10615648
0.28800085
0.01935799
-0.15940592
-0.35951832
-0.00282982
-0.16742957
0.08604635
0.15836523
0.02251045
0.1350219
-0.14259012
-0.3915102
0.272943
-0.13991432
-0.25547785
-0.021326343
0.16843018
-0.105847634
0.0029184222
0.19737454
-0.17767054
-0.25163743
-0.15712023
0.009860903
0.27676234
0.120397985
-0.30386028
-0.294633
0.14396472
0.17291513
0.008058692
-0.059225738
-0.27086523
-0.011561203
-0.00604704
-0.37597856
0.057924908
0.02881208
0.063964665
0.13847789
-0.06712583
0.22757486
0.17273529
0.34054574
-0.03125408
0.021202495
0.31851038
0.06047836
-0.3033549
-0.26005512
0.07956491
-0.4529313
0.1906218
-0.065169744
0.10563254
-0.20805855
-0.16997646
-0.20929521
0.067617476
0.23371974
0.05572264
-0.2520139
-0.05192107
0.06782902
0.14488782
-0.122136384
-0.28665212
-0.33674163
-0.00519591
0.13222606
0.009644971
-0.07976677
0.107133694
0.049579624
0.019503653
-0.060428016
-0.052365948
-0.020941615
-0.26230487
-0.24439728
0.12241377
-0.27805492
0.04948897
0.13681506
-0.11860709
0.1286346
-0.22743444
0.038631026
-0.059058655
-0.096774444
-0.09176465
-0.13314289
-0.036225285
0.102961384
-0.13694108
-0.25315514
-0.26038364
0.13065532
0.15898386
0.079523176
-0.15095377
0.24155785
-0.023181796
0.20244
0.32250836
0.18944421
-0.30940023
0.02540942
-0.30075338
-0.014183076
-0.11395571
0.06929731
-0.32573506
0.10817313
-0.13980702
0.023988912
-0.14676087
0.10790196
-0.30387306
-0.25786424
-0.21212113
0.1761487
0.26283196
-0.23635958
0.039336503
0.16237035
0.07762119
-0.002802968
-0.30639544
0.25449598
0.2591232
-0.09664637
0.18353683
-0.27712932
-0.26246417
0.30369338
-0.23574981
0.19687298
-0.19883168
-0.17183475
0.21458137
0.31795207
0.019752186
0.20750444
-0.20661153
0.22878163
-0.077599436
-0.11999444
-0.023041263
0.0902553
0.32291615
-0.030317394
-0.27083465
-0.13283725
-0.07497217
-0.07844209
-0.14827995
0.26641765
-0.059411697
0.15093517
-0.32356384
0.35226762
0.30255046
-0.19246028
0.027477145
-0.2945653
-0.00019699645
0.13667206
-0.14815614
-0.10423571
-0.124911234
0.064770445
0.16775836
-0.26507688
-0.28092572
0.1598733
0.31035927
-0.14468306
-0.31817657
-0.1482783
-0.35356036
-0.12779377
-0.30023763
-0.14203675
0.2949717
-0.18540528
-0.27314687
-0.1644853
-0.33155593
-0.3273813
-0.27225143
0.23929414
-0.20806755
0.11063698
-0.15625064
-0.08658141
-0.28123495
-0.19068868
0.3514115
0.06388117
-0.32898596
-0.2857583
-0.24606161
-0.007752901
0.15566836
0.11114188
-0.108931825
-0.24488574
-0.25468734
0.007627707
0.24492262
0.33857223
0.24994871
-0.3627838
0.010497481
0.20180033
0.058804903
0.111521214
0.19181316
0.3620058
-0.053323187
-0.051519327
-0.25781772
-0.3567155
0.070178024
0.29407582
-0.34404
0.2857498
0.23730324
0.23686601
0.24329324
-0.31769103
0.10411975
-0.23105364
-0.29278496
0.28072527
-0.13225764
-0.33208194
0.09019621
0.08351672
-0.31611988
-0.22124046
0.018584091
-0.30915153
-0.13068864
-0.2848742
-0.14386454
-0.14140372
-0.036563363
0.0955372
0.09237873
0.27994162
0.21767394
-0.030292321
-0.021076174
-0.12706229
0.10060256
0.32964137
-0.065466404
0.33184686
0.03693329
-0.20109814
-0.010270208
-0.12083182
0.22799613
0.07490133
0.23799208
0.13749218
0.2565351
0.09900912
-0.2659286
-0.17172007
-0.2875207
0.21466489
-0.1777233
0.104893185
-0.035203718
-0.033887
-0.10905105
0.15351366
0.1309678
0.23175035
0.23250796
0.31498438
-0.131606
0.26562816
-0.22286338
0.3464553
-0.049200565
-0.08025415
0.1711557
0.450776
-0.12710667
0.3563745
0.21666977
0.28592944
0.19351946
0.1302306
-0.24064364
-0.055500045
-0.23950514
0.24419644
0.22509633
0.13370126
-0.10907916
-0.10462647
-0.18193355
0.3066583
0.21573357
0.23474784
0.15323426
0.013342578
-0.2598844
0.03439488
-0.073737785
0.016320499
-0.06073245
0.061958045
0.041765332
-0.011244024
-0.10725879
0.20885102
-0.32310438
0.16603447
-0.2991473
0.17437455
0.19021668
0.254084
0.056150697
-0.027915228
0.2779415
-0.056840114
-0.2912081
0.0825848
-0.019227657
0.033136662
0.008132288
0.011278312
0.0
0.0067721815
0.04746246
-0.018958751
0.0
0.0
0.01603896
0.055281494
0.0
0.07520325
-0.003745015
0.01236342
0.016910352
0.0
0.0
0.0132526485
0.0
0.05689023
-0.029698439
0.0
0.0015497028
-0.022232596
0.0
0.0145764
-0.0061288397
-0.022766674
0.10014383
-0.024643831
0.0
0.0
0.0
-0.016379695
0.028142728
0.11041359
-0.07620609
0.07746954
0.0
-0.019195342
-0.015976079
0.0
0.02937524
0.02882024
-0.040070213
-0.019543095
-0.026673574
-0.021808997
-0.019718185
0.0039555547
0.0
-0.01870283
-0.011121262
0.015826467
0.014689984
0.0015520355
0.0019294312
0.029686738
-0.02813682
-0.028745623
-0.04897228
0.0
-0.0346642
0.010964262
-0.014806829
-0.01822312
-0.00031030813
-0.022577744
0.0
-0.0027920064
0.0605471
-0.018662728
-0.019835792
0.031774405
0.015181423
-0.0015820421
0.023836248
-0.012929828
0.14055921
-0.11880484
0.056088638
-0.083566494
-0.13518162
-0.08749681
-0.25065595
0.13934161
-0.24914518
0.17383903
-0.26984155
-0.0926523
-0.0017184019
-0.22222143
0.22641379
-0.055417873
-0.05516762
-0.0944055
-0.25334498
-0.07306769
-0.044830605
-0.15453114
0.08526872
-0.026926368
0.074093886
0.0386359
0.0062852204
-0.12215039
-0.04028893
0.046616185
-0.07088535
0.078855686
0.158829
-0.21944141
0.0770511
0.17204902
-0.187101
-0.40387347
0.33294794
-0.13225901
0.23371059
0.110408485
0.19185576
-0.046304673
-0.13128473
0.13836502
0.07153423
0.09922681
0.25571987
0.18191531
0.10421571
0.28322873
-0.11577231
0.14396472
0.076038554
-0.2050629
-0.09799026
-0.02108523
0.12848578
-0.13781121
0.0849086
-0.07386609
0.24048693
0.09730676
0.19164146
-0.023330692
-0.039211318
0.22379497
0.083839536
0.16516784
0.2056694
0.15170126
-0.051075097
0.17654192
0.07246098
-0.14902677
-0.12541242
0.19496788
-0.13767178
0.10768923
-0.017073581
