49
2
80
1
tanh
line
1
0
0
-0.330604980605485
0.35279498638875895
-0.230981065802618
-0.49804218248190796
-0.20438749190073602
0.313124246420356
-0.12210586569719199
0.10258675757637101
0.223043875262822
0.0734712947868386
0.41526387728689296
-0.16294995534113002
-0.0397996136681528
0.0273377036551638
0.106773449290119
0.239516437082409
-0.46774478117822604
-0.321565082394114
-0.289317452642273
0.0783182978247461
0.16942678490570903
0.20885291479532503
-0.257566386703726
-0.0037053009275762397
-0.341801712760756
0.11598571604694902
0.26854035660099895
0.11721420186272001
0.18433991787616502
0.0284708344331142
-0.12121364676967401
0.131904157931788
0.0837866440485538
0.0342077478883202
-0.0345466691655044
-0.08521438260464
0.11407961702759899
-0.31428190585719107
-0.17811290052364498
-0.0523123503115729
0.0300467178615743
0.30661664217095097
0.0559213710429813
-0.19917510074886102
0.175182270071953
-0.10111648440131901
0.0918895050248666
0.0802260089364734
-0.0992708099234369
-0.43327527703807794
-0.33753316299271396
-0.11575120671553
-0.10984989831163401
0.305842909943032
-0.177638621494212
0.165988207882492
-0.379195948480248
0.32389937058617496
-0.126043199613095
0.0437704546850051
0.17850872912083898
0.40922373857516897
-0.307032519117328
0.152597481179332
0.16540213135099402
0.30140020370428006
-0.216392336286983
-0.276382471158555
0.26277503008951003
-0.190919979953423
-0.19691718619475398
0.0574292001589664
0.386439017888098
0.23788322952223398
-0.22243127807121302
0.0681634980263362
0.23140507106077998
0.37484247612295596
0.178047593137026
0.307685316519903
-0.10106062526281402
0.0418406814058647
-0.0597234266552099
-0.18169790010136702
-0.0476423939067566
0.19924536687265304
0.18654558211243802
-0.258598094182799
-0.0355436016535772
-0.09182471769876199
-0.171504428298488
-0.317095837418095
-0.30148041506940004
-0.12447827426490302
-0.10231462411092099
0.28179551588977503
-0.0782775550158924
0.18833866364342802
0.40283491751460604
-0.0245608591707378
-0.114416625016695
0.324391759197585
-0.0882415746271455
0.298093681248214
-0.00119783117010645
0.13445653587246
-0.334407331142031
0.228027731078364
0.10659236702444501
-0.183493114911658
0.21195767183660197
-0.131404703237256
-0.317712880847014
-0.0176012467189396
-0.19697723872179898
-0.0210989601613816
0.0713616867649982
0.176780899333557
0.0647809337548188
0.10878249664156402
0.145339610152315
0.39103280437004106
0.0942000451297242
-0.0347309578291048
0.385083335339314
-0.0150373153593011
-0.126601630137159
0.297772312441153
-0.12616894407027698
0.257325237742754
0.147141152804614
0.0386490236693458
-0.0722656256160117
-0.0279044940554126
-0.0097959789556211
0.246231334828341
-0.0353176332302342
-0.0169154285568021
-0.0632891523122738
0.11155828299664401
0.16488108651212302
-0.0454399418023246
-0.179996773481312
0.00171209290622926
-0.0681946497540533
-0.20509071936142
-0.0625504608797839
-0.15686723943248998
0.11471914212578699
-0.0696316658291131
0.082319182755797
-0.0270623598157552
0.11357412993673499
0.322246419872455
-0.008261009066602959
0.226992775862294
-0.20326982536248397
0.282696301222392
-0.267238645541506
-0.0758841102698357
0.12401503522512
0.0137578037501343
-0.0895627077766429
0.11137086346967401
0.0779879793638824
0.17678169092858198
-0.0694825388167907
0.0366893650065413
-0.180918984728138
-0.0327453796584788
0.222135441414799
-0.0202551191607945
-0.0708512888152749
-0.19665601066285898
-0.27146584067338503
0.121084204809284
-0.0788343564102243
-0.0791388012710722
0.28242487240145897
-0.179992984995874
0.235568766860012
0.23608682826181304
0.0374251390297358
-0.136764485595031
-0.0660271158448444
0.24784206430366895
-0.0900039645446447
0.137266143816199
0.261095710875066
0.190779804037113
-0.0567946532882693
0.25678957770551397
0.0443323847263685
0.320167313860583
0.20829251469407603
-0.141331783647923
-0.17472770206607502
-0.0488999806726379
0.0901531953299228
-0.15881007504364
0.423259952492735
0.15754602178693303
-0.196592157426834
0.0557620537649704
0.37782873385545
0.0515001067229862
0.0550705701854313
0.0426565407797415
-0.139250073546176
0.15662820863595497
0.0122097770513765
-0.42220911278071205
0.0742971956801511
0.14878112226707801
-0.18400908618881698
0.25258989597843495
-0.383140875559515
-0.13247546011226
-0.12981730837407499
-0.238966134353927
0.19740171434405202
-0.39213840167546005
-0.32214139288918603
0.219875851546187
-0.163156598515202
0.0704323492951845
0.0113021072099379
0.21444690221735602
0.228609298357707
-0.0368801526501608
-0.12085370230253699
-0.0512046965062643
0.18538078115054604
-0.21564961498852697
-0.18693758907923397
0.28427268588420695
0.16936962062577804
-0.241343329388834
0.305181596504757
-0.22378178421136397
0.24024292775122602
-0.0759922235663699
0.152939907966327
0.19684322696829998
0.00453406911433914
-0.10478846842652499
-0.317887265959083
0.0820296716583102
0.11606318749045
-0.12503795848545
0.127361350652006
-0.0285490303882381
-0.0914842660123144
0.0415840820252343
0.202793037818084
0.303522724958324
-0.25083723066938396
0.0396014226906003
0.33425207872010904
0.0130309153485682
0.280781490728326
0.0646577262088364
-0.209229389507305
-0.0127303094954688
0.152853435344721
-0.0201402828588336
-0.0663187370472758
-0.18177451185391003
-0.17143532827165697
0.00508763477781008
0.10574493144368302
0.255178338033393
-0.219224215068314
0.0194959280092864
0.16125282780119798
-0.0216964160821038
-0.139392749776414
0.245990360869575
0.0417784122446002
-0.0273967548224142
0.31655042876800393
0.11547691597544199
-0.26416900149326
0.20807655411953402
-0.264062685086278
-0.277155731329622
0.375855933984425
0.14177820723863402
-0.128937699725128
-0.0176730561554434
0.0506850707162989
-0.194523970576818
-0.0344747454288717
0.152175995018254
0.00768554589396342
0.411807151516005
-0.0951064890700408
-0.348310887886104
-0.060997305547564
0.341221281654625
-0.11731131542207901
-0.18278194034554898
-0.289060625249077
-0.0337271661246158
-0.0647383084739705
0.10681454513502302
0.19190594720947501
0.220441504270761
-0.0569239707259611
-0.10668492266162799
0.268534558233182
0.24102159340006601
0.21588877215717897
-0.289695149104132
-0.00107436515869408
-0.16001302399187198
-0.16244285457808702
0.33353390847889397
-0.36472170025643696
-0.0634262554438848
-0.0363995081571449
0.16133386946074302
0.269248255542185
0.0753904403478237
0.238429714292121
0.23155981839399803
0.12265966449775802
0.32913781449933
-0.228609500093083
0.328508203517225
-0.0421813040246901
0.139218331400172
-0.27345611306775
-0.24592061366465098
-0.0970472764491952
-0.0060349770961988
-0.0499347996499433
0.296701848844615
-0.0606967614573971
0.15320793296970903
0.00486914460523481
0.152178677902704
-0.0965825548000211
0.22307282130331
0.378027661651826
0.154567927209315
-0.21394148721643
0.139072621973324
-0.25151618024636
0.0229315676255168
0.0888150860914942
0.17119286096704503
-0.0774456366851476
-0.0902957385813657
0.22483622744653
-0.328792202562466
-0.129725188780532
0.23853036704070602
0.0226625319910446
0.0854090940491879
0.381001683454437
0.220512565548307
0.32046492601080395
0.0397776535596568
-0.29961039185966
-0.196671746183772
-0.0423262392843566
0.0564505585203916
0.22437520820605397
0.0243713847542869
-0.150342338295057
0.41706121639736204
-0.129241753114001
0.291069156452003
0.216485751395558
-0.0456005177086226
-0.140487178482639
-0.0562813587416556
-0.153765520748228
0.366294060216367
0.0128089910179673
-0.31271924744662605
0.180893204633374
-0.0238541728615574
-0.126373643607563
-0.23030723904743103
-0.00546772891279394
-0.236350804655436
-0.375494775471249
-0.000914227791468475
-0.0955212619256682
-0.0251637174557908
0.0739417368918704
0.29614203129984995
-0.17256413883246802
0.279565642432902
0.31879900994419896
-0.207172245158182
0.14542353340363298
0.266666384012034
0.134341711923693
0.0228026996811373
-0.237203652917624
-0.416039868188642
-0.13770040812540102
0.0105584806191499
-0.327306639935993
0.235005206160318
0.32017237192618897
-0.0561454431645302
-0.32789500460613796
0.0231633801256513
0.21838439959971104
-0.267596711200425
-0.0038832828647686
0.0124556600307635
0.24770666901724697
0.0175233382215977
-0.0617962511847363
-0.0963220704507581
-0.38075267921306
-0.34008342371422606
-0.0667491201787715
0.0605138418306345
-0.21601667059005897
0.33690408128635896
0.0786703051292398
-0.11048252606590199
0.38151496627502596
-0.278856507518322
-0.00328605645438547
0.11738283569357598
0.0829557145966946
-0.298901639006301
0.101117725993753
-0.28094325432177897
0.0874499147776753
0.08805506095853201
-0.0853672273455939
0.330868825878383
-0.137843569157884
0.134224883441238
-0.0902578054000407
-0.10141190744581402
-0.11331447587587301
-0.20660695506852803
-0.261472871588978
0.10100776193355
0.176176956829136
-0.0107438657315142
-0.22563677381241
0.268464911720953
0.44830756171233704
-0.036919277067433
0.11526580473416198
0.0298075098960909
0.38602226462086997
0.269501864165462
-0.0895727763709904
-0.212309050258978
0.126703854139966
-0.281960294766888
-0.234601578244644
-0.14379041971395598
0.0614588678862287
0.0752096026032806
0.17277095548583998
0.37700120640645207
-0.0374717686524292
-0.139108350827491
0.17899999201972303
0.0765642630633254
-0.0872358136190694
-0.0693516276595356
-0.18578220901161
-0.0522551676654225
-0.138118822049063
-0.327660955167659
-0.23767449439528301
-0.0798019146082755
0.203044220059193
-0.13009933844857302
0.080971546773071
-0.00592017964275673
0.23751300536633604
0.0911662719350586
-0.11242232888899499
-0.035330207516217
-0.147762232028724
0.320209017912592
-0.0464153000741233
-0.384307473968177
-0.22786395435662102
0.131064670318136
0.22586957209053798
0.09423570365553201
-0.351840446632055
0.16447253665076
0.28021964178611697
-0.134144486731634
0.0463920138995626
-0.15548771890635799
-0.20490560602289398
0.0249892028767432
0.21373693631086801
0.353717730039123
0.161074513667302
-0.393517177561742
-0.19167583909562397
-0.140239363157491
0.0121518292400912
0.467573204479476
0.052296018899403
-0.0629959983530127
0.193181229938869
-0.170475982238857
0.0889841589801998
-0.11806633211467199
-0.0177535213892191
0.205264131628568
0.174942204741958
-0.321537662020613
-0.0660377431673646
-0.0600768752974081
-0.0167565676672886
0.00490634989806234
0.0863821753023618
0.228118061017906
0.20195574808929398
0.465452931572465
-0.291912179523789
-0.0468702552549448
-0.0251648475492773
-0.0665647607320208
0.197585036678936
-0.215570651342097
0.10931843166138999
-0.20046263348171497
0.22677706645861498
-0.0990689831637578
-0.23810561547819398
0.218822887052946
-0.173671708542625
-0.297202367464661
-0.32421110278032395
-0.335208413884861
0.0577006394285932
0.21049034982201603
0.280559530657828
0.10558354201637801
0.11618203494169399
-0.0764469854813178
0.117830724611857
0.399379774970562
0.009383694060081191
-0.0821246658352601
0.146158397678109
-0.143064465915025
-0.18649025489239202
0.136782961728659
-0.11050285160426
-0.15429520691572698
0.253455397682828
0.0916861323915438
0.16647037087072597
0.311772185866594
0.0636974181173037
-0.0880686482080693
0.158095393452064
0.462945799718784
0.19054025859269397
0.11154747808216199
0.132924095753846
0.00964981520343839
0.0849722902475711
0.0813906130307954
0.232674871998818
-0.219660459292568
0.371185213369558
-0.28218537065926297
0.20741361346389398
-0.0713666213875035
0.007874357851387691
0.0717688744173868
0.0482681570031137
0.183066427878323
0.000535146068968393
0.252976208596798
0.0613067405537957
0.133921387327997
0.07673053433108801
0.0756323029005971
0.203377795398314
-0.185381364213899
0.0171688392144144
-0.23446364318753102
0.288583831348406
-0.248313638639768
-0.22848965494747103
0.151257478634583
0.264586446857614
0.34589261390840004
-0.0987353686126662
0.0542024749128404
0.0414162433383335
-0.00824374398370023
0.256716514046209
0.28831183611851396
-0.20821909887950898
0.0817731590259064
-0.29694539272441195
-0.136185046965959
-0.00011300616341998601
0.269090939411809
0.44988055104453206
0.32942694521467997
0.200677421557834
0.41974050820195896
0.196469214633716
0.0795699854042993
-0.0962690018034544
-0.00615240515620398
-0.108998930678205
0.0159114780892082
-0.0351196117490158
-0.0687638861887093
0.0541781830968174
0.25412343514514396
-0.15847821521292402
-0.19247163895489602
-0.0536965710540839
0.0498669890132069
-0.140666978060021
0.0105911281181429
0.150032663296922
-0.318100297566231
-0.00717467167957828
-0.30773028002374797
-0.0890340725152874
-0.0486774703119173
-0.228305440857499
-0.169876569301496
-0.0486752171715412
0.24674712709018498
0.234309510453755
0.0019331717263870699
-0.118295468795032
0.412148237571546
0.19552141185919003
0.33208936699184305
0.223088016527124
-0.00424209783668249
0.24074009662295698
-0.0641885101514618
0.268789335659618
-0.048729298251504
0.000366193142184116
0.21683153050328302
0.0355288009951065
-0.16145561192577
-0.219375109066649
-0.142386186495869
-0.282011527582405
0.0355670943191793
-0.11421995420679999
-0.16916870596937802
0.0981808609534995
-0.0462012095527783
-0.0488384047001875
0.118880563120919
-0.14958425322418098
0.0164238390399946
-0.12257767508683698
0.0527647364073693
0.0535106382582758
0.34275762408831395
-0.171536146818422
0.062268463605373
0.37842377715703496
-0.145272329661955
-0.0991244531389748
-0.0740676961735667
0.277906839708628
0.0876707281125488
-0.106615866523762
-0.0691701414139164
0.0507252878861849
-0.105582709798312
-0.314231920868041
0.32749142593823
0.0549750151423302
-0.0708553934905815
-0.267362500818276
-0.0189945217110326
-0.0992561575257594
-0.113041406622465
0.265497533848503
-0.0290046529270098
-0.310896441076132
-0.152940065856997
0.174937507343796
-0.23589974607580103
0.40698157097115895
-0.0812107294692492
-0.1023906973753
-0.290305516136805
0.287560100221693
-0.372236944302421
0.21055046660712398
-0.184779924500161
-0.11837233121568701
0.228208996075424
-0.27830395872215596
-0.0197039542917775
0.20472937326331
0.161547884047053
0.152968972165004
0.184424887467857
-0.0358465482641391
-0.213268673983462
0.177143535881988
-0.20454176293466897
-0.20661492999211498
0.29733176825513397
0.0822495217864912
-0.14747456925875302
0.256875766555776
-0.007936782235957309
-0.150744935299607
-0.37958025641416104
0.144164635960039
0.260021210618685
-0.23871819902141
-0.35584041888884405
0.0523086715333372
0.0537924512261039
0.10769067098644801
-0.425766032461171
0.184476163489067
0.333838517252342
0.15892726359731899
-0.30394489541085495
-0.0480230785065348
-0.16923856234346302
0.0997590332936192
0.15996946148841298
-0.13963065448423198
0.13130636715349
0.22009126657720202
0.247686452644763
-0.261504224151697
-0.32222126284887603
0.14841252960107998
0.292486728301498
-0.26356861994281305
-0.0808145224339677
0.0373271435590429
0.00515041884391169
0.18840723504426896
0.17453946385681
-0.172442706534178
-0.225954386105644
-0.296611033954861
0.16447428070597
0.243890949707985
0.034033655724462
-0.398062666503571
0.324290282922313
0.0034920422940375897
-0.127925439991008
-0.228669302332858
0.06124133340022099
0.0378705165835205
0.0715966989619047
-0.0801489028072557
-0.190180938126792
-0.263087740357206
0.166016697150507
0.0223752789605065
-0.264364451012716
-0.318003793594098
0.19529542762575303
-0.10105516061619399
0.161153853954255
0.25730164840477804
0.10474492656328502
0.132433446172163
-0.27866820994992203
0.10774155649669999
0.24640418212291398
0.0858304522616187
0.238142242857572
0.269512609892262
0.25698845025762806
-0.12270997840566099
-0.261879002908641
0.134922743196313
-0.390567530676954
-0.0386731780295999
0.15067767939856197
0.13516065938334
-0.162761415680557
0.137470562163778
-0.10383625742543301
-0.261290816326974
-0.11209711570088601
-0.254811984924319
0.21641554069249302
-0.28054364299669604
0.27021516370891
0.285288159174884
0.2201499660801
0.0336032444823711
-0.183132382643135
-0.28855581796677
-0.0984459911671544
0.32547316150712896
-0.10058286164733099
0.26690458295036895
-0.133270655820571
0.0737667773428263
-0.057943414402129995
0.0935847216997641
-0.261243073502737
-0.4045158575465129
0.18746726219494
-0.111135766244989
-0.203595887627242
-0.0969241858306179
0.39308858034335703
0.0253339342645428
-0.147779983039602
-0.0748509212242188
-0.222523988596587
-0.0334493536397465
0.0647034070626526
0.226527998643465
-0.16442757548219197
-0.0872823416475609
-0.358857106821104
-0.0728286705517527
-0.0447077741503771
-0.143123847305417
0.0373429500219492
-0.0986709872635098
0.34811991573523404
0.253378031770366
-0.0636229572301024
-0.119115992257633
-0.125943434540547
-0.00961607826668945
0.164499969701909
0.281994028927926
-0.37134541414513106
0.22829825763053702
-0.345700753920208
-0.11698336442933699
-0.01438025157931
0.340685569463736
-0.236746279732779
0.29441187711855
0.118301606049825
-0.252434102651245
0.225993975592909
0.21114590858019397
0.25750122734965103
-0.0491299644030281
0.0251196839303913
-0.0968006809881631
-0.16249048884499098
0.194945180660098
-0.33199960378146504
-0.0988082907866145
-0.0396300062147344
0.255754783924192
-0.23475759199617102
0.345044700223674
-0.11677429408389699
-0.148279261660792
0.0476392333803489
0.0146452155376975
-0.19815323249261105
0.3193109821410611
0.140902463807068
0.109922057723036
-0.35485378915289795
-0.0838205519693372
-0.0373021643629517
0.010749999973180999
-0.161271172083625
0.128761183471344
0.240729562884353
0.11995706434508
0.23688487469172798
-0.270466888781231
0.20326428318956402
-0.413922204546931
0.0957638496581573
0.18082289150882502
0.532354117074697
-0.0953916103668526
0.306804409946077
0.0568722278118286
0.0564924927631864
-0.18292488355046202
-0.328956693420503
0.0856837107732094
-0.278198763533664
-0.00773796267175845
0.0354068481481265
0.22008352707617101
-0.00865326319091512
0.372983782464709
-0.35472180714218393
-0.0694113121879685
0.169315627566814
-0.13870906837594799
0.26485490234082004
-0.00975396628715787
0.126678169369485
-0.045763804747858
-0.149732571259284
0.32819122249489596
0.20473990608303397
-0.00374189546881686
-0.0849024850949357
0.139402238928272
0.109760032602937
-0.37064488287201897
-0.466678898492192
0.33125809187384403
0.0430879890837046
-0.391597519986969
-0.30110625147130604
-0.27374118485509896
-0.0651163561241423
0.0103140648818395
-0.0989394510662703
0.013426443162683002
-0.285372786309633
0.26864022825172895
-0.0650154268645522
-0.19355451627106102
0.146540725718653
0.013729495639299
-0.0742314893095545
0.0121510591356885
0.365007007612039
-0.0302516915941303
-0.07867014213211299
-0.23327105553781302
0.0905254035994043
-0.412127175774991
0.3698747883348621
0.0229883034110961
-0.171606204896868
0.0450542938545998
-0.311047180594326
0.11581116172725901
0.136724327651393
0.311475235712339
0.312566603506719
-0.300114685080904
-0.18824301001492
0.3759018097383
-0.20637900969912695
0.349833007181777
0.22935758745599602
0.136453247360303
-0.265373758544654
-0.16705904691453102
0.28182419764660305
0.22167394603670898
-0.120924377212541
0.0663988852296736
0.005602489929258389
0.15236399623625
0.338391726426969
0.345875581915179
-0.131663460167663
0.140266444266475
-0.123869455682681
0.242569106461583
-0.19860790046705998
-0.17734334780098399
0.10647235350226801
-0.27907261126571503
-0.0740502611231466
0.273345802852968
-0.0240245309087861
-0.22989832286978
-0.142283471311762
-0.0983280644016645
-0.0315651997544013
0.0410154409844334
-0.19281757339518
0.284151839733028
0.33643139265327604
-0.159214636066148
0.0530287471083722
0.322737331485615
0.25499194659276103
0.10921698898596
-0.264693407593037
-0.168987789476564
-0.0544032316408509
-0.255924503730256
-0.117290633616994
0.22994111975953602
0.435873700118312
0.148775872514144
0.22990643562704102
-0.20147789092837698
0.0293178476741597
0.218686355841565
0.131047887128201
0.161563064956227
-0.255526892834124
-0.0275766640793343
0.0262128824327692
0.0505903419054673
-0.0738495995276401
0.405161991647851
-0.0381796591342336
-0.0117959889290019
-0.282529215367667
-0.05228945619283999
0.276516796063261
-0.16521824876508803
0.31103956890774703
-0.0867631139503362
-0.0485307917813849
-0.23662045579795601
-0.12454076038701199
0.221539172571976
-0.257614476699833
0.24794910008108298
0.10991534443881401
-0.0602654222778663
0.21453119838055998
-0.0331183631622613
-0.022990746320617997
0.333204455313607
-0.133663018169833
-0.330125641280706
-0.0509854187852105
0.0733141981798148
0.137672332106123
0.396890124981529
-0.205725063634825
0.0397524397529208
-0.00115071713037789
-0.07208053948646902
-0.0291936345647896
0.145455048195831
-0.0246093340955329
0.212905958905363
-0.142920477593586
-0.20336241621937598
0.228666892441159
-0.0486589018492462
0.20950634795146397
-0.0517032386275913
-0.22834858365366298
0.29055241500032003
0.36724503089825505
0.276257265687023
0.20745521203273498
-0.270964442464374
0.12344161771235303
0.418281926814356
0.10109708565530098
0.277328951816277
-0.10288354370293301
0.27518757592717497
0.34232040798301006
0.171479614992131
-0.0284991839372245
-0.256380250491435
0.0747907552038353
-0.33841595638723404
-0.12389263942249401
0.273980255280514
0.125888124157424
0.00642175894274031
-0.0694581547310184
-0.20344540716204698
0.330488170328034
0.350627466710964
0.16391689922961802
0.313145965201532
0.0691344943217172
-0.24490225491367199
-0.171232992337222
0.0452147899026585
0.21130326312911898
0.214209000375638
-0.0711257166535776
0.219681009895132
-0.267050379336958
0.0783926461726879
-0.12440409261530802
0.16432055377493301
-0.386822379242661
-0.246749736366462
0.171835068241341
0.0270232120115433
-0.206441308930621
-0.0603523106565933
0.0249194405531222
0.0273012826484505
-0.0985920922991088
-0.152345962147866
-0.281953751857818
-0.0260820438576103
-0.0226623765566017
-0.204333548979468
0.0659928801511286
-0.222452002020895
-0.105097241619422
0.213361179241761
0.11007620596566399
-0.18467526599079395
-0.328598753843281
0.0604067555865076
0.194528886976242
-0.129982494600417
0.13322752776319
-0.0541232976541482
-0.263922253939529
-0.27676532327718395
0.378025807413665
0.17979724940594502
-0.20840675852353896
0.26499109482078
-0.27773765834683
-0.0334273764302396
0.17371945836713001
-0.12013374704235301
-0.013642512336321999
0.23203441683367398
0.297031620279548
0.209473756781228
-0.321653188599819
-0.254912318315388
-0.1342247053841
0.0804887023322602
-0.00446645508663631
-0.24752447922720303
0.00854178916446012
0.178940442546282
0.28632499260539
0.308946066199914
0.0146454388715422
0.0831311383067814
0.10292870136066001
0.208648753785422
-0.308048926393244
-0.0794604610362599
-0.42693251983899294
0.23519512441284102
-0.0181151209045684
-0.0784224712680412
-0.265366502558816
0.0615036919014062
-0.10721607417222699
-0.306894612598909
-0.351405938100693
-0.34042132160809896
-0.118866931135434
-0.331067876490925
-0.0988679146532933
0.0818791703314817
0.00023651215138309503
-0.261109342674648
0.269313759153588
0.258950082133169
0.0645877499233934
-0.13983095994536202
-0.19201596472419102
-0.165827989671412
0.262669580108891
0.00131465624967653
0.185066982402685
0.0348492149086643
-0.0199234214118682
0.0319467503121061
0.25315825492447497
0.112177465761877
0.0565777178442622
-0.12088557003032699
-0.316094069644598
-0.369041750831498
0.155164455207941
-0.0626372933719522
0.0706649517326641
0.0421933999889438
-0.026913559449853998
0.0140316804137115
-0.0461126935650705
0.0680723428935549
-0.0317271715488757
-0.30257803957811197
-0.507239638835564
-0.0682862568431832
-0.0413288379642086
-0.12746702866108198
-0.19160053425210896
-0.262317366255379
-0.119357024164676
-0.0400496297937702
-0.39884322841009706
0.113857847135178
-0.0443447456799672
-0.093489827832756
-0.195860096207778
-0.0648404597195515
0.18077231447411898
-0.20276280984299697
0.136047319102054
0.216516970772534
0.14967982575600502
0.0971301480789261
0.17266297241258402
0.16262999563865102
-0.10190624680449901
0.388350174870151
-0.350862022493041
-0.248070686295792
0.0603070575624707
0.25225636349339003
-0.172460817392774
0.12374287279264201
0.35169292063964197
0.0980853423238594
-0.314237470145436
0.0334307446653566
-0.372848639074182
0.00249701511792038
-0.170867199724163
0.31292200941506704
-0.0667630446948763
0.25694334529315804
0.12454534957736699
0.0486672145039879
0.21360939994469003
0.372619830957521
-0.0496478301615799
0.28548278797752397
0.185580094481383
0.0048889402152244394
0.239060541653165
0.0718049720460359
0.38091844508799205
0.152928276098271
-0.19248665394200198
-0.0226157113704271
0.39398468669296993
-0.539724680747521
-0.229090553878703
0.0674645294771176
0.15080285636731197
-0.257498845614327
0.0525611492820211
0.0944015126040501
-0.35936179198452295
-0.15683497954206302
-0.228926145145607
0.37718293994748103
-0.0111855022259981
-0.21357181585335103
-0.180139287263461
0.0543102648685121
0.25921190483997697
0.14961041341735198
0.317397375857509
-0.26278489927745496
-0.0227775436505149
0.172226170028576
-0.23092386021313802
0.181916639950739
0.0302212877789018
-0.37566953974815703
-0.0426511048136487
-0.314648043357983
-0.0677517391787804
0.0952578185501765
-0.0264296491721006
0.0610208409301779
-0.11687545413559901
-0.269100124418295
0.00301930405768175
-0.340285286907776
0.12614103275491
0.26190534397544396
-0.17071031128766198
-0.197657920976076
0.181982909284917
-0.11566735729235601
-0.273347971363064
0.181409322046904
-0.30706034803517795
0.259736050848552
-0.272657827311027
-0.20631251299589998
0.13190107630683803
0.000484753122559237
0.091080205177976
0.0865191521917518
-0.0820739678924842
-0.23506001867143198
-0.0941090142107395
-0.199591263489547
0.22334143765200898
0.252239945553513
-0.278591169388872
0.17410840404023004
-0.347414652593919
0.12115132785654699
0.0190141127948591
-0.319955630784714
-0.0101683201543864
0.31420558954923605
-0.115832746248511
0.24334862191950302
0.24565931740685396
0.17468378487297304
0.16500343329308498
-0.198501264357207
-0.274682055955424
0.12277355394917
-0.119349047798285
0.0815031198459334
-0.0199543128702493
0.15303836736540696
-0.30873393547266803
-0.172665491702202
0.215590005164634
-0.199850829035675
0.253292041841055
-0.31302108981415694
0.253381700596321
-0.19911537874026605
0.293450332261664
0.15090781847149598
-0.0283535303825486
-0.329755783708472
-0.276505096562907
0.0743948306834633
0.156908819875858
-0.28397335304237703
0.23406527617717396
0.28287815981003
-0.0780323041020029
0.0266625288455547
0.0779099742193431
-0.0785059654895921
0.197518506568869
0.154213332859552
-0.25486093142189603
0.183695293720256
0.24207216861256897
-0.0615661888331775
-0.0760587973478952
0.0700412654452626
-0.308654038315904
0.196271205387874
-0.0911817634392333
-0.11696703116066802
0.246956543729125
0.182412290953633
0.21710580438419397
-0.161467218412132
-0.0595518195645692
0.0629103677121206
0.136145323429311
0.27514072747713103
0.0433038066056302
-0.0165142595243746
0.193352464079679
0.305808687533881
0.126572720729775
0.159263934505513
-0.0892629207006705
0.0603213167070867
0.00867964898983122
0.0606052995260338
0.17252131223156103
0.24837143880289603
0.30100027342725394
0.29127262144038
0.142409235126871
-0.36760002639166295
-0.39358694760196095
-0.19379974288407398
-0.11606039857330698
-0.29510648991007
-0.0717684094345063
-0.16990689018295801
-0.165387168898147
0.246551650083645
-0.15967883589149098
-0.13937765728590698
0.14571618856635302
-0.0742409420259814
-0.14756741188195902
-0.034981621710615994
0.23530798960569002
-0.10880859981501101
-0.057821632843989
0.0839675916369633
-0.0493909130961336
0.0508528198941028
0.0140007499873547
-0.367566130606082
-0.0937008097387253
-0.0120185264006649
-0.0874269283359059
0.32214140015118603
0.037222284459857
-0.0184778634924496
0.325448419287787
-0.0159256132313312
0.14518292116642
0.0644354128729249
-0.0182362049973154
0.0746060585698627
-0.252507095598439
-0.267304280576929
-0.267852942677183
0.19615815765246802
-0.34263145194271305
0.155242033692629
0.160167469155188
0.21025804309400897
0.44689495959834
-0.0632095208285101
-0.0520779488408611
0.349933421091675
-0.0482467654295686
0.36769757653102203
-0.252480488619548
-0.245962968740092
0.210156477239926
0.142935434554838
-0.29803915388450203
0.39170926168818704
-0.0641067841422042
0.0704313136605772
0.123621338164161
0.27130512409485397
0.21605713426262302
-0.0219887506468299
-0.22282205297082303
0.148311397488397
-0.079896209479777
0.123982382408331
0.0287585704532715
0.18056930040141198
-0.21155032694069698
-0.18990078448163
0.283277666045122
-0.104445844487166
0.125628677988921
0.207760186244772
-0.170057966243576
-0.0935734278004762
0.20540372913272797
-0.0889813764638761
-0.249460557328631
-0.34634299615704
0.0214334824336736
-0.11961002061352301
0.0861337742761593
-0.216642592119028
-0.12419451054342
0.0235423334080501
0.14556110022220498
-0.12734100155221903
-0.0742067206248671
-0.267620849063055
-0.0352889973169095
-0.367094784525822
0.08044282942682099
0.142347194795953
-0.0821776275998008
0.10474464319636999
0.0471533210501088
0.0246415809209157
0.0305479613419154
0.262512836339723
-0.0663063952642296
-0.00405268715050363
-0.0345078794935233
-0.367257401833454
0.0629201872731447
0.0125906329300521
-0.273700576659197
0.0114332439537218
-0.0343741007783923
-0.0730297317400335
-0.159846523870444
0.269037341797459
0.10210012211444301
0.0752382728597902
-0.18738572475648702
-0.251312836515649
0.0481644620179133
-0.0763586625843789
0.225479611235575
-0.18350728507488898
0.300948485214143
0.0930744971931487
-0.278505847949466
0.283141938317664
-0.182770287500213
0.123569581018664
0.10174441496632401
-0.14571803939317002
-0.30989910816891303
-0.0830164233618769
0.162120784295577
0.307413776132415
0.0430878194077164
-0.163484551898097
0.402862493325725
-0.0528077153860755
-0.216289154884786
0.376740901342349
-0.11026489370301598
-0.0175280738578057
0.362468231876645
-0.23697713155154396
-0.10527520584477902
0.0911144828752151
-0.11174417409979599
0.0871634223623134
0.24740919634056305
-0.0474644094313456
0.0283546228747845
0.277695890960262
-0.21871094440299202
0.0411834046115941
-0.22623279775320398
-0.0219624287764785
0.0610076047739722
0.43984165883678705
0.0432551428372111
-0.15730655260082999
-0.25461709729153803
0.28532835718695504
-0.190382645951395
0.368480360616361
-0.150195795311073
-0.35940916366746095
-0.23105283421538603
-0.112055796700826
0.17235028531114702
0.105847057019327
-0.0218349038113212
-0.290826569215162
-0.0969631967509542
-0.164549086643417
-0.38764975437844107
-0.291889271649018
0.0409152204111094
-0.225527266135025
-0.23854360522723297
-0.341908733533871
0.0893360350958747
0.0887023249963136
-0.0379413483963264
-0.296028423476904
0.17320233149188802
-0.289884675711943
0.325529978264445
0.270056991909097
0.320552876507854
-0.220546610545326
-0.18560965987257502
0.0164236352247717
-0.155587306650984
0.193293473444435
0.16231839666800302
-0.31003991439775797
0.00355135540332787
0.400288224364697
0.0124829450578138
0.0707262301702112
0.00166998906725588
-0.22356199805589003
-0.0582455318441085
0.20586286963912603
-0.105530445892042
-0.125293320608267
0.0419984860896014
-0.0728251783149094
0.18305684092092303
0.110016286705085
0.141637913903296
-0.215788518008735
-0.0809524004027971
0.287853443222524
0.280366793696382
0.0175861009621053
-0.116406897647455
0.117243349289611
-0.21813655770264
-0.276440743473325
-0.246789260501239
-0.019280507237832003
0.108780202597979
-0.151480925025796
0.270606202261305
0.289232792772278
0.0909798209884317
0.0441529286547096
0.0785090115653772
0.222655590109448
0.09097865933461301
-0.22105777421665
0.36381765157174295
-0.217146661572741
-0.18001417028969002
0.28810509778543
-0.07737498183671801
-0.128448873148234
-0.207613269939433
0.4659071577415829
0.0667311462415132
0.0911868547121593
0.15105399767856198
0.0150574011544078
0.0162874110514187
0.0039309123722823
0.14782823773905102
-0.24056100348130102
-0.129009270241445
-0.289389441018232
0.21666235527878
-0.13305808057933802
0.30490941845042496
-0.191098496726094
0.0817861422528136
0.384100310089961
-0.300002415412278
-0.39698936914897204
-0.32123391748541896
0.259824143906143
0.26966989247725404
-0.19218685867585897
0.270071030266005
-0.0075227325775633
-0.30911588462469497
-0.11595947152548
-0.20871349919144197
0.265154453694331
-0.272521329959393
-0.0572787854120391
-0.271444846777279
-0.20186645698568698
0.18412185906300002
0.24719027353855602
0.23663905728288698
0.0187782931834303
0.0219237934223938
-0.150257553731258
0.126991494032609
-0.34960777662513004
-0.271691088631325
-0.0452220222688735
0.439275130314456
0.398581723949474
-0.21379859421598396
0.162520407992587
0.13891904662090301
-0.0537924992700909
0.156835441661758
0.0653039304791736
0.320338939819259
-0.23649507421041602
-0.0378595226652855
-0.0259316682832965
-0.0923384933527775
0.29460276407790004
0.430064072918543
0.310489228683889
-0.18334460352242998
-0.259640774932853
-0.140380744369794
0.313715705891705
0.25441599827047
0.016321071817733998
-0.161005631509465
-0.37810712261141294
0.0928915723805531
-0.0576085691853224
-0.0622623243775135
-0.122875285623416
-0.12368769621363601
0.17634715560694397
-0.11177928337402901
0.0397029489529166
-0.348809272843197
0.22624046367152803
0.191150940686635
0.09100739027175099
0.23233639939151504
0.203641152020177
-0.11375908911549101
0.279780400679401
-0.0623688140837374
-0.161761390044909
-0.320343827663649
0.018417440316576
-0.30771248559675396
0.0371863222691019
0.0665249006249164
-0.00829594102584779
-0.00136016597949147
-0.286065432744464
0.336053775977629
0.0264882988902681
0.0444597966425962
-0.117618916988809
0.0232164440881986
0.23501741060926298
0.275890952047949
-0.172480716067647
-0.0532719043092154
-0.382284495994383
0.198727116019958
-0.0313724301760172
0.211706228313554
-0.102804752000583
0.383511261242005
-0.00695133661512854
0.29607266219303
0.0110457904420181
-0.197497343836055
0.21466586544982802
0.30177947489401
0.247912519403999
-0.19301938739872798
-0.275870744652651
0.15815740605399498
0.147932116484729
-0.158973445518857
-0.0524312392223085
-0.157901304317285
0.0394161956022759
0.230508558490058
0.0873289550223483
0.0147472261098281
0.0453033168411228
0.0564941948549599
0.15661607868134197
-0.0887549571279107
-0.15400232325735
0.106068374680835
0.13789176915615803
-0.120432540279404
-0.0356681031157701
0.131241651101417
-0.0592397005682913
-0.116532289580947
0.0576074757685129
-0.156686584610259
0.15047667455150598
0.250109496392153
-0.270494569168752
-0.339741385468407
0.131535046562535
-0.116530140573481
0.30672058745214503
0.20122389025753698
0.13362960551491598
0.30387355187499
-0.19145008413951103
0.0151022435246217
0.249251756879772
0.0434790448062197
0.18414478788864802
0.11953917894605699
-0.0174290179979228
-0.135514454420306
0.41887652702016204
-0.193573717484237
-0.0860988693247133
0.157926458779186
-0.0658704431244665
0.318016052346326
0.285163649669615
0.5020610138575811
0.216100769391887
-0.4154857205242371
-0.20075996926449802
-0.0329155180823449
0.0864736648243347
0.28188782050195
0.15423833802822198
0.0890134408578807
0.0386781756812349
-0.126614715132297
0.387711595823005
-0.21172264156617898
-0.34361192584083305
0.0956898162467871
0.23000581767431896
-0.127600862862487
0.232175540610254
-0.15259173561812198
-0.33189719867901696
-0.0107115979232018
-0.16083227603427802
-0.4232609185272921
0.068817716758088
-0.140530386412975
-0.28425129882385103
-0.149615295034779
0.10895280914758398
0.0455486506513917
0.21679165256975
-0.144534150391089
0.14523084202805
-0.37084233153741397
0.34066352547695505
0.249558441988273
-0.176109365924454
0.12198137404084598
-0.0666417927142748
0.137930483351081
-0.185121258292469
0.0159166977882146
0.24173718240848396
-0.0253912610897119
-0.18310157947777103
-0.39443860900068106
-0.0867874146865187
0.0363510349176054
0.10373607110632099
0.324129841965992
-0.20988615839790098
-0.18574233869158
-0.193551040648106
-0.081846256610716
-0.0527581396244224
0.125141693682419
-0.35134940969113904
0.0126169461964052
-0.19029720530918803
0.068002876635708
-0.31532861953836
0.0309473826624685
0.30773566354461795
-0.28411362580555605
-0.197381746532382
-0.16859822816465697
-0.0689155755868715
-0.223050154646621
-0.08814690973216802
0.338831849116835
0.0845046214924857
0.21143876386884697
-0.173118639534407
0.21583862575773802
-0.12066357490852
0.171797232544945
0.0790747072633618
-0.149959494059457
0.20486234062830605
0.25907553539168804
0.24708866781435898
0.15678189792266597
0.108135200720116
-0.18540930552942897
-0.0472560593181073
-0.0954207913558371
-0.12977690525950303
0.0790658756040376
-0.189966731214981
-0.196917295216035
0.259851935995867
-0.0553050560780455
0.36986762027278297
-0.25004689627870197
0.27534831439179
0.0889250875863562
-0.10041657333842699
-0.0239395737335255
-0.0930861646755435
-0.0679599757616204
0.186045770808983
-0.244363564965058
0.253270019510687
0.0150010083535427
-0.16196690769861802
0.038210219576710995
0.0127488788337766
0.157372155498189
0.0678187473076214
0.171711894545676
-0.12498146267315101
-0.154672937830552
0.11144271961716301
0.079838754380226
0.24033675534756302
-0.18655128991164396
0.0482069181662944
0.0859261808140651
0.27095345001220894
-0.08380568120614
0.00692289300089967
0.0228083346712094
-0.24547094011464
0.312381767000284
0.18936803328297197
-0.0803134599894908
0.209532017618508
-0.248642798860555
0.223653459886252
0.11628526417885199
0.0848280686559125
0.38955675994580297
-0.30622707551837397
0.0271731026353379
-0.151461799443081
-0.26219933398506695
0.18580665442430702
-0.31965375358142895
-0.0374936601324431
0.11503642501340801
-0.0640415383065991
0.108347636143492
-0.0890232005341521
-0.136758100320696
0.0367972843103437
0.0978899597107707
-0.24027040728555604
-0.180012008236482
-0.0294252360438626
-0.144847917292981
0.148309708094359
-0.112695124421687
0.0622462504494623
0.0328297867189606
0.12467406126014899
0.130700345462401
-0.183708254920263
-0.0509574085712851
0.135768481380166
0.0177843085182103
0.26442334773546
-0.0535159007478773
0.120157689980355
-0.239014721297897
0.0153482620656825
-0.163995201148691
-0.262786328404434
-0.279961272965677
-0.043261029018855
0.35550252102788
0.14589816827225
0.26356776752376
-0.12926122886816402
-0.11196200519993499
-0.359433287684575
0.15029657082559303
-0.0928518920365994
0.181081371911702
0.348803596162419
0.169993696838446
0.0190942890269616
-0.279458216272642
-0.125170973848153
-0.140099516796421
-0.25638798233640997
-0.33052512915018106
-0.0434208330265489
0.21888829463770101
0.008399307442034341
0.10431444863578598
-0.0453965608663206
0.137565164843684
0.0299254270117575
0.299928003026083
0.243424869550874
-0.205247896903966
0.0549426034720397
-0.104498182875039
-0.0878141913061581
0.0991367676398049
0.167027760839703
-0.21024742454732198
0.205486952631047
-0.187442458719673
-0.14720482816588598
0.21732668763118
0.255583110442267
-0.26551085683145603
-0.404355725468867
0.17417343001448798
-0.102870622334276
0.10161672481418302
-0.0401865958513637
-0.105481084509009
-0.4185361995189729
-0.306729584888424
-0.25873811562392
0.14675198799576
-0.19469066254579998
-0.0018540488763221
0.230105944902146
0.441010945133364
-0.109705737403207
-0.18974494442512801
-0.122404386256939
0.0805541877076621
0.110231880347515
-0.150448253308582
-0.0204054844516747
0.0910074288935933
0.0673745494543971
-0.162895939645668
0.196987316251277
-0.0111973134723136
-0.0650453759236292
0.15505746837801
-0.130901552356775
-0.0599557334741389
0.0824283539617987
0.208198099787235
-0.10591430369493701
0.17943944148296698
0.38271149013199
0.19501105735366603
-0.23634999827370398
-0.11967584906893301
-0.246317480222315
-0.12376917427568801
-0.28974531668201503
-0.12671748342860903
0.228630362445415
0.00578304764715263
-0.0997775961682042
-0.077402349388733
-0.0941398090066523
0.306412598291498
-0.350723152907072
-0.0898243831670406
0.229552962353745
-0.243548809835694
0.101931115383666
0.14291444167408401
-0.21570832913753402
-0.17115137505417702
0.13278813993467
0.14499156016526402
0.0271772930708249
0.22039442514178698
-0.31220510489909004
0.19239766996573998
-0.113118903823228
-0.0863625228295796
-0.147033577203492
0.221378165696125
0.0931324360591784
0.216106723326754
0.336079222953023
-0.18128008746188198
0.131557625322999
0.0200696582258036
0.175882174380604
0.191463580075552
0.16890218546796804
-0.20467085578881603
-0.0856781860144889
0.15503266520238398
0.293317562227062
0.0831733458281487
0.17812255649833605
0.233047307863878
-0.250001238134338
-0.0832617993264936
-0.0249733582965734
0.277064619135944
0.204523016874355
0.16467364537614598
0.17267166533339198
-0.0485831150504557
0.204187589640023
-0.0703450053639759
-0.23572605204601998
-0.0213121977878178
0.19403059677139103
-0.151911680815561
0.18189507344425498
0.339219460066348
0.134407001971184
-0.07014371542853301
0.4214049178984571
-0.29914188040790196
-0.14288832492826098
0.00762069225085361
0.0564846653125826
-0.108036696328509
0.319945856141969
0.0724932233602011
-0.0049745136006764
-0.342605332222061
0.104002528344173
-0.163921725594668
0.245267684503013
-0.11686687302608699
-0.08256174405295799
-0.268024424258977
-0.0858881372053333
0.19546039383922198
-0.11765202940349301
-0.0718533773766469
-0.248309410593157
-0.321127265288046
-0.140770349456925
0.11243514633911801
0.0270911479316279
-0.0730000940962377
-0.334625299836042
0.34053618298942
0.160099609864552
0.385576138664675
0.17567502949206099
-0.174674234958169
0.0898973640235194
0.0853917054582144
-0.0341995328971274
0.20624825199634
0.319191240124002
-0.117701083387431
-0.26392910341721604
0.145188384296472
0.30986070246824604
0.14499260875160097
0.0445401244034821
0.12701720719926898
0.12957518984761698
-0.0348415962669504
0.0138243532033675
-0.11623080763139099
-0.255983770216563
0.0659482361004085
-0.283213288620177
0.0145301513883549
-0.30638121473422
0.36419215331928606
0.158734860686206
-0.42492233711086497
-0.321721186557099
-0.203701444378237
-0.0985492832917337
-0.41532451706966494
0.111844308559938
0.19277635356615302
0.246573937390438
0.0967180876705458
-0.0992711560916389
0.10287841106419099
0.13460233170753
-0.299083753024529
-0.274902551362178
-0.17612645886553696
0.032126287452032005
0.190854295606133
0.149171632169415
-0.148854209245917
-0.020888956572965
0.234622909535712
0.276864178130688
0.0396035014486115
-0.248983771298925
-0.393260483902734
0.0969102298201534
0.0615674134697547
0.222926965746911
-0.17413349221718
0.0186959657067031
-0.273325853552592
0.305101261407042
-0.0608873402791704
0.0209076685641105
0.0284450506513396
0.28406801370879803
-0.114264413740275
-0.18925323484905102
-0.10709269644485099
-0.0570336113728646
0.0340548046337549
0.0396258388699109
-0.0965905810184058
-0.26553266223055805
0.0230971617399078
0.27957028765981895
0.0489732553135764
-0.333701242816401
-0.23927640998084398
0.329597160138449
-0.0689068604452845
-0.155068792082403
0.23825795635839
0.122966818644218
0.121388859288616
0.19344298982079
0.11864562793007301
-0.18429183265346102
-0.140660414208397
0.464346247881004
-0.37371993618471006
0.10478288185404401
-0.0335512566864272
-0.16115705307107
-0.0506115805534338
0.132481426051603
0.30559716299592
-0.0997747585168239
0.204099740884526
-0.217635040550605
0.289442211413683
0.254437100541405
-0.0397492354221776
0.127817503908113
-0.0385300138153748
0.39773640385781706
-0.0671523383485939
-0.19376358725027804
0.0733642893734979
0.168531044495537
-0.341496024866448
0.0685279841875479
0.18349816000191
-0.25332566310250404
0.32752471886484497
0.266969173905064
0.00283022378046064
0.14129097116556197
0.016367783526609
-0.34725860522213603
0.095322150981346
-0.15560220590355403
0.100310089550246
0.29229934174604
-0.0753972975187708
-0.144201409356242
0.0931366404093171
0.33281686659221804
0.428936366385864
-0.32762221785618
-0.0411467733976707
-0.0589398368227074
0.0892191258122964
-0.00759179516926218
0.093314286040895
0.148714013354418
-0.104601103567755
0.15799730711981
-0.15114696923856602
-0.278437801091223
0.19067501594199804
-0.0519491695755639
0.172224906594905
0.30369091671308895
-0.109141466442373
-0.0939892540290496
0.0372651304982295
0.317501991760861
-0.19108399828435196
-0.143482612352165
-0.280382815953319
0.137377999091789
-0.0544672648528444
-0.21475076810038102
-0.0628246877953441
-0.24513038172094603
0.119487958059195
-0.34179430767001895
0.166947877682352
0.24360639749596
-0.20402240520302697
0.00401205190022738
0.0194622344884319
-0.267995420376121
0.0716923235871144
0.0525275994511667
0.000199566255876158
0.128933944657334
0.168813842620253
0.15632361516226
-0.0957148417988561
-0.21179800077182104
0.0681445514754069
-0.0253320305325338
0.32990023178055106
0.21156071448680497
0.184649725942872
-0.15433700593160501
-0.185356506373626
-0.200468966008167
0.252808034385603
0.10659559782203899
0.12869576214179
0.29423741051525104
-0.201783760897035
-0.11431898286386098
0.124255108585726
-0.147066129839376
0.3332433697555481
-0.0976965914606136
-0.121235694486078
0.0905387383755962
-0.306334547339274
0.10458065235960601
0.0365879360994067
-0.176935840923622
-0.28740395597603496
0.0507523882405617
0.239768337045301
0.25844043842360104
-0.28261187874849
-0.0024286865905123398
-0.22139880522607397
0.0173676405758555
-0.17886219788351
-0.267088765242237
-0.183873607928305
-0.268429659102732
-0.31342050165307694
0.28178210593026
-0.0198812826118133
0.48162002023437894
0.16754964055691401
-0.5245140627252871
-0.0375100384689444
0.22628853100682397
0.124131923654364
0.18828254895635602
-0.0102803537839813
0.248546129845918
-0.36187059862861104
0.11745744574178399
0.21894160676332802
0.198490104863849
0.0653024301579936
-0.113602063071848
0.130491950967965
0.29112545857271505
0.30514726055106
0.255575864168538
-0.19759805060744604
0.18021395497314002
-0.11836252271452001
0.3130873833245061
-0.25084742078143696
-0.00471448882451981
0.160098770798767
-0.21393855265895
-0.0186921304856619
-0.302907834333146
-0.24528763521986
0.005476770417746871
0.00613337434770307
-0.0497077002582323
0.0529526483660063
-0.218580957166254
-0.211322395688763
-0.246661936234189
-0.404527418954687
0.23902770203998397
0.165632519152981
0.219176835366693
0.293408184231903
-0.357057986079464
-0.12969979192747197
-0.35567970790216996
-0.202939328403986
0.0465700624463688
0.0652429533829644
0.198829064292313
0.0087491122218001
-0.0710202691116116
-0.20982635378176503
-0.0214873719212756
0.277610335398138
0.14425992450876698
0.0574579835432095
0.0875392488316969
0.0366708334671949
-0.179519806638337
0.0179279945391042
-0.203883387976619
-0.249161031820094
-0.172612450922181
-0.21923707828026398
0.0520247175886639
-0.10218645789661801
-0.219925584437138
0.135669743478979
-0.173457359150383
0.06453418612598201
0.102137974200527
-0.296995715648034
-0.328960197481223
-0.34729592563377903
-0.37044381694758
-0.196502070915315
0.153453492591501
0.18155920021678398
0.00871408741403494
0.14578493807396697
-0.12815769325471602
0.19761454226176198
-0.29176485898362
-0.13600503188992402
-0.160297881239534
0.06162348674021499
-0.0112429333209115
0.267662042072746
0.17320496482602998
0.33798689280036703
0.35028812511660906
-0.156659264261939
-0.311750946152328
-0.0769881212774804
0.128907691517298
-0.080336677386957
0.184754520230445
-0.32478277605304
0.17362779405573997
0.055883699734959005
-0.293332313588064
0.38980037019089503
-0.12236932760274301
-0.083380117945461
0.229995730256254
0.0951852240737967
-0.034880072527943
0.11801269561205101
-0.0238152478284666
-0.10774073883760199
0.16599027273394298
-0.136900044758006
-0.0011689290577080599
-0.0266265188465401
0.24128277418728697
-0.124560593725944
-0.255745174243445
-0.201963883872433
-0.187450998922785
0.00045980996486829197
0.26468045242114396
0.0419807024076021
-0.12342489202359401
0.0424566214804414
-0.318064748592366
-0.10522968143211098
-0.37216757243759707
-0.202178952317065
-0.104697598724938
-0.224200815877816
-0.08905325718002198
-0.329750690952547
-0.12931475905740597
0.16305927730602698
-0.12621129700057598
0.0598910796385977
-0.341845452434024
-0.0952869737190955
-0.335972558205533
-0.136830452976628
-0.43675631944359794
-0.22124126047044299
-0.19361918491434302
-0.0290674865390889
-0.0728942730614325
-0.0258752630429763
0.316751357656767
0.26338735085118203
-0.06757505956234999
0.244951370138266
-0.291454224264896
-0.14937169528682098
-0.376224658063118
-0.241656897773485
0.029274401603009998
-0.11852616094888499
-0.366237597577997
0.15075250254404002
-0.30760923816806895
-0.20648306852924803
0.24172214677677803
0.23231016826729
0.43779518966983205
0.17256993107283303
0.16714591317126998
0.0321465078709657
0.0200636321892559
-0.0124433000662538
-0.153073654975679
0.0667209985287796
-0.20507911451051297
0.24718582977217302
-0.333204293571404
0.0960177507993743
0.31887101706426096
-0.1541506134126
0.08992603680971302
-0.0914994106475722
0.178562550578655
0.36750997100551
-0.0772295035623531
-0.23405977380648002
0.21960000135371902
-0.15339011461879198
-0.067749245238264
0.0410310822233531
0.206418265175963
-0.00062506924836838
-0.19913235000373003
-0.0898874450411095
-0.036301487377132007
0.294656584879108
0.0938992662266061
0.0150073784458002
0.12270248874642
0.0827729071702292
-0.005347173870013371
0.0524771864988276
-0.24212563081271898
-0.0508128825086925
0.148430972756486
-0.0193363937223202
0.40557836789684104
0.19761662126866
-0.112333436939108
-0.0315415487268615
-0.0480571009946997
0.13916924273228698
0.10349361771420801
-0.0661035609617486
0.166926347253967
0.33286097377392104
0.165226742037104
0.0403300121580893
-0.0122017560631845
-0.0832543736895205
0.0421346778561709
0.00284822302094821
-0.248906363892483
-0.269097185939849
0.17720516410671
-0.38360570144823797
0.285364153730992
0.00665144070393185
0.212539019532039
0.0771168918971993
0.166674275698981
0.0748562715631721
-0.289000789238171
-0.0130493151588162
0.0980335710579755
0.0137621294244576
-0.0348923156672283
0.35878426247313105
0.263754516230373
0.13523621372282402
-0.145996189000454
0.108422304012752
0.18608881838198602
0.07626569606745098
0.215380624316829
-0.197782709796572
0.0105667240967269
-0.214061497073919
0.0725993324480108
0.133250208548685
0.207992884006279
0.119664371998181
0.0577202187257661
0.132076601910354
-0.032077632586704
0.272871347258222
0.254555114126596
-0.10272785729981099
-0.14542785788446
0.08820414741733999
-0.171600271255022
0.20556593389789898
0.16374864609715697
0.25096709623318697
0.0776863859647974
-0.0248307519368609
-0.10345161100204901
0.280635118295843
-0.0951478991346971
-0.34220149139013395
0.239456970001576
-0.0300302702622229
0.31876162668702396
-0.194253101922712
0.155946779405931
0.0981632798729162
-0.28651760855100394
-0.16572983226844198
-0.216552549957119
0.27794209707264195
0.061717812360949004
0.38099422023964596
0.14945370880620498
0.0827416471599492
-0.0218448190395262
0.134884354601944
0.309516983814899
-0.0554244578505671
-0.0845969018672677
-0.15619572494759
-0.0345136923685838
0.055569876122135
0.278430527445812
0.2042905269292
-0.33013431611528804
0.116601977664051
0.00652958912158291
-0.0459098403379429
-0.351341505336463
0.247363462367461
-0.10742032484314801
-0.21880458628568697
0.0245043000196981
-0.0799880002463689
0.05708035870457799
0.0644951201855945
0.0171241316204438
-0.0459687149242312
-0.0388461347325515
0.25389969285574804
0.26005621174472304
0.0930894766723063
-0.0984332995425489
0.18269522766270604
-0.352007774832353
0.22126579547836803
-0.13391950082405601
0.216740140664356
0.135233159438474
0.0920637176385697
-0.0314741861295337
0.10811248183819501
0.193976503560605
-0.337389044855226
-0.281413268610219
0.497635178055307
-0.0276464304066602
-0.0910827986502659
0.12132971463172199
-0.296332963651646
-0.12884953338977
-0.161228678714328
-0.0850475426103692
-0.407653443096084
0.0492749727545808
-0.28344882410493893
0.245863237531119
-0.414090778096927
0.28926132755899703
0.10396650773203
-0.316462649623317
-0.0651523041668697
0.10296267298748299
0.11518695862394199
-0.0698379079795783
0.174802232736115
0.335582226197682
-0.22805373063319
-0.180903456795731
-0.462931099531834
-0.225577125314493
0.0331425890241883
0.183347616785438
0.194832767931615
0.032875233059261
-0.29477154093473307
0.24773976668748104
0.39717516084240506
-0.0881431444128361
0.0747816245520703
0.37148372600828705
0.261955470979045
0.22059267962006196
0.01816227135104
-0.0168277007893378
0.0462063415622774
-0.17893825783227602
0.0980038231240525
-0.00130996916741531
0.10278964002464999
-0.16693511820929402
-0.37188780107286995
-0.10719976784037501
-0.128724195037123
0.287090626009541
0.24362694935857798
0.18356747464502599
-0.149278220725491
-0.366428047849896
-0.0025712367349373603
-0.11008367539505198
0.357044026451531
0.318379815477643
-0.192133180386107
0.224399439059285
0.309510656521919
0.153831232634667
0.0449395534386528
-0.279110267879993
-0.119720750319253
-0.292811281448636
0.00883026931435192
-0.228653273991405
0.256912808953032
-0.274901347354913
-0.28163695485927
0.0480506363580917
0.17846402810571
-0.11533726950808801
-0.18473816932553697
-0.149125062990568
-0.23124426431864603
0.0466899789353238
0.290484304846908
0.107077992084527
-0.274002417505458
-0.16011750286655
-0.279284922047955
-0.00681515119535082
-0.0531389735402692
0.340960577792617
0.139026675155275
-0.0199265324257036
0.274648459684532
-0.0832133314944644
0.0245069184633958
0.33945715252385306
0.250452036686752
0.160547974779772
0.0338587233311396
-0.0994254304276358
0.217390967497118
-0.142738573441957
0.0294885717206274
0.0811368004201855
0.287431851992018
-0.10063847538554599
0.233673162530159
0.207715593243962
-0.274231241374706
0.0266378321134253
0.326116382456333
0.0714098873385731
-0.23433021047030397
0.0592859107477799
-0.0730541922021713
0.09689640789333001
0.0225908770433369
0.0280790662587965
0.13312003974241
0.0867278935804291
-0.13022034987918302
0.225776476701127
-0.0398969298904791
0.41448483207553
-0.34530427384689005
0.00954077799443611
0.136692664862338
-0.254205448137987
-0.217577513288849
0.0867156658400963
-0.00967587712466297
-0.0269386526919793
0.0933890208063579
-0.349127817477294
-0.072475561771852
0.0795083817582383
-0.12572335720920802
0.23279440409924998
0.09878338238053098
-0.0644917574179151
0.14846937234100901
-0.12059124975426
0.129685115250217
-0.28628529998201
0.0504130693840036
-0.104318171393285
0.156941084727072
0.0698992425015685
-0.168280750078002
-0.0531798913507749
-0.278422866703163
0.273260824164053
0.33137109487404
-0.406958870598068
-0.034030403576308994
-0.27865309003474703
0.210527260339732
0.5472670618154379
-0.11151274079310801
0.310053827829927
-0.34463406946396297
0.143116124292707
-0.0244117948941064
-0.133885617990929
0.299706365452869
0.24440923258913397
0.0452436868313204
-0.14647448590782902
-0.21757834895706304
-0.31866357296084497
-0.0850476543000256
-0.323383311841345
0.0894702017379312
0.16832850629425802
0.0789334618263934
-0.0628739734793537
0.0688176160423476
0.22986452354808498
0.292407609679755
0.36276367475378707
0.089833841448101
-0.17107890199152898
0.102341328472019
-0.0568151169628563
-0.13410129081998
0.307485850162778
-0.0551270663249372
-0.033836039620407
0.0960733200620691
0.183718914877052
0.057441399235472
0.00134741084975778
0.0771474739090927
0.0239628724992482
-0.28814513369305
-0.0948321087964732
0.36358292060278996
-0.107182136786248
0.314701457912157
-0.0716892910260909
0.256892706136706
-0.0890807414490636
-0.0796457233392226
-0.257342271081115
-0.24662374969446801
-0.115050552383467
0.0846320531983262
0.179392482851199
0.0559174710018203
-0.18787657783238298
0.450688570462863
0.18893109580619197
0.25837474138954397
-0.398886335105525
-0.12936957524589301
0.17827656070974104
0.157440892335609
0.0573495663438012
-0.057257598482047
0.000690306291377563
0.0143835561355304
-0.117987041577773
-0.17164793333219502
-0.0975173887167908
0.353515704181921
0.0966184640710117
0.16274490763247698
0.24587706936466197
0.100234743455752
-0.302833880663796
-0.0924320704717312
-0.169420687162164
-0.0333858635334348
-0.12753785173406698
-0.0171481605471367
-0.271986786771193
-0.228643930754454
-0.24311705328494698
0.14751552568100199
0.30549106598714193
0.369943586782549
-0.24489843402412897
0.179810082906344
0.262959821613607
0.110012035758717
-0.0404755957137073
-0.100259662200461
0.21122668096983302
-0.205669585211867
-0.306866809932329
0.165203870593719
0.0984410982249586
0.145541942919885
-0.038042780825894996
-0.0123292101866331
-0.0786623880465668
0.211971878875156
-0.16495542053323
0.155223515160066
0.21228158490304197
0.319068562391257
0.152679805566169
0.0620703534202981
0.357080832819009
0.000643617128813884
-0.249332172149103
0.29907989291105297
0.0923267803978635
-0.10965775884267699
0.35213605498037204
-0.300198185017457
0.08327933720556599
0.0740076026967156
-0.0699598490063043
-0.27039933137078603
-0.3834598251773079
-0.071444860418964
-0.179693757391379
0.117658915511386
0.007186164287887409
0.141976705869183
0.118007647698661
0.13300725085836201
-0.264788673908992
0.343555855887998
-0.17022158032605
0.31908836018564096
-0.06020810273409
-0.28036508614746397
-0.25530879324175
0.193970161366648
-0.0801892700212859
-0.338952013569372
0.0846998732295475
-0.114728396098383
-0.0488363413654212
-0.0881539496086626
0.152222395424139
-0.312703820616999
0.27062965824908397
0.250509260535005
0.0879881606755983
0.28325301216768395
-0.11945343781103501
0.111595989058345
-0.0106650695802313
0.0880923361942947
-0.32840712785963
-0.41112485535014004
-0.24110566243452602
-0.260437866652426
-0.0893870842691461
-0.12620180280465
-0.260470829948612
0.0795433247876089
0.205333724243303
0.0592524087816978
0.0920514531514706
-0.13082669814451198
-0.17432759910037
-0.27388084008763297
0.284505934265285
0.128718916438315
0.007337286755817509
-0.259128142888042
-0.0949046121890991
0.23688366986305703
0.22364450624484802
-0.263038041728619
-0.0956506202373943
-0.117565027734557
-0.387876228966785
0.14548022531067498
-0.20116574404171803
0.24622297278989103
-0.11307962103425698
0.293113147917532
0.0557396560326988
-0.260915486149357
-0.250519095019015
-0.0557535052192956
0.344521639785486
-0.0515033569084422
0.11094573546204699
-0.0807302328015202
-0.10967239245353501
0.189107847119097
0.0296784504533402
-0.12116637031178999
-0.15366323533222
-0.0355828460309518
-0.0011938991350654699
-0.0556866592071894
0.0779135312652023
0.144174191660835
-0.12110050027534101
-0.12210527178266699
-0.280526368310932
-0.22637948287556
-0.09560894537171401
-0.244998158570613
0.294176956246377
0.42392296862811996
0.358299142828017
-0.129482395218312
-0.0738370760198258
0.234579016836042
0.28757059216087605
0.224538189858494
0.0182698776908314
-0.333564277623409
0.0293214339427172
-0.154510154588338
-0.21102346364456198
-0.324305852843373
0.20861252895150897
-0.32673834248122496
-0.122254415546571
0.0930107491978854
0.28933824241442496
0.0193091305522838
0.0750417369903034
-0.16655568731128698
0.17790030823604003
0.0511931901255808
0.12446439982254302
-0.100566983237092
-0.0238248737565796
-0.332374650490987
0.161645629471381
-0.202472951053766
-0.415873153309685
-0.00534549314111746
-0.102635761926065
0.202617854442251
0.100568015900221
0.0585118668128108
0.21711794185012803
-0.188597849867469
0.18403962074615898
0.394980085615077
0.21564414214876398
-0.1281752105324
-0.0759334711890933
-0.12399629391010002
0.200355521205092
0.13363580204977302
0.165083742017798
-0.0992639443901023
-0.139971117792898
-0.17486962916344104
0.216557044580555
0.0821618179886972
-0.14492228474493302
-0.0147207580574365
-0.279175027188475
0.311534471088667
0.104521043574806
-0.445538499307702
0.21811129070866397
-0.541848028930656
-0.25483597501906896
-0.107084872307219
-0.0806754741058159
-0.34105410999828195
-0.0932600408669793
-0.22149581366986498
-0.268893341840006
0.254450133190567
-0.157607239874922
-0.103092442945216
0.334306278014236
0.019319384822733997
0.182001872480715
0.16792117950924698
-0.11569563450274499
-0.0269730905613034
-0.35566243170493295
0.432130948031406
-0.226781238948807
-0.0728512469850256
0.272933929601861
0.0138493420699489
0.21895818612400897
-0.11589587999845098
0.0564302104779484
-0.34940164664860907
0.170855444140982
-0.0325422719940467
-0.0546851142086255
0.10403207735003998
-0.246931090981947
-0.108917103795307
0.25451517292597503
0.16178037954682903
-0.15046834641270002
-0.299351492269594
-0.263393898650003
-0.4261897155687
0.0187139326724106
0.129086519908212
0.19791165356831197
-0.0136891537615019
-0.251605030719392
0.0736589727602352
-0.30600164161411497
-0.0815014195304967
-0.28607414303177003
-0.0461601557998834
-0.299107258923278
0.0452401256751547
-0.0293000473317411
-0.0369658043812699
-0.252569613666256
0.32948743680040005
0.0364350718332846
-0.013886469968928
0.197786120568357
-0.126587990419992
0.180641323690257
0.275841596355974
-0.00557387772260258
0.0274447300665875
0.0989264521281868
-0.14401236245966198
-0.19232508745188798
-0.156033376062579
0.30471714871908195
-0.34302130928921304
-0.21937942302212
-0.301148030583642
-0.0681246862814367
-0.34102275369717605
0.0957017001178239
-0.25190756732499
-0.313903318332276
-0.17046717166982503
-0.0577630549606299
-0.208277207906076
0.376104464906157
-0.361923293314396
-0.4055601688545711
-0.158881598681589
-0.19643636284988197
-0.31904084897380897
0.00184928779260824
0.15267290456670402
0.0605753284668163
-0.4223920423244671
-0.30485952884256395
0.17760820588875897
0.29095856459730896
0.16618797340418398
-0.303029374702172
0.19933434428967498
-0.125893735723658
-0.271322981943451
0.0473324833197811
-0.281986868463495
-0.347592352601281
0.23300514839231398
0.0868790581066613
0.11164103027855499
0.19460631876215
0.197669769700108
0.28849153865475397
-0.0595936390455302
0.118853720045511
-0.141872757648578
-0.0838655195188328
-0.10575011740268302
0.0044023366880793
-0.11962293841434801
0.0710526587100438
0.17120438468312602
-0.149172968922725
-0.172716755089495
-0.0629231533261383
-0.0465898724141218
0.25608682039632
0.24412733427326397
0.322154518900602
-0.302978303333651
-0.106582615804105
-0.334613221881562
0.14907957501549302
0.47064292126157997
0.099308193267025
0.0273343954054231
-0.328703643227289
0.0897004556208547
-0.0382103147353042
-0.186141751801297
-0.0424558110278739
-0.0530753976272171
-0.306904780566638
-0.280511488641928
-0.208883156641936
-0.156623504447397
-0.31852869357745195
0.0402820070706995
-0.21697017400703103
0.135669307342826
0.00610224592942527
-0.024518259620768
-0.045781016048164
0.0740230591727686
-0.00428598647920161
-0.0245791940212497
0.0598946006851336
0.0365557508164945
-0.220679498525505
-0.149962259413711
-0.0508593184975782
0.14756629873576702
-0.0360486790035918
-0.16072667132742
0.26101375206087196
-0.173927633248811
-0.29154805613276397
-0.188226671076257
-0.491270404298497
0.180962417895581
0.031000440397336005
-0.22079708207893398
0.325336052498215
0.125686949700799
0.139623019812673
-0.45408940427941397
0.23237022245701897
0.165628306826608
0.322150207602532
0.309203089023859
0.22647358359948602
-0.00701054686164235
-0.12284800753121498
-0.0347330015476848
-0.254940849801744
-0.36450574951066295
0.24294505650056797
-0.174302624776193
-0.147424176885181
0.0983826872520944
0.00822019569529738
0.143354005101808
-0.30942740161559495
0.169874942061016
0.0971230683217627
0.17811322707646998
0.0399174881120214
0.0184570962564766
-0.370525155927168
-0.2036383756899
0.0776564845663468
-0.117242448353163
0.27886701216501697
-0.128232606278305
0.21886932161256198
0.028686770297393
0.17037670727234502
0.40125499527222
-0.21072174827159804
-0.255190976044325
0.00494476798836766
0.16500443327625303
0.161990423264501
-0.202971163813313
0.25101084859343903
-0.0420211480434037
0.25308569545199106
-0.0637934642233132
0.0771443919005609
-0.10223555632145599
0.17833510539538197
0.16059384870508098
-0.0835654484017218
-0.264210830620476
0.17275491605925303
0.29112143744494
-0.0993339664669175
0.0897929968447328
-0.0262053058242885
0.212956738632712
0.35520294350905
-0.223865056148026
0.16923288159235197
0.439624810827747
0.0859906482309287
0.289412709714409
-0.125494526496061
-0.319614095375219
-0.30601025931822995
0.0023235625234261
0.145059655631622
0.350827984965041
0.20885773153760898
0.0971500770369241
-0.114345383146447
-0.212319284586247
-0.28868299435947803
-0.0627146076621339
0.11131574535804302
-0.0761758437971415
-0.0963923529547886
0.0644612884526451
-0.27770277816521005
-0.270006243184459
0.237072632933125
-0.0247002943153749
0.29492839451035807
0.0519871805529543
0.0999904962213859
0.17535015356821698
0.26877576478078397
0.362513246241665
-0.129286128823535
0.401813923450085
0.14677274356876402
0.325683130632555
-0.0700050295426288
-0.0258704210778995
0.248997517906171
-0.244077836039682
0.0489735415446202
0.296237642062758
0.0739120890871218
-0.0178150764397552
0.215685092816195
0.148139612319206
-0.16903345650076698
0.145560938842548
-0.188981273991248
0.160763845764206
0.14147896168372698
0.18849028245880603
0.32902085771548
0.36199235911983796
0.167407991514978
0.0302002347390571
0.40221181495590397
0.0402187647121898
-0.301139504731667
-0.34275122501394006
0.0848649481607265
-0.0405129026900018
0.229713555860817
-0.153574779041366
0.174719598756706
0.0925799186663413
0.0695854369428848
0.17027584212718602
-0.13566100941748
0.0758727595946894
-0.118643302208544
-0.031072020171442
-0.0103814067171704
-0.166729258867566
-0.0687982908965223
0.0856082241344947
0.212182373569318
-0.131498514893359
0.0853278167943221
0.0942724916100211
0.148999056925613
0.137764473202445
-0.146791901536274
-0.0051817216365068605
-0.0488130461014082
0.0363821720343556
0.15368878123109697
0.0057618263255455
-0.0890323093215309
-0.173720973909977
0.167035853981504
0.27085152402783397
-0.0707501725235786
0.00230887325931187
-0.17895581030282698
0.444585619786792
0.031066746107924
0.143591110772961
-0.22782659065689298
0.38158431294642203
-0.196587896855207
-0.40452036697365396
-0.0148815521300279
-0.386039454180546
0.0117853048570353
-0.0301646140466773
-0.105626883399276
0.15576994967364802
0.0926380775602053
0.140372512182725
0.325803619997852
0.35140504444595394
-0.205867153643221
-0.135071566692769
0.101119807664385
-0.21411586655984302
0.0619705026162127
0.141691536974222
0.37073091399293395
-0.146815720329974
-0.129733686864526
0.12167813552695801
-0.0327733627508465
0.108650216290955
-0.314792826214273
-0.0715833570379029
0.14741359391982903
-0.0832183753276447
-0.121953543495063
0.196459237822017
-0.11283619180754802
-0.0400844638682119
0.158235412161023
-0.0295163561350702
0.18448376488768997
-0.00377683854370768
0.125775772698212
0.22176907142760396
-0.0143801980103879
-0.34235635972727596
-0.00650092835633144
0.0152402483751285
-0.266500597430222
-0.39744778270744396
-0.0351095179696537
-0.19205139334672197
0.0508045502481603
-0.012402008272041002
0.122728265346386
0.21106304135873602
0.075667415132141
-0.25403712150051
-0.385253414075998
-0.16874511786467197
0.12109651508014099
-0.142354909000764
-0.0368394780944782
0.18770274651777102
0.180303047538231
0.052658790603754994
-0.0399095704671136
-0.0267787585477828
-0.221074602913547
0.0575127592506042
0.0277821656544855
-0.0420342265411325
-0.0995301337647332
-0.0683523190360075
-0.26401899747361607
-0.026767683824192
0.0926179000531863
-0.080618798930038
-0.0793472385122651
0.0867554441562109
-0.14854329382359
0.264952776984436
0.103294866858854
0.307434615667448
-0.22093107653044802
0.186065522516906
-0.129459697736815
-0.0968552117607808
0.3369532133905949
-0.359075734716011
-0.109131113788922
-0.222319463510385
0.11980952195815099
0.33424539517138896
-0.163548824599893
0.30190919659235804
0.15552736906381
-0.33481029241146604
0.0700251850868763
0.167579319093943
0.3523121874980129
-0.24452500261662
0.18617232258464197
0.0935483048237817
0.0121686889375657
0.110572116782221
-0.181114180393603
0.21580866577742103
-0.16388030710496201
-0.32787848816910103
-0.24625250889628697
0.26846628381294396
0.105653511172595
-0.205111175629233
-0.0242814236459218
0.00563539525045385
-0.197575121951741
0.24343548096404602
-0.27609594538608195
0.2775883373934411
-0.0987905482445486
0.19839023398642
-0.18443333455673397
-0.14233713498240197
-0.23368485472766395
-0.0029259600876424302
0.026522646566562
0.0969126201570848
-0.00338581228090357
-0.104919605318194
-0.267060276254529
-0.0490777554909526
0.23214762596582603
0.0675664936789307
-0.251296303629517
-0.0035075446451676103
0.0244566056382151
-0.0383770740579511
0.0536602715131307
0.0263626826827194
-0.14467453367192
0.0274421490760068
-0.30474804926124605
0.44446091808924293
-0.22200858195119
-0.18336348414851503
-0.0789132462428959
-0.300559374874231
0.0626817076531464
-0.0372204884117325
0.24672929539737
0.308467241588815
-0.325362377629776
-0.0432143363307017
-0.0733869967852511
-0.0630507670226487
-0.0637114183368574
0.210156876362262
-0.000979950494768815
0.10338810913558802
-0.0854115724299389
0.0985983397384336
0.127247405104218
0.192547162818661
0.0853829693356496
0.115499737293439
-0.25413760234864996
-0.30928567825836795
0.33673048292543895
-0.275049752216078
-0.305455154418083
0.0759800186591509
0.25117393572751195
0.20968982057773697
-0.164757494366196
0.10091663925686802
-0.0326764522267485
0.331363740027703
-0.210978509178665
0.3833712984907561
0.17060224357828
-0.19430058269681
-0.0473262859063759
0.00933777277210275
0.11892942277947802
-0.258314350768944
0.0648826923663934
-0.31289148009754103
-0.24426234221533702
-0.0736272224729143
-0.154732645650251
-0.155150667280433
0.0516693320551443
-0.136904658451951
0.0845931449071044
0.264779073967647
0.20726841868683699
-0.103355837454581
0.0643986992693835
-0.18474984850808804
0.139467215544255
0.295677733237515
0.301604058577614
-0.166221121385415
0.20934633059308896
-0.29024334458820505
-0.0372655238874106
-0.189093602796504
-0.24521572953230103
-0.0965740992417952
-0.342082334159959
-0.0346456528861665
0.22134522560554798
-0.358797507430562
0.16910477419364903
-0.0844908386102403
-0.043663230811721
-0.190334114975947
-0.25554793515270696
-0.0323065357965678
0.14908587816085098
0.0297959788621017
0.0348065458902193
-0.20131821924932
0.0134433786557885
0.11699378640677499
0.0269140435046432
-0.0939249696815482
-0.0524479229728166
0.42963865617103003
-0.172944021317319
0.300382534458987
0.227675889384693
0.10981103026595801
-0.370363470070786
-0.110970676806947
-0.283867415118545
0.115388658899251
-0.21340821296779997
0.10318152798661301
-0.321761793164443
-0.0430689521754817
0.00239512212456549
0.19198452452257397
0.11412951803545099
0.30661139069393606
0.249930469282432
-0.188562028393059
0.156504739717577
-0.334153420931063
-0.30148221728422303
0.22171446920848897
-0.00929445487335425
-0.0427146185415331
0.357353216167644
0.15421014543417302
0.07254413171414399
0.23147579873794702
0.219963085210158
0.0143024001265102
-0.22622247301088103
-0.210696199161205
0.312507122374208
-0.18563564527114398
0.0746976913025618
-0.28290216901555604
0.3859450970602561
0.14981644344893
0.0436790801047148
-0.161998142340264
-0.26595843531229196
0.11466279081789502
-0.206831068972293
-0.330559448168659
-0.0104810144739835
-0.28237477056753
0.21603735639312902
0.223079206272307
0.15321522024881198
-0.281606781836618
0.226001987109198
0.130618387758666
0.37627374690786
0.11768705957665801
0.187667703458261
-0.0602348492862489
0.042033014755918
0.22550883766307503
-0.342641207464242
-0.15245103817045402
0.116523708119156
0.0065753317277931
-0.184864936173925
-0.0939246879745097
-0.31895022874433504
-0.200058802474333
0.272293225728201
-0.006788438087098479
-0.0105710353776794
-0.291468487610165
-0.177495034103184
0.0188086736796424
0.18153733596319002
-0.380137533803556
-0.350500340433279
-0.12839190002008402
0.103405745972912
0.19890584259368396
0.143826171786926
-0.0289115343999346
0.0712987549177097
-0.16915449779360098
0.0969247499628631
-0.00339976134290614
0.0649880471416027
-0.0794642524798264
-0.07343916077895402
0.141192793840169
0.250132158765287
-0.218689676650629
0.218219396367407
-0.0742258343412733
-0.0020559892272809
-0.120524781095904
0.0622758304901906
-0.0810666544025421
-0.00227110800561793
-0.038070387898191005
0.17201592540723598
0.143419448492587
0.0945514622462087
-0.11723778377790199
0.21226724771677805
0.136852345727205
-0.0877550411982227
0.262581018895799
0.304310709484102
-0.000888598013723719
0.11679701536088198
-0.0173697612213433
-0.29210821829878303
-0.128937531739161
0.0440704762429603
-0.288624858374467
0.248381761616141
-0.291252029629669
-0.205360806317233
-0.296631647261014
-0.124828561361195
-0.194284821878343
-0.137657437694822
0.14256975364247598
-0.0393245418338828
-0.0173819969338443
0.132134526694366
0.354131393735307
-0.0105391702715187
-0.280991229445002
-0.13222825939733301
-0.10065585742883601
0.28345491190755395
-0.181839517949145
0.132792005796524
0.11515563372544099
-0.0655239049246115
-0.145562907798645
-0.0370116465376973
-0.1896169757438
-0.126726647599221
0.0263814118963421
-0.0007846473083305861
0.16854874330924302
0.054558271226267
-0.165163212370546
0.110780554921413
-0.19013219766835102
0.27259101626458
0.0510990825191808
-0.125914467093047
0.0215273443871664
-0.27907453109114
-0.11490596506942699
0.00476305346277554
0.167360289981661
0.18995896600303103
-0.25113568986938
-0.0878055017119382
-0.09112312366033601
-0.33036177021635404
-0.160443301156327
-0.28350810433652
0.23020092335940498
-0.13330555629708699
0.159986247448935
-0.286870224652476
-0.0025675978004835198
-0.0182889718387879
0.0827736021315538
0.172113942784726
-0.0214484454371936
-0.0563675306270736
-0.254322794317707
-0.19646366926807102
0.12099366735324199
-0.23736829747664
0.05328598067975701
0.119119959777518
0.43988384425522
-0.24430219890569999
-0.0607902064533626
-0.313808107937242
0.31412399597556395
-0.34372014846698606
0.108321462017255
0.0893163610560821
0.19768848415193102
-0.32884567743584997
-0.0960511523662011
0.00895147273947711
0.198182781722519
-0.10819004209764502
0.418213848984479
-0.187778943167428
-0.212679562274994
-0.403503285569314
-0.34899580040643297
0.363155049514508
0.0827344697387909
0.010564584563136999
-0.19409583366676603
0.0458735832510831
0.125825452673416
-0.11452539903863801
-0.0642516204360953
-0.0148000300859774
-0.20968878096029897
-0.158084592624478
-0.26697423111373203
-0.11886850459236901
-0.169449186648598
0.0016592637866394
-0.30192107494245
0.20896116766366502
0.291924196613378
0.133524125377013
-0.0689786662530431
0.00968064505891538
0.24972095522929602
-0.0957778959309295
-0.334426499046982
0.270551478872727
0.27660978053073904
-0.29987801801874797
0.146964764127142
0.180887062405759
-0.125953037809205
-0.0338306351663815
-0.0578803882475071
0.24575395039748102
0.22724958918854396
-0.310705977833651
0.38012014165323
0.299481971132425
-0.0477326243512077
0.20331758527989605
-0.137931611019151
0.079478800523511
0.297807360741117
0.294475246611849
0.172827307120597
-0.0498089697844115
-0.37558897396248103
0.020277076699773997
0.202881739846089
0.12319473705874599
0.0457137571446043
0.13773624981516
0.0912633722954924
0.11296565136812899
-0.0296885219360338
0.0415909091305525
-0.16484459497487802
-0.166076275633009
-0.15840948775734
-0.27208575889907105
0.179321664321221
0.206725273087864
0.0756810643747359
0.296872812827835
-0.30888341684417103
-0.033035306116512
-0.162228390519228
0.20075263277990196
0.143181519065516
-0.299934140250177
-0.0682431642153468
-0.0737548094114388
0.11331807449045099
0.40244281933484793
0.20567570541447602
-0.141873290114728
0.275368368020118
-0.0032676617322695
-0.15671570903153398
-0.259941254188801
-0.16894175908078302
0.394408587893124
-0.17766127117917802
0.0973637833494417
-0.239147956191543
0.18894814233846102
-0.12992004596794302
-0.0647747845086756
0.10220601733878501
0.27690658995907896
0.4186241678799029
-0.16411232287039998
-0.24874310330973604
0.0196679749375154
-0.18134995359766604
0.21924195309925198
-0.0727063754348833
0.267435612446638
-0.19562267135441103
0.489144837444921
-0.0760983108417831
-0.173606309093819
-0.263806353472008
-0.0496800484974969
-0.0760430558419217
-1.59599755968905
-1.66858473818333
1.45202544868601
-1.3083831124349
-1.2594547310339699
1.33155710373005
1.38253460615792
-1.1026557448819398
-1.20806535584216
-1.2872040459916498
1.2707472445541899
-1.3812124763218798
-0.9913681849132091
0.9988375788375581
-1.20353576040441
0.7328180817745692
0.9196325433123571
-0.7814332675266858
-0.641768331213026
-0.803066783800942
-0.549950878590037
0.7346781361710251
-0.6138884758532479
-0.803009337144044
-0.686988871916072
-0.5398419818619171
-0.19560980777313
0.606054586910685
-0.30726133716867604
0.129561435471894
-0.42320003251750393
0.126366551992568
0.304270007261371
0.151786621058109
0.0396517677445912
-0.17493556859959197
-0.0606416631451564
0.0726988965104913
-0.16842383019576698
-0.0249730717288073
-0.0293331351382252
-0.11898581664626802
0.0718606996063901
-0.11825470294205802
-0.201487127980743
0.0357293655073349
-0.189535581696603
0.279931090020523
0.134497220978323
0.219780994347548
-0.23130942930629603
0.12179258574435901
0.29180887411311796
-0.3167702129109
-0.591335073485852
-0.198329871931158
0.5497232894636429
-0.4268689498545779
0.36909889887526093
-0.638591333862937
0.9087305315313521
-0.8627735714676371
0.8298423792156852
1.1171243667648503
0.790989454197675
1.16921612817707
1.17282428334947
-1.01670854536212
-1.1554599248829498
-1.23769234997052
1.23920195171225
-1.47825532284507
1.27625803659056
-1.31950726420073
1.25774209453777
-1.3711897345582398
-1.74095415945584
-1.46324315813489
1.32395694171086
-1.3179168961415402
0.30757824585572696
-0.216494819868293
-0.086581028212478
-0.647795059596871
-0.1751553385667
-0.350587054905523
0.14084828325589302
-0.244286936850855
0.5703969824949089
0.586844988795924
-0.639909067598784
-0.29562329780012
0.0912913510332061
-0.175150732085237
-0.285928402074484
-0.416000180496526
0.347207484245395
0.335709081750568
-0.444679518908336
0.314890948730674
-0.286826241310844
-0.678914857041013
0.413269034337892
-0.110192056338421
-0.7685685014324131
0.20005094094934303
0.54024445726562
-0.475192860260565
-0.5360655290283549
-0.14821432909953602
0.418662112230971
0.559287018613415
-0.0329158107921488
-0.0935914813469902
0.5623975650006391
0.04950272162826
0.576464219737948
0.0195332594213697
-0.0700037123651863
0.048103041858044
-0.3468614463016
-0.253973357752703
0.41575688394806
0.584591760853195
0.324046718600484
-0.325476517411662
0.7077369705978249
-0.0254542905296895
0.578171149891241
0.35404263085115395
-0.9074100976830171
0.257822400935785
0.1309807972177
-0.413627848078714
0.468298696394666
-0.17588866469887499
-0.437549004980009
-0.41902093201474705
0.0337011834791442
0.528440773201151
0.172011910464116
0.193456971775162
-0.253552203425778
-0.35362410253147103
0.5686512994801801
0.21310967801868902
-0.150075277933298
0.24115196139223397
0.419219854439462
-0.38283560048047605
-0.24688737723180104
-0.0241188197722086
0.533047821901394
-0.34027148507105
0.353373401985513
0.27329028310474696
-0.368467625080826
0.0269667112685876
-0.5882799767152521
0.276741083991773
-0.00937267774110148
