49
2
120
1
relu
line
1
1
-0.25484672
-0.078046694
0.06948382
-0.57977754
0.19024883
0.3513932
-0.10883279
-0.7098516
-0.086515844
0.21989089
-0.34610218
-0.014131904
0.53718984
0.35942057
0.29123873
0.42477018
-0.16027603
-0.7845227
0.045802016
0.18176445
-0.056706727
-0.19170694
0.02356615
-0.034059465
0.027720591
-0.30397928
0.19103102
0.08348791
-0.42271233
-0.39762345
-0.0055431426
-0.3288844
0.07866246
0.47653416
-1.6914939
-0.5721174
0.32234466
-0.329376
0.21504988
-0.08873403
-0.12961115
1.0463902
-0.4097596
0.615859
-0.6322449
0.33222324
0.29468805
-0.13036649
0.06323245
-0.06461381
0.12094028
0.30265892
3.235851
-1.8031982
0.10598704
0.03395539
-0.07341313
-0.44497737
0.30677897
-0.24074388
-0.33826542
0.45737758
0.22644342
-1.4464862
-1.5210104
-0.16738659
0.6192159
-0.16282722
-0.13240947
0.18103686
0.35741583
-1.56773
-0.151501
0.20750356
0.073619105
0.28575966
-0.9576584
-1.5409334
-0.36033258
-0.3991943
0.21675831
0.43040755
-0.31573617
-0.3218634
-0.40560165
0.14883414
-0.071027756
0.5845593
0.18210128
-0.23150371
-0.63479614
0.16946371
-0.07420725
1.0190561
0.015128886
0.16197987
-0.5895363
0.26571614
1.0950532
-0.06327945
-1.1457716
-0.30149582
-0.22457983
-1.134123
0.30514467
0.2965456
0.11773011
-0.45908758
0.2629996
2.0578241
0.5407968
0.08113471
0.14244512
-0.8254465
-0.20340386
0.0067863665
-0.6388177
-0.26581585
0.11922312
0.06828298
0.39780354
0.73928696
-0.22540268
-0.27092323
0.27202854
0.831315
0.18929613
-0.7648829
0.013685729
0.08171508
-0.12107775
0.24064288
-0.09606394
1.2852921
0.004764229
0.3758419
-0.23056561
-0.4410132
-0.030349797
-0.11000832
0.25647432
0.13996512
-3.8539805
-0.09197885
-0.2126243
0.09886162
-0.15229928
0.41822433
0.14314966
-0.32238507
-0.1378439
-0.03313456
0.7010065
-0.38838625
-0.41351673
-0.13788086
-0.29704276
-0.24427712
0.01778322
-0.26277098
-0.12796803
0.009473711
-0.06669471
0.27998906
0.3600177
0.11507615
-5.4743314
-0.11399128
-0.36099595
-0.56147146
-0.06507829
0.13180289
0.7342281
-0.2512078
0.21790111
0.09011716
-0.15418561
-0.24826457
-1.5129347
-0.2224063
-0.058825273
-0.3919051
0.092074476
0.41241583
-0.5687699
-0.1744532
0.17759958
-0.076308034
0.66744286
-0.3194894
0.30633646
-0.34692267
0.32417595
0.15810555
-1.8255554
0.28737193
-1.0406545
-1.3122525
-0.067278035
-0.35318035
0.27125895
0.14482482
-0.33486238
-0.34439528
0.07432852
-0.17287251
-0.39208055
0.35995358
0.36674163
-0.24185818
-0.29689527
1.0462608
-0.013964087
0.53466517
0.13845462
-0.05207439
-0.40251142
0.10260537
1.6175078
-0.049022734
-0.10994314
0.2152278
-0.16403314
-0.3834739
0.20536935
-0.04965381
0.2636029
0.5090452
-0.014366239
0.9642356
0.5260979
0.07412797
-0.020872146
0.2761093
1.0813005
0.2491623
-0.9756363
0.06404382
-0.157934
0.17022267
0.14117579
-0.10109363
0.10003478
0.22311151
0.092165135
-0.06036421
0.12543368
-0.3873546
-0.20780443
0.27464858
0.772043
-0.07404523
0.029711286
-0.079163626
0.20922762
0.17336588
-0.07801089
-0.082014844
-0.060001407
0.15405288
0.110102296
0.17316017
-0.77096605
-0.049189657
-0.2938203
0.3252934
0.06748361
0.54770285
-0.88135266
-0.5369978
-0.035114467
0.42450038
0.11899863
-0.26946884
-0.41883382
-0.0886829
0.43950623
-0.18158522
-4.1282835
-0.21206327
-0.26091564
-0.031955034
-0.30408838
0.73446614
-0.22636862
0.11496606
-0.24128246
-0.4443347
0.16324322
0.5446833
-0.15913992
0.110277385
0.109901
-0.077634454
-0.29952124
0.12564725
-0.16188662
-0.1460454
-0.6229112
-0.5624397
-0.08965044
-0.027631441
-0.7998555
0.3360699
-0.45930082
-0.116753764
-0.46372482
-0.1930841
-0.062996015
0.22167933
-0.24500751
-0.18045498
-0.30265793
-0.22634198
-0.20034677
0.32184103
-0.68474513
0.28342837
0.31209025
-0.4402954
-1.4213544
-0.071115784
1.2622603
0.05636677
-0.18632472
0.19881724
-0.4125799
0.19484925
0.37390646
-0.20268384
0.51840377
-0.8665778
0.26623523
0.7666081
-2.411981
0.2062992
0.21634336
-0.30248788
0.54456395
-0.67340374
0.097398244
0.10466951
-2.576559
0.07391846
0.30952293
-0.29602405
0.09970024
0.049576666
0.24586368
0.27130753
-0.4203766
-2.5100598
-0.27586043
-0.098959856
0.93736565
0.130442
-0.2669527
0.1924429
-0.5149228
-1.5234524
0.017301314
-0.011444103
-0.17763725
-0.2012131
0.77276516
0.72741884
-0.08342114
-0.27585652
0.18449713
-0.22528099
0.47016412
0.14548728
-0.55445814
-0.012124151
-0.061894
0.04827674
-0.0025401176
0.28433454
0.38583395
-0.056272298
0.2735256
0.472515
-0.3040596
-0.26371077
-0.3833508
-0.3028928
-0.31717747
0.13362683
-0.47733828
0.08029374
-0.027258873
-1.0540811
-0.20096962
0.7496335
-0.13976601
0.16800967
-0.26675335
0.055233866
0.055946045
-0.4186864
0.40400207
0.11112574
-0.5049814
0.47124362
-1.5768491
0.4466453
-0.19573605
-0.31401372
0.09845222
-0.2060241
0.09739879
0.22570992
0.068638854
-0.12782063
-0.18632956
0.051695917
0.1206218
-0.20934603
-0.34008908
0.6904082
-3.7204826
0.22115254
0.01904888
0.004548048
-0.3384612
0.16125569
-0.29789686
-0.5362307
-0.4220954
-2.0983312
-1.748176
-0.10175367
0.0139731765
-1.3336396
0.005796354
0.0015632743
-0.38113412
0.3336569
0.1712455
-0.27030456
0.018468367
0.7357174
0.7042055
-0.78781396
-0.096402675
0.36491457
-0.46965948
0.009790622
0.04921114
-1.1743737
0.92257977
0.19319567
0.06644547
0.030516602
0.27227882
0.787674
-0.52443796
0.25537455
0.04360995
-0.3007634
0.81378895
-0.12424193
-0.3985787
-0.36804163
-0.065919876
0.27574462
-0.12928735
-0.62850994
-0.10364819
0.17608173
-0.25587207
-0.18388614
0.22677797
-0.009346358
-0.11678783
0.24533021
-0.06648909
-0.283172
0.11349967
0.34049314
0.026034415
0.14220755
-0.20676401
0.20053113
-0.00082679366
-0.50543106
-0.11038676
-0.05275539
0.16657238
-0.3736626
0.23697782
-0.20107044
0.2788656
0.4816612
0.09777051
0.23098537
0.03686606
-0.08481311
-0.03230431
0.39795542
0.037001286
-0.10666877
-0.16459769
-0.20340079
-0.23435982
-0.08591917
-0.27437505
-0.15436934
-0.15523206
0.06279254
-0.18859956
-0.0025116422
0.08825705
0.5525666
-0.07700478
0.28573102
0.42969838
-0.23484808
-0.03587741
-0.40462768
-0.5798173
-0.0964516
0.21033278
0.60609925
0.22373696
0.03523675
-0.42983794
0.2999433
-0.5873604
-0.24137157
0.17693862
-0.7555263
0.10595791
0.060566872
-0.2420437
0.36899117
0.4750502
-0.37546924
-0.25179636
0.65363044
0.032991696
-0.2986981
0.0049583237
-0.26209092
-0.17722444
0.3529809
-0.11989968
0.011386888
-0.006550662
-0.5898108
0.024253
0.17195448
-0.34394473
0.25940466
-0.062977225
-0.3435212
-1.3911507
-0.08470223
0.7087121
-0.29068387
-0.017835123
-0.46394634
0.0755559
-0.016968051
-0.19158578
-0.21158561
-0.42327628
0.34066018
0.5392879
-0.23450527
-0.2816761
0.4251778
-0.16993672
0.44439054
-0.81825674
0.12378326
0.11976906
-0.18337645
0.12037944
-0.06752879
0.038291633
0.011966659
0.17379732
0.008315484
-0.33730957
-0.34965554
0.1005207
-0.79962355
-0.08020385
0.42596313
-1.1379421
-0.5024897
0.27603546
0.38606474
0.0031981866
0.091263235
0.1455804
-0.035425927
0.1296847
0.6316408
-0.6264045
-0.06256637
0.14304349
0.5865654
0.106363714
-0.16561875
-0.14493828
-0.02682765
0.13343437
0.33368063
-0.323402
0.18517524
-0.26534495
0.5329184
-0.11781089
-0.3291348
0.40075448
0.7530715
0.16658172
0.47370294
0.31550813
0.18901762
0.26703554
0.25990224
-0.18224294
0.30601168
-0.3088436
-0.07055374
-0.10803143
0.14460707
-0.008431166
-0.42471305
-0.5437276
-0.56004035
0.27932304
0.25264487
0.093307674
0.3416313
0.32019204
0.32628
0.39984894
-1.6125163
-0.3197598
0.08274299
0.59974635
-0.27915668
-0.29342258
-1.2349796
-0.12227243
0.41287568
0.3082463
-0.14085862
-5.307974
-0.94950753
-0.23822379
0.06393503
-0.30234584
0.006537384
-0.14602418
0.27121377
0.06737737
0.20512028
-0.43538874
-0.28028816
-0.51575
-0.08755568
0.5201808
0.3468122
-2.4182055
-0.016490724
0.08513023
-0.096189454
-0.31226382
0.076299936
0.101119064
-0.44229373
0.6554909
-0.1962807
0.30900425
-0.26710898
-0.18057431
-1.0196066
-0.22344132
-0.26281425
0.3047922
0.014872844
-0.14937466
0.47496876
-0.08692026
-0.24081933
0.19997618
-0.091833904
0.20640272
-1.1399705
-0.1314224
-0.2816334
0.2390731
-0.23387325
-0.3655844
-0.05385083
-0.44844252
-0.17779176
0.29517174
-1.3048509
-0.22580224
0.28592
-0.3051027
0.11787548
-0.14765897
1.0724334
-0.75949585
-0.20045511
0.24897105
-0.38550535
0.14252469
-0.13428497
-0.070372246
0.061337978
0.27318335
-0.21339877
0.3718459
-4.0576334
-0.23760718
0.36614016
-0.084815904
0.35144016
-0.13658836
1.3898394
0.36764544
-0.30692598
-0.30149803
-0.83024466
-0.13372475
0.7149626
0.24986708
-0.47935626
0.6477553
0.18489626
0.08674003
0.32060677
-0.07455206
1.3966956
-1.1415857
0.011290133
0.47509497
-0.4023689
-0.27709737
-0.1411346
0.0005744533
0.08226102
-0.11917925
0.07551214
-0.9060594
0.35166484
0.4379714
-0.5401158
0.48854008
-0.33418295
-5.824035
2.9389815
-0.2765159
0.042102966
0.22345002
0.5226748
-0.934417
-0.07776597
-4.559667
0.006353845
-0.08709016
-0.17260307
-0.14157736
0.062255412
-0.043933783
0.4709021
-0.34391344
0.14371309
0.31901073
0.89482003
-0.13982488
-0.0095023
-1.8336004
-0.26798156
0.19545084
-1.1728394
1.1790465
-0.2755397
-0.21399626
0.4845143
-1.3196464
0.6483553
-1.7645882
-0.46711802
-0.34555534
-0.294931
-0.87488335
0.45036757
1.1010333
0.4235353
0.6738294
1.1338621
-3.8701105
1.0200108
0.22296765
-0.022452176
0.024366444
-0.18756053
-0.42953235
-0.27449298
-0.2263798
0.5251924
-4.5368104
0.28856367
-0.16722205
-0.9922462
-0.03175154
0.29586205
-0.018803837
-0.0222466
-2.6478221
-0.2714675
0.1035794
0.19475633
1.1268378
0.12299328
-0.14692028
-0.44123182
-0.1038634
0.054711036
-0.24667563
-0.28989977
-0.031432416
1.4709588
0.13067189
0.35527644
-2.8670087
0.083236165
-0.013009861
0.07506561
0.15580821
-0.98014945
0.024534097
0.23086576
-0.85966694
0.7180604
0.05643586
-0.4525899
0.005254656
-0.066228054
0.49293706
-0.57291776
-1.3814219
-0.12379167
0.18984738
0.017418448
0.14072111
0.23609741
0.3938261
-0.11226127
0.5985491
0.10433535
-0.21014154
0.14222041
-0.09772711
-0.17822948
0.24278249
-0.6076081
0.028591968
0.031668425
0.042210404
-0.117775045
-0.10578768
-0.52263916
-0.49448177
0.22978818
-0.56256753
-0.2892417
0.111063376
0.22994202
0.32479978
-0.005034821
-0.25951725
0.5247862
0.68288547
-0.602696
-0.3069141
0.030117292
0.9356528
0.7634573
0.031706546
0.22640231
0.31284535
-0.26415634
-0.2453536
0.6816549
0.0763613
0.16902311
0.3055519
0.21716239
0.46833175
0.22174972
0.69589454
0.105858445
0.82605535
0.08502427
0.2059823
-0.38782063
0.6359653
-0.45126176
0.13035294
-0.39140084
-0.4965065
0.37539458
0.08397442
-0.061407093
0.1417559
-0.13910426
-0.088162415
-0.81759626
-1.3174164
-0.108488165
-0.083741926
0.7529423
0.68714094
-0.12743025
-0.31351745
-0.67737263
-0.16672844
-0.27501804
0.14452955
0.3194546
-0.87571496
-0.25976714
0.21929145
-0.10171264
-0.2770361
-0.17898944
-0.1312469
-0.15980887
-0.009586528
0.054387923
0.3843625
0.13896586
0.5780513
0.09202597
-0.14011696
0.13196173
-0.3346826
0.5402725
0.09040714
-0.44447407
-0.27268317
0.08492812
0.23925972
0.89079404
-0.37757993
0.10657112
0.43625793
-0.08606157
-0.16951361
-0.7823255
-0.18527253
0.1815747
-0.26348853
0.29539695
-0.170228
-0.22784385
0.10049841
0.18493931
-0.38163266
0.31270608
-0.22427477
0.2567724
0.07081381
-0.20745894
0.13017496
-0.012016848
-0.15108997
-0.27942514
-0.5153232
0.21984914
-2.687118
-0.4729116
-0.019408906
-0.2215442
0.18966472
-0.062761135
0.0053077326
0.3826826
-0.022226777
0.16325489
-0.24873972
-0.28069505
-0.02270203
0.109578356
-0.4866354
-0.39176774
-0.11258008
0.26753923
-0.121793665
-0.3788804
0.30414945
-0.23477519
0.07126826
-0.7670357
-0.32602212
-0.09646604
-0.13900076
0.5679973
-0.21259825
-0.49368855
-0.21209934
0.02774012
-0.39795488
-0.50400454
0.17604077
-0.20459354
-0.23820189
-0.26385736
-0.14997405
-0.7355241
0.31192017
0.08190548
0.17090157
0.07716657
0.077403404
-0.038848724
0.028208887
0.42922485
0.15722753
0.041694023
-0.1992238
0.18066333
0.3444981
0.21790153
0.17762744
0.014330987
-0.19780152
0.19162247
-0.82400054
0.11566148
0.1553748
0.009279852
-0.4720803
0.79188854
0.26300982
0.110649556
0.110133365
0.05929767
0.369791
0.33131737
-0.33581635
0.11768837
-0.010482967
-0.4397572
-0.31748104
0.2669803
0.5423787
-0.20024154
-0.25063685
0.488986
-0.18562412
-0.0009535366
0.25712815
-0.038873978
-0.25925428
0.5181446
0.03802365
0.18326506
-0.25359002
0.19112767
0.33551544
-0.0613218
-0.20082511
-0.34840137
0.28500107
-0.036393687
-0.47778058
-0.16767688
0.09557628
-0.92391706
-0.11360146
-0.46553022
0.3558026
0.24754861
-0.04678361
0.3076232
-0.21129316
-0.029226307
-0.4043997
0.10447433
-0.0542385
0.09172578
0.19859824
-0.040184382
0.04909566
-0.14769505
-0.11160914
0.086462855
0.064679034
0.17299664
0.20572875
0.05838122
0.030843502
-0.27503476
0.088148646
-0.13115382
0.3761811
0.33256575
0.35719547
-0.0095612295
-0.1221602
0.08785401
-0.04267474
-0.19007874
-0.06458836
0.07687048
0.10948206
-0.28008908
-0.20410977
-0.2113337
0.22782111
-0.23460644
-0.12840551
-0.075482905
-0.28084144
-0.81577486
0.31983688
0.14170864
0.0038778668
0.20378211
-0.22652967
-0.31526124
0.08121974
-0.25738502
0.28008848
-0.42220986
-0.67412454
0.30239904
0.36649847
-0.5261812
0.22060625
0.22180802
-0.40348554
0.29657844
0.21473056
0.1380472
0.24910001
-0.32228082
0.28145075
0.07743606
-0.28635597
0.008725925
-0.13119297
0.3277967
0.15555851
-0.13126987
0.45806548
-0.043662902
-0.297943
-0.09135722
-0.41937745
-0.34768787
-0.3229465
0.22154133
0.24910282
0.31145674
0.17742465
0.089195944
0.23234971
-0.2363361
0.05140184
-0.37010688
-0.22666807
0.10436264
0.35373396
-0.24444596
0.20346165
0.03258416
0.011461973
0.0044872933
-0.25552842
-0.1221342
-0.2508654
0.41781235
-0.3389875
0.1897199
-0.26764315
-0.23210321
0.008150586
0.18183316
0.41339898
-0.19666141
-0.26636583
-0.06541807
-0.2110398
-0.33092117
0.0023568254
0.20002598
-0.59216994
-0.20891465
-0.78417665
-0.19502859
0.20812315
0.30818263
-0.57739913
-0.1387759
0.23426872
0.4734222
-1.6829845
-0.14526385
-0.27092317
0.25620896
0.91252536
-1.3600644
-0.11398761
-3.091601
-0.7378869
1.0526537
-0.37536353
0.40639076
-0.035841614
-0.4572277
1.1854969
0.14973646
0.8705953
0.4886804
0.3553151
-0.6897777
0.95427746
0.9934806
-0.07702243
0.50961304
1.8074839
-1.1787779
0.5875478
0.998775
0.07234849
0.0847871
-0.26374704
-0.08314562
0.78209174
-0.044027023
0.06537895
-1.1690617
0.847508
0.05831954
-0.15995713
1.0934775
0.0009820518
0.90992624
0.32402998
-0.3251592
-2.9823933
2.547403
0.34346867
-0.65469784
-0.24187133
0.5642726
-0.67984235
0.30993515
-1.0898664
-0.531676
0.32696745
2.5665522
0.27637032
0.0854506
1.2767842
0.25214875
1.000799
-0.37956163
0.0075351126
0.98557246
0.25653213
-0.09312168
-2.7869678
-0.3248843
1.098049
0.72869676
1.0509213
0.71061254
-0.49975872
-2.742363
0.17727
0.0013307929
0.6881046
-0.22091872
0.9047406
-1.8402785
-0.9157534
-0.05803084
-0.567422
-0.10374569
-0.22042626
-3.2761164
0.08530647
-0.61408794
-0.30909163
-0.20335652
0.31017372
0.31171912
-6.0517654
-0.36039922
0.019636175
1.9733031
-0.24894406
0.7343654
-0.19003482
-0.15265432
0.1101192
-0.2248249
0.6783553
-3.7533135
-0.12465459
0.75420386
0.07360766
0.0889556
1.9742527
0.02136612
-0.29570645
-0.34813255
0.89233696
0.80841047
-0.11701603
-0.7923892
-0.455877
-1.4619452
-0.27711484
0.95018315
-0.1986204
0.017862882
-0.784538
1.9785459
0.53628737
-0.33714712
0.01808083
-0.862686
-0.86752903
0.34425288
-0.45447433
-0.5801897
-0.23796925
-1.4168714
-0.2528686
-0.2774232
-0.019038236
-0.026506979
0.7129612
-0.23276103
0.4929889
0.6986165
0.20173788
0.28458047
0.40431675
-0.3975984
0.60106766
0.18173115
-0.42338896
-0.056874454
-1.2372801
-3.7387202
0.5875739
-0.47652924
0.095353045
-0.8448084
0.26782688
-0.37316138
-1.4785405
0.25936285
-0.7001762
0.46906528
-0.037014715
0.26427847
-1.5623844
0.0961997
0.13763353
-0.5331787
0.12925655
0.07721438
-0.635956
0.26493064
-0.29066196
-0.059324626
-0.5658313
-1.0147517
-0.13418993
0.18920222
-1.9862821
0.6483033
-1.1525197
0.38764822
0.4982508
0.40511176
-0.056437463
-0.19891113
0.67054105
-0.4036358
0.09904662
0.8575717
-0.21557246
0.59311455
-0.5043575
0.6458727
-0.7240427
-0.33401695
0.34102026
-0.14511971
0.5507404
-0.5164941
-0.8280877
-0.62971896
0.6290059
-0.75382096
-0.17297655
-0.7760778
0.13487308
-0.6833448
-0.098281436
-0.2162039
-0.47577187
-0.3347369
-0.040355828
0.052145362
0.06276445
0.7608625
-0.20451857
-0.11100228
0.21876216
-0.18993716
0.27772936
1.148845
0.6681412
-1.3915277
-0.23354942
-0.14528681
0.58131087
0.2883643
0.05842132
-0.04937458
0.07523352
0.18599844
0.81556714
-0.2739447
0.49842682
-0.36582768
-0.38471478
-0.7833483
-0.03090922
0.16832033
-0.25023857
1.4859983
-0.91335034
0.54745454
0.7288676
0.06840919
-0.22782993
-0.06327223
0.28464633
-0.20529133
-0.13078414
-0.09004237
-0.34733722
-1.149074
0.011061442
-0.26063418
0.41829672
0.13165449
0.3926071
0.0311796
0.018625353
0.40218887
-0.13344678
-0.082252964
-0.27026656
-0.36354405
0.35862732
1.0098376
0.16457696
0.020832092
0.18437733
0.269849
0.428105
0.49100086
-0.0696186
-0.19193026
0.21168257
-0.494913
-0.21643962
-0.9038773
-0.37977794
0.32601988
0.0796552
-0.18258217
-0.29714406
0.83152074
0.27748555
-1.1581684
0.31469327
-0.044236064
0.4865477
0.055310655
0.038041316
-0.14791846
0.14874291
-0.17462298
0.18640152
-0.021229105
-0.7899341
0.2840372
0.47856736
-0.4544376
0.20710893
0.54974085
0.03774762
0.56969696
0.41846567
0.26079607
0.48478836
0.55812305
-0.46888036
0.2121819
0.111467175
-0.47129524
-0.8263925
-0.36245167
0.024468428
-0.42178455
0.4077285
-0.5299402
-0.030092474
-0.11248709
-0.17943211
0.214498
0.0152875185
-0.4071885
-1.7415097
-0.20756991
0.08221167
-0.1953345
0.15381794
-0.90918547
-0.37786958
-0.21036534
0.13933074
0.42321813
-0.29164532
0.3366486
-0.29353458
0.08262486
-0.29265937
0.23381858
0.15512219
-0.56445205
-0.0069442093
-0.26476422
0.13805875
-0.2006802
-0.51570606
0.32207572
-0.54237664
0.64030355
-0.27251074
-0.06504783
0.13047352
-0.15379667
-0.403473
-0.23412076
0.023717897
0.14890821
0.11487645
0.35158944
-0.8271878
0.7680767
-0.09296146
0.045923505
-0.22033079
-0.09675023
0.25495183
1.0359364e-05
-0.1393686
-0.15555067
-1.9949055
-0.27809262
0.3769554
-0.07710379
0.07529273
0.45375806
0.36848274
0.4398583
0.16559775
0.85467803
0.07365224
-0.115108065
0.35555753
0.15875089
0.37961206
-0.22500403
-0.27854276
0.26808023
0.10766655
0.03811241
0.22171983
-0.36078736
-0.12555411
-0.19936055
0.24603146
-0.37762767
-0.5197237
-0.48216107
-0.021430114
-0.31149778
-0.20978637
-0.1379943
-0.4617102
0.34754634
0.030267477
-0.01877341
-0.0786635
0.49257794
0.39136142
-0.71018827
0.42796963
-0.059021
0.20323533
-0.034365557
0.28705376
0.33194995
-0.10995655
0.05580832
0.62985736
0.15737228
-0.30625546
0.10444606
-0.12783079
-0.22094052
0.64856267
0.21697025
-0.06019317
-0.32215258
-0.27637574
-0.22429283
0.069384724
-0.047625374
-0.22067119
-1.3919885
0.33177328
-1.1181347
0.33247602
0.04999597
-0.09314165
0.2652454
-0.04572773
-0.06341063
-0.2714751
-0.12431983
-0.7368759
-0.37084922
0.011045332
-0.13186088
0.06763274
-1.4116784
-0.041822918
-0.031705134
-1.0136096
0.4722236
0.29690403
0.21807349
-0.29498783
-0.15561208
0.6630143
-0.3048514
0.39328116
0.32899287
-0.10084124
-0.05349847
0.9792942
-0.33071226
-0.300708
0.14674908
-0.05387134
0.2450453
-0.12582909
0.3262255
1.0496893
-0.34284034
-0.20935589
0.22717376
0.31340986
0.21994399
0.003374478
0.505147
0.147127
0.34614447
-0.35503137
-0.09484664
-0.27237096
-0.17862175
-0.05069828
0.12480322
-0.075736
-0.043190595
0.06549735
-0.04466697
0.12016286
-0.08633444
-0.2137354
0.1218605
0.50254387
0.6476207
0.33229986
-0.022301264
-0.1688187
-0.2389418
0.294486
0.1417371
0.02589382
-0.31780666
-0.035642214
-0.05669868
0.026603375
-0.38230065
-0.19554082
-0.24393383
0.24108078
0.11521214
0.0036568067
0.6970929
0.5074442
-0.11911248
1.0076251
-0.09043963
0.05476407
-0.18957508
0.039095618
0.22588235
-0.1536363
-0.0009031515
-0.39915258
0.26263565
0.25159037
0.11179842
0.5341511
0.040245213
0.30336156
0.1249067
0.385366
-0.10112212
0.12405518
-0.35085997
-0.20286712
-0.0020355152
0.15242177
-0.06293934
-0.17475538
0.93700546
-0.05297807
0.08625215
-0.17189176
0.33269525
0.24011181
0.40565017
0.33130622
-0.07999045
-0.3489298
-0.4194705
-0.07186367
0.23822981
-0.09722386
-0.32878873
-0.20858653
0.039998136
0.2509952
0.14577293
-0.25656685
0.058030445
0.11291901
-0.33582234
-0.20500818
-0.3119636
-0.014404072
-0.5939464
-0.20908853
0.15743896
-0.085857145
0.4503809
0.07284105
0.33970642
-0.25501546
-0.07924264
0.78954536
-0.29285774
-0.27097157
0.30914152
-0.019597474
-0.30272967
0.16843769
-0.06933845
-0.3286535
-0.32154816
0.6942362
0.43356726
0.5675134
-1.39736
0.116751075
-0.70461047
-0.39816508
0.3098653
-0.33440048
0.31200436
-0.13271622
0.003388751
1.0280864
-0.21725124
1.3036276
0.24190864
-0.2999807
0.79438317
-0.47287565
0.5638059
0.08720157
-0.013343126
-0.09393972
-0.47965083
0.4630856
0.13692394
-0.6681119
0.26272994
0.057944123
0.2940187
0.11373987
-0.21431996
-0.0751487
0.4485465
0.6739127
-0.2027576
0.8374391
-0.32516906
-0.40967152
-0.18563761
0.03643551
0.18730982
-0.04169244
0.17494881
-0.056741334
0.1783202
0.5325229
0.3286932
-0.47254017
-0.11903309
0.011199684
0.11635581
-0.17919038
0.29456937
0.7302427
-1.8117273
-0.19922335
0.25632867
-0.20557614
0.29068634
-0.34470227
0.016257646
-0.9557552
-0.012680551
-0.25153783
1.541942
0.53637505
-0.40464374
-0.028627582
-0.059090897
1.0479543
0.3335035
1.4882702
-0.50489694
0.10983041
-0.1575354
-0.38226992
0.14934352
-0.32434452
0.9628187
0.30747545
0.1804293
-2.0994859
0.7197878
-0.7229896
0.03495449
0.09221899
-0.18111081
0.16827106
1.2210926
-0.027214896
0.9912746
0.56779575
0.4331116
-0.10994381
0.18441689
0.42195475
0.17540464
-0.4271107
0.05770886
-0.6234362
-0.27807724
-0.5623833
-0.046364866
-1.256667
-0.2633328
0.19232076
0.15506814
0.038339734
-0.32001388
0.0023678986
0.23028174
1.636745
0.7581463
-0.10727382
-0.64783823
-0.043595843
-0.1312274
-0.07447159
0.3007815
0.001167506
-0.28498757
0.018120406
-0.92154485
-1.6663356
0.11439905
-0.14290796
0.31026697
0.20557277
-0.7652427
-0.3201766
-1.4958065
0.63270324
-1.1928484
0.33828893
0.09127655
-0.27098253
0.25251183
0.44252384
-0.17126703
-0.4297523
0.18995115
-0.251981
0.29605663
0.45466334
-0.047795117
-0.56405497
0.7778935
0.51167643
0.13531034
0.48910785
0.27527973
0.3052987
-0.06092347
0.39248875
-0.26046938
0.06339752
0.24526162
-0.11775963
0.3347416
-0.06641364
-0.9595152
0.1822777
-0.904249
-0.1368297
0.33191353
0.36547592
0.21904895
0.17693229
-0.16993481
-0.497596
0.18297769
0.10425764
-0.27551246
-0.9684581
-0.49752757
-0.17089666
0.060975716
0.30671537
0.34595212
-0.04263134
-0.4710986
-0.3565519
-0.5005116
-0.46067104
0.10976115
-0.2048132
-0.29219303
-0.45751235
-0.15387173
0.22236888
0.26878327
1.1236781
-0.12490198
0.263026
-1.1439823
-0.22138195
0.20074311
-0.086013824
0.36434126
-0.13047646
-0.24321659
-0.4142807
0.21321276
-0.46222338
0.040589508
-0.0342503
-0.2799253
0.159228
0.5904311
-0.18850513
0.062453415
-0.25941795
-0.14789064
-0.013438225
0.3156042
-0.66557884
-0.36438757
-0.23422062
-0.030956447
0.01953044
-1.8541828
-0.8862321
0.02842711
-0.6313256
0.1279418
-0.18504031
0.2880667
-0.054072738
-0.05105185
0.028290024
0.23603624
0.30960461
-0.1509464
-0.14784406
-0.37301552
0.11902746
0.13051929
0.08062225
-0.10722715
-0.022353977
0.31430206
0.8167045
0.490846
-0.50132704
-0.26537332
-0.28975222
-0.074712686
0.2714769
0.13514538
-0.13358052
-1.2732941
0.73527277
-0.10944135
0.46072626
0.381935
0.11963382
-0.13066301
0.08419329
-0.19577749
-0.19767848
0.02900989
0.07564572
-0.15166248
0.34314963
-0.003727734
0.088591255
-0.18957347
-0.0001882556
0.627148
0.13627878
0.4344974
-0.07747117
0.1759715
-0.1487487
-0.20835035
0.07663311
0.11541447
0.21764399
-0.2384837
0.21189214
0.1186188
-0.28210515
0.15520436
-0.13078791
0.32436267
-0.25237378
0.11573122
-0.24794002
-0.012711281
-0.2785091
-0.14585525
0.074571244
0.07174003
-0.24727885
0.36540005
-0.30155477
0.08461009
-0.17927516
-0.17794423
0.12590882
0.038258024
-0.4722161
-0.15082835
0.32426533
0.044168774
-0.0980477
0.11562624
0.07307103
0.13915046
0.47186673
-0.007932311
0.058842786
-0.51483196
-0.15941815
-0.5080925
-0.037110213
0.42720017
-0.053448714
-0.47176164
0.1905017
0.10270111
-0.030612368
-0.09589919
-0.21182875
-0.1823962
0.115608096
-0.49666297
-0.14768314
-0.5033875
-0.27590623
0.0596398
-0.17320107
0.11995084
-0.14612024
0.5369648
-0.8269565
0.15038078
-0.2695679
0.071875304
0.15752116
-0.013798693
0.24856952
0.630293
0.09395971
-0.2333886
-0.1726874
-0.33826345
0.24396485
0.24424349
-0.2661826
0.18817379
-0.20115037
0.14444269
-0.30951288
0.2808752
-0.23866957
-0.3388894
0.30268112
-0.13307372
-0.5287144
-0.023359768
-0.09311179
-0.39550978
0.13076629
0.17233843
-0.23958375
-0.31455663
-0.031176168
0.26198342
-0.27330068
-0.09436112
0.3429895
0.08605494
-0.32387978
0.35446444
-0.30673766
0.36614287
-0.35982424
0.2367546
0.18044832
-0.002139247
-0.9110802
-0.087764405
0.05578234
-0.0246211
0.16097398
0.07892809
0.13046114
-0.17651092
0.261666
0.3370477
-0.2347526
0.22268207
-0.43611336
-0.4055054
-0.32063168
-0.1497623
0.46807325
0.14372788
0.2169331
0.62045074
-0.33410504
-0.12424502
0.21992703
0.046987932
0.21255107
0.6747536
-0.7747866
0.23442474
0.026779648
-0.30121878
-0.19678082
-1.0101329
-0.04381036
0.26492003
0.15161523
0.121933214
-0.046853285
0.30919763
0.11344266
-0.5623066
-0.04987051
0.25303108
-0.0051336
-0.394266
-0.3747779
-0.0048556766
0.071171224
0.2553133
0.26917785
-0.23422252
-0.5001156
0.18067344
-0.1170077
-0.32828334
-0.15272097
-0.40550825
0.23939885
0.13504314
0.27953228
0.26443228
-0.10091184
0.3090114
0.29947782
-0.5863063
-0.21039593
0.20774573
-0.028450696
0.1871771
-0.21086013
-0.3555784
0.09302463
-0.22102253
-0.29246765
0.39000523
0.044605065
-0.17301914
-0.36311996
0.24312127
-0.4902938
-0.39375442
-0.22299793
1.1151717
-0.13637424
0.12071515
0.19476938
-0.35044837
0.082298905
0.46492964
-0.71031773
-0.2667954
0.09185256
-0.1017142
0.13910994
-0.28406736
0.122596085
0.2365174
0.16833891
-0.27278137
-0.047815815
-0.056933813
-0.046308104
0.40525374
-0.21052432
-0.34362474
-0.055050347
-0.27569342
-0.25934
0.07308489
0.09045679
0.23817399
-0.17877118
-0.10207259
-0.1433409
0.1053585
-0.23224342
0.27795544
-0.31964505
0.14380932
0.07984053
0.16344307
-0.038532995
-0.19293924
0.32089442
-0.15453456
0.19629632
0.2044565
-0.34021854
-0.10241279
0.1931795
-0.2883846
-0.21792212
0.0059451885
0.06258291
-0.22200517
0.24117497
-0.20550486
-0.3594212
-0.24666476
-0.29255667
0.20485362
0.049018852
-0.39060947
-0.12178205
-0.1506804
0.3405297
-0.15632233
0.12591533
-0.36791557
0.18539424
0.27835247
-0.3018644
-0.14812443
0.1686017
0.16463268
-0.13957202
-0.18777025
0.21118905
0.19486235
0.022153975
0.056586955
0.36084616
0.085466966
-0.05528956
0.06988798
-0.002721768
-0.0032563694
0.013881869
-0.35871175
0.07180906
-0.06913045
-0.2937492
-0.3353958
0.19350272
-0.14533193
-0.30185705
-0.4100943
-0.06651528
-0.18029797
0.26501378
0.18931605
-0.115074694
0.1834386
0.17371143
0.4100952
0.18566522
-0.32732898
-0.0578915
0.061621923
0.2679588
-0.37832394
0.069128715
-0.16462399
-0.015850494
0.2611074
-0.30128998
-0.27900577
-0.030042538
0.2511915
0.3161789
0.4763468
-0.15915748
0.42523748
0.398934
0.1291398
0.0833796
-0.3149426
-0.34286875
-0.11200692
0.16864829
-0.20703854
0.10305634
0.2756735
-0.36346838
0.1046659
0.016270865
-0.1257894
0.06457637
0.27027303
0.15864395
0.33855838
-0.58925974
0.3097897
-0.13278766
-0.044591915
0.6152562
-0.03185432
-0.2951194
0.29372975
0.2915849
0.008870719
0.15337673
0.4638049
-3.3232253
0.16823022
0.18958026
-0.603803
0.096700825
-0.038096633
0.21251523
-0.17056623
0.2677388
-0.0068177367
-0.17233595
0.30672395
-0.87261
-0.15650602
0.40805972
0.23606819
-0.1326104
-0.39925247
0.3318491
0.33051944
-0.5632874
-0.03355766
-0.055170976
-0.5230396
0.03863266
-0.12752198
0.37808716
-0.16294755
-0.17634182
-1.3551441
-0.85653263
-0.10644142
0.0953002
0.03904289
0.13190456
-0.34940642
0.5154397
0.12981915
0.055810027
0.08038858
0.3136595
-2.5905278
-0.1332066
0.26415122
-0.18593973
-1.1076686
-0.0053909123
-0.17792483
-0.0047724214
0.006092771
-0.8799103
-0.24386247
-0.26712403
-0.21050854
1.0967019
-0.26813257
-0.02618783
0.08354468
-1.0690111
-0.22935455
-0.044370085
-0.074560605
0.06615343
-0.15855598
0.13508478
-0.43455094
-0.10380461
-0.50908816
-0.24443299
-0.30640444
0.3407886
0.020140273
-0.07452839
-0.34040764
-0.3040344
0.085810326
0.30903086
0.18031912
-0.13187866
-0.29221892
-0.12335801
-0.46807405
0.25957713
0.1880183
0.46899843
0.09696296
0.6618993
-0.32939914
-0.04572879
0.038916547
0.0034293525
-0.03402573
0.105460286
-0.48029143
-0.34560928
0.098682195
0.053680845
0.6198122
-1.3641312
0.84698945
0.04475057
0.05571321
-0.050759055
-0.13266584
-0.118659295
-0.29545215
-0.24167031
0.4437326
-0.2768297
0.08101108
0.07387616
-0.8180243
0.43696335
-0.17638873
0.22876671
0.5462998
-0.29385924
-1.7230636
-0.05197666
-2.5458784
-0.73831415
-0.38888207
-0.2250064
0.0399856
1.1423224
0.51675445
0.026037777
0.42537436
0.43535423
0.114592545
-0.23341133
0.18316263
-0.50470775
0.3223998
-0.014678558
0.19909629
0.17298375
-0.45064655
-0.201699
-0.0029456918
-0.045627423
0.05850919
-0.31850028
-0.6174933
-0.018335585
-0.090554506
-0.17251727
0.14622131
0.111365736
0.024538347
0.3223433
-0.0911986
0.037452724
-0.3523154
0.3794344
-0.13530977
0.1341912
-0.45825803
-0.19667353
-0.31982452
-0.380081
-0.17864534
0.3340878
0.24700879
-0.31012958
-0.67192787
0.03647197
-0.24643198
0.113763936
0.33413243
0.4965014
-0.06378214
-0.18312593
-0.9120225
0.05730481
0.08830992
-0.13883854
0.15876591
-0.47180286
-0.4931705
-0.13134973
0.01975115
-1.6451266
-0.043401983
-0.116555214
-0.34662357
-0.13872884
-0.15036707
-0.02003369
-0.15449877
0.108655006
-0.47639906
0.018797757
0.21109352
0.09750569
0.6140435
0.4230762
-0.07843079
0.1761577
-0.27341995
0.16625243
-0.43547875
0.30690894
0.0038386744
0.20608261
-0.124168634
-0.61152464
-0.062467877
0.12632439
-0.30115315
0.36074838
-0.48003218
-0.14969821
-0.2993926
-0.15919185
0.009598631
0.051638525
-0.10019898
-0.6616843
0.08617204
-0.086491525
-0.5709154
-0.6245999
-0.016289975
-0.1345566
-0.21925141
-0.093811676
0.04860659
-0.23074864
0.7957033
0.1378095
0.30708095
0.5106829
-0.017201263
-0.31565043
-0.3776529
0.007832976
-1.6110457
-0.56630516
-0.45263642
-0.4270755
0.019173836
-0.20405614
0.34027496
-0.38135284
0.054975748
0.28876424
-0.40535334
0.48885828
0.04466007
0.014993112
0.15478456
-0.48111326
0.06573414
-0.24828641
-0.68480265
-0.100645654
0.09521869
0.32629585
0.21956469
0.11645392
0.11197486
-0.13107705
-0.40067908
0.28985104
-0.02728308
0.16965352
-0.9762341
-0.18897696
-0.14052024
0.051620662
-0.4426796
0.08084282
-0.15411295
-0.13764916
0.10690519
-0.10037303
0.1574783
0.095751785
0.89767605
0.20915893
-0.1909867
0.21948433
0.32694975
-0.08886841
-0.42674157
-0.3182113
0.18957351
-0.2896534
0.06778314
0.009764835
0.048393536
-0.026191799
0.027955553
-0.09674272
0.25245878
-0.08909732
0.07154741
-0.12225508
-0.041918974
-0.14299046
0.088973686
-0.64694476
0.9778597
-0.06849381
0.23105974
-0.1963031
-0.17878982
-0.15948644
-0.040660243
0.03360183
0.108862065
-0.3822697
0.051459316
-0.002231916
0.54546976
0.48065367
0.20231894
0.11403398
0.1169636
-0.17027724
0.079605505
0.18001233
0.44533825
0.13066776
-0.17274307
-0.1084425
-0.07072883
-0.09449564
-0.46690488
0.14583443
-0.45573017
0.02931282
-0.40907478
-0.30947077
-0.039209984
0.094657294
-0.1455295
-0.33943626
-0.08450798
-0.16609287
0.37983504
-0.28622818
0.29156312
-1.0436985
-0.18340196
-0.38768676
-0.31165928
0.09565812
-0.45330426
-0.056602217
0.16263276
0.16636997
-0.120341636
0.017388111
-0.2636204
0.1486164
-0.09704662
0.3596976
-0.20456272
-0.108574055
0.2520066
-0.20589188
-0.16667978
0.072585806
0.11620271
-0.0243374
-0.61298436
0.24592371
0.36590743
0.21969512
-0.012756616
0.02386627
-0.2775713
-0.03442639
0.04128284
-0.15416437
-0.035397563
-0.067995936
-0.10529831
-0.033170167
0.20577209
-0.01909321
0.25533634
0.10940056
-0.2645446
0.06263913
-0.19626723
-0.03281619
-0.2777224
-0.3124773
0.44039804
-0.3744396
-0.4203993
0.3494024
0.8653929
-0.23280138
0.14124471
0.16620164
-0.10754896
0.14023082
-0.24507405
-0.25706974
-0.5784928
-0.35714847
0.21401267
0.059883982
0.116003215
-0.048876446
0.24045758
-0.077616245
-0.16450155
0.019801693
0.3159713
0.06421911
-0.2840894
-0.046469472
-0.030728418
0.21464337
-0.013436419
-0.13785183
0.12041271
-0.12550397
-0.22176859
-0.049853846
-0.36406335
-0.0087955175
0.192953
-0.35978347
0.020897057
0.032725208
0.38294104
-0.17100257
0.18566145
0.13283685
-0.2779124
-0.1102175
0.13901512
0.00692173
0.35416025
0.13659537
-0.10010834
0.08989157
0.107714
0.17114492
-0.2169791
-0.14939861
0.17361675
-0.18573348
-0.34386763
-0.020137046
-0.35648647
-0.3338487
0.16665478
-0.32698047
0.6115157
-0.14004044
-0.2556554
0.09354914
-0.14901681
-0.12829418
-0.51218015
-0.6332658
0.0012626015
0.5308851
-0.023115218
-1.0647701
-0.04620059
-0.26301602
0.32556558
-0.09766394
-0.3181518
0.31092095
-0.4165908
-0.0645282
0.17494875
0.14975056
-0.10610046
0.18879285
-0.2758195
-0.075753406
-0.30664453
-0.10138708
0.2814244
-0.28991544
0.36207828
0.21636024
0.07281974
-0.06924122
0.27530026
-0.33337885
-0.27029878
0.16114801
-0.17125905
0.12585743
-0.39501157
-0.08540401
-0.2560263
0.25753838
-0.29784143
-0.18837321
-0.19317974
0.27119458
-0.14577937
0.09589892
-0.07355182
0.2867456
0.28037536
-0.09414057
-0.146341
-0.15063454
-0.10289287
-0.1378431
0.059945967
0.2341034
-0.32420385
-0.37107724
-0.14241034
-0.16534807
0.2531272
-0.06779282
-0.008579555
-0.20600033
0.04578781
0.19770882
0.31471047
-0.33461887
-0.34036058
-0.21706349
0.30431247
0.04639203
0.111120775
-0.31582904
0.026216233
0.32322204
-0.0038076998
-0.32227233
-0.13448639
0.15266939
0.20624544
-0.20252037
-0.15750656
0.20923896
-0.33003017
0.1575439
0.087549366
-0.19496405
-0.18520083
0.041106977
0.1551516
-0.18287718
0.3907891
-0.13571444
-0.12635826
-0.37089872
0.20234288
-0.23300816
-0.041017614
-0.28844893
-0.24277961
-0.22347789
0.23127015
-0.0051801787
0.12500347
0.19265673
-0.31973818
-0.34552246
0.54480684
-0.21292016
-0.031373568
0.13869272
-0.10157363
-0.3401246
-0.0078530805
-0.0861302
0.24488285
-0.18201023
0.07062024
-0.28317443
0.061037697
-0.19933844
0.15365106
0.025426827
-0.10043848
0.16088013
-0.2929331
-0.36890522
-0.095824845
-0.5173703
0.24913612
-0.0627498
-0.52678025
-0.111670405
-0.13484168
0.068876535
-0.870526
-0.19264653
0.33060175
0.21541601
-0.20716138
-0.6522389
0.33209252
0.164864
-0.347418
-0.18932717
0.2803396
-0.048820242
0.047387417
-0.103351995
-0.31239077
0.04939679
0.120943874
0.14173678
-0.12391617
-0.25584453
-0.66361415
-0.2229377
-0.35634285
0.30050176
0.032872796
1.6424925
0.31114048
-0.38515124
-0.16235802
0.43137848
-0.12837316
0.29337618
-0.015677314
0.033507865
-0.40774098
0.07556375
0.29248616
-0.63084567
0.56751806
-0.28751817
0.071603626
-0.21967791
0.233234
-0.16082627
-0.20600991
-1.2324426
0.4464498
-0.049080223
0.33867574
-0.17760889
-0.14466372
-0.08384491
0.06864107
0.07183461
0.065774806
0.31253675
-0.54967064
0.16290261
-1.0111806
-0.08995569
0.09520581
0.4187052
-0.01993082
0.19131033
0.45856455
0.16529316
-0.29111376
0.21910572
0.050160278
-0.1615646
0.6755472
0.103361696
0.061916787
0.07750088
0.8004489
-0.30315936
0.31421113
0.0057984567
-0.13019514
-0.08088125
0.77276576
0.090293095
0.51847756
0.116111755
0.11376463
0.0030191839
-0.25643033
0.048809882
-0.10347669
-0.28955188
0.05715725
-0.3302409
0.3394562
0.05603271
-0.33095804
0.102522135
-0.13806923
0.30589646
0.1753822
0.22005403
-0.7385404
-0.28895757
0.13044152
-0.15836273
-0.34445688
0.054494023
0.85965466
-0.18930687
-0.28292263
-0.20528136
0.26165533
-0.06144774
0.18666376
0.3074776
-0.1949416
0.119629115
0.019014733
0.18532729
0.36064795
-0.25890085
0.07164818
-0.049062442
-0.16448317
-1.1564045
-0.4891938
0.086481586
-1.3015679
-0.3059041
0.20296831
-0.05247925
-0.12265233
-0.19709136
0.03717443
0.035805672
-0.27143908
0.92115706
0.09605992
-0.02278577
0.3543727
0.06287896
-0.30314237
-0.30913892
-0.069786444
-0.14247137
-0.63746166
0.034415517
-0.2707375
0.09905906
0.13573459
-0.0088431
-0.16158168
0.040972855
0.028937362
0.008565275
0.05280997
0.78814787
-0.15703228
-0.25167525
0.10751375
-0.11877152
-2.0186586
-0.0946476
-0.14411141
0.07908514
-0.102051616
0.18052094
0.012872617
0.13946393
0.34981203
-0.33485267
-0.046101928
-0.08537546
0.16206384
0.026965525
0.2847532
-0.15920772
0.14515127
-0.12691742
0.21201332
-0.022772
-0.04008354
-0.041870367
0.30500185
0.10226824
-0.057570647
0.16717106
-0.19916199
0.7244542
0.08065951
0.51410764
-0.48994508
-0.006781645
-0.11366499
0.13626668
-0.4011522
-0.03795226
0.06008929
0.103745975
0.022328246
0.108151644
-0.18645194
0.14609015
0.13042006
-0.9421413
-0.16173616
0.08375424
-0.16885887
0.05987057
0.20713115
0.17753819
-0.2877198
0.2636009
0.03446549
0.06526386
-0.25128782
-0.08821115
-0.15779115
0.063598394
-0.0416027
-0.21703881
0.102848805
0.31985414
-0.5204897
-0.16624813
0.09367776
0.33989465
-0.18966556
-0.5677923
0.117503434
0.28521556
0.21771157
0.3176326
0.05243043
-0.096014164
0.021432932
-0.76205534
-0.12865323
0.25699782
0.070915096
0.19638002
0.20054747
0.008658781
0.024483742
-0.39230877
0.2634701
-0.03714281
-0.25479472
0.088422835
-0.28075212
0.0045776097
-0.060154505
0.19687538
-0.090697795
-0.27861392
-0.13079545
0.1949266
-0.08568263
-0.010198778
-0.38416606
-0.100513145
0.3233577
-0.23788895
0.028220534
-0.22149846
0.14536814
0.17983806
0.021925906
0.093709216
0.16271277
-0.3374074
-0.01049
0.40391353
0.03918217
0.21588002
-0.120096564
-0.09802826
0.17123279
0.18013416
0.023641055
0.29702136
0.39820474
-0.018991362
0.22141133
0.28449935
-0.162723
-0.09321497
-0.10939295
0.08375853
-0.17549238
0.27461043
0.09419317
-0.11542387
-0.024602903
0.15633003
-0.0011703037
0.014938791
0.24734265
0.048077777
0.059460223
0.025098879
-0.043749098
0.15739565
-0.3427247
-0.1250787
0.16439025
-0.11175601
-0.20328565
-0.08357576
-0.1162137
-0.7446724
0.04661281
0.10387731
0.14076565
0.2700269
0.10094159
-0.2286177
-0.41146418
0.092699796
0.30258936
0.3739097
-0.1390185
0.26417387
-0.041729353
-0.30794996
-0.035570092
-0.09093046
0.0030842489
-1.0464407
-0.18525033
0.2558353
0.19625813
-0.05973601
-0.036156252
0.33493707
-0.010810107
-0.08602289
-0.26062775
-0.34606585
-0.3069079
-0.0017054975
-0.15918785
0.09686062
-0.14053291
0.3486353
0.5640941
0.09841472
-0.024919739
0.032372277
0.04799658
0.036362246
-0.17915697
-0.052183207
0.95746076
-0.22479017
-0.026327854
0.27855662
-0.5655032
-0.16278414
0.24507639
-0.074403405
0.22834262
0.3369312
0.08142442
-0.31042182
-0.21718359
0.16982378
0.100127906
0.20419133
-0.0045740064
-0.10443919
-0.11745545
0.29134732
-0.24776453
0.068925865
-0.20149767
0.18001655
-0.17396425
-0.20449427
0.25163543
0.37696615
-0.031250812
0.11387029
-0.09494941
0.103701204
-0.1429147
0.25659978
0.08627749
0.2453046
0.0028100777
0.0029753223
-0.15120748
0.08592416
0.38833755
-0.30034783
0.5246954
0.18096706
0.339921
0.29646647
0.27552167
-0.041599046
0.13749756
0.6265847
-0.06864667
-0.16076356
0.2545135
0.3618905
0.7351976
-0.24417354
-0.18542805
0.006506659
-0.050512224
-0.210782
-0.2900113
1.4102039
-0.111868046
-0.287033
-0.33584088
0.15398729
0.11992567
0.014005027
-0.10388752
0.12606691
0.39980033
-0.56839794
-0.39897633
0.05390814
-0.13541073
0.092990965
0.07498841
-0.21963863
0.38494864
0.063650675
0.1870311
0.3489721
-0.18404736
-0.14085265
0.026788197
-0.035116315
0.14939772
-0.4495844
0.11571175
0.08497991
0.56801236
-0.050020605
0.090047784
-0.32722932
0.041363012
-0.011960199
0.064007975
0.09898386
-0.06329307
-0.1586002
-0.045223877
0.5630633
-0.44649416
0.10921057
0.009939598
-0.18230401
0.24537204
0.22219718
0.30305874
-0.33115
0.20338033
0.3058977
-0.0031660993
0.22129238
-0.112947
-0.06573467
-0.22472522
0.084549576
0.33265525
0.17212251
-0.18647411
0.18628103
-0.25352874
-0.041138746
-0.17794769
0.2483334
0.025545744
0.074976
0.047017377
-0.110059395
-0.056296173
0.07739754
0.16174164
-0.19702595
-0.40837413
-0.15971588
0.03339508
-0.0851241
0.096820265
-0.3906213
-0.27030772
-0.19948567
0.10749971
0.34303662
-0.23504597
-0.1364608
0.14540045
-0.21868362
-0.42885548
-0.2426412
-0.29845196
-0.19157398
0.13517047
-0.27259907
-0.10888082
0.5392983
0.5644599
-0.3630553
-0.33241183
0.14265925
-0.13418134
0.5965262
0.26648936
-0.042336028
0.009297065
-0.014340538
0.024913084
0.42589238
-0.19949868
-1.080341
-0.48948705
0.11361942
-0.23992854
-0.1369977
-0.37474284
0.066300035
-0.40639088
0.05612081
-0.17972654
-0.29938918
0.4641226
-1.8714749
-0.45961568
-0.37898713
0.32885173
0.27197376
0.02428709
-0.016297169
0.2630416
-0.0071397284
0.7493343
0.34880504
-0.25278392
-0.20633225
-0.5970918
-0.33880532
0.1328795
0.46547216
0.23802029
-0.00024449982
0.10925964
-0.67991424
0.14538771
0.053013064
-0.0870788
0.36964375
0.01827782
-1.1426206
-0.05865788
-0.2442605
-0.3534258
-0.27083686
-0.06618938
-0.11352849
0.21148987
0.77650625
-0.30877134
-0.008475183
0.13669962
0.12038105
-0.016724765
-0.10549572
0.00046964578
-0.19313729
-0.2389851
0.3439895
0.04038076
0.28915024
0.16292582
-0.081546284
-0.35899276
-0.0020367566
-0.1937601
0.030474966
-0.14170669
-0.04542473
-0.12832993
-0.08269838
-0.2079787
0.14284483
-0.6369756
0.008608586
0.24208319
0.022445321
-0.4298576
-0.12686458
0.18481743
-0.17685732
-0.17654653
0.37622643
0.00976181
0.2932104
0.34120184
-0.3778252
0.12994467
0.14622504
0.65323824
0.14291473
-1.0483367
-0.3477013
-0.14479455
-0.0059862435
-0.37702632
0.014618188
0.028522491
0.11883239
0.16918519
-0.060397167
0.20093828
0.23812722
0.4233741
0.07932019
-0.46943554
0.6815582
-0.5295771
-0.064762324
0.16098137
0.54563403
-0.326624
0.018054524
0.062698245
0.18944812
0.21936099
-0.46812192
0.030351374
0.32184955
0.065309286
0.06359148
-0.23370597
-0.14809828
0.11833773
0.124103114
-0.15471832
-0.7259525
-0.34558812
0.005865842
0.059549626
0.035276115
0.04353331
0.20257157
-0.013567656
0.11164262
0.32853425
0.09596268
0.18315762
-0.74177396
-0.2279503
-0.41472486
-0.24593806
-0.27408722
0.122030705
-0.13891436
0.21224171
-0.18228327
0.022370994
-0.07052025
-0.16458511
-0.79238635
0.1356995
-0.032051645
0.16735625
-0.13827932
-0.53266364
-0.26581693
0.15482801
0.14855224
0.07824766
-0.08620401
0.5365791
-0.13529333
0.32393822
0.30222952
0.03296227
-0.3062906
-0.582887
-0.3181655
-0.1523374
-0.008695215
0.06860083
-0.33315876
0.11822161
-0.16399851
0.05008799
-0.13754071
-0.18531859
-0.27564198
-0.134988
-0.2099892
0.25105557
0.22354841
-2.0721893
-0.12277886
0.1597212
0.07684106
-0.010567355
-0.26354042
0.2916247
-0.3423999
-0.06440401
0.09434813
-0.3374956
-0.54622096
1.7010807
-0.031173587
0.078834035
-0.3325657
-0.16612177
0.25209218
-0.016871719
0.10436458
0.216122
-0.20806311
-0.49338627
-0.160701
-0.27204013
-0.011800289
0.34641635
0.023185704
0.016857278
-0.14785346
-0.23578215
-0.077771544
0.06752538
0.54651815
0.26374
0.032241307
0.3055654
0.01721012
-0.003283106
0.22587396
0.0020586173
0.027200967
-0.005234642
-0.7669175
0.163986
-0.2938425
0.24898529
0.18782859
-0.10764325
0.13346191
-0.23996316
0.039824292
0.02528469
0.3813443
0.013014445
0.13755561
-0.39695355
-0.31890103
-0.06997724
0.07643253
-0.18653803
0.32177103
-0.119567424
0.25993213
-0.06135573
-0.32451662
-0.06668069
-0.18365048
0.19035242
-0.36892158
0.14878866
-1.1697953
0.29808262
-0.042485606
0.20447436
0.56602865
0.3395105
0.27931756
-0.0627831
0.17715079
0.8673976
-0.9780912
0.16290078
-0.10783701
-0.24242452
-0.9939582
-0.1107842
0.67004675
0.72004634
0.12122516
0.12263146
-1.8055748
-0.75652325
-0.5130157
0.11040038
0.17645653
0.32362244
0.25243622
-0.6753128
-0.34181678
0.30510795
-3.3740325
0.4212288
-0.34058222
0.68948627
0.14125924
0.33899027
0.19861925
-0.2641099
-0.16905107
-0.25817412
-0.0602776
0.27933675
-0.7920175
0.050464395
0.11597714
0.061914437
-0.29828113
-0.13291791
-0.049190763
-0.76927775
-0.2526975
0.46723077
-0.12353012
-0.5920695
-0.06821253
0.23549306
0.32499513
0.17313659
0.19188517
0.1754966
0.089639224
-0.024779914
0.15258017
0.34214726
-0.06669027
0.44823855
-0.009399474
-0.07967341
0.111508235
-0.06160712
0.009897421
0.03318214
0.12895031
0.13695979
0.2576638
-0.009067425
-0.15380085
0.051619686
-0.06899759
0.26468158
-0.17593709
0.2611333
0.37771052
-0.033546418
0.07628807
0.39918163
0.032120835
0.27528173
0.65617037
0.08876346
-0.22865552
0.564138
-0.24461909
0.4450361
0.23839515
-0.0035418638
-0.15863994
0.33771908
0.27343783
0.24561597
0.1342062
0.28719354
0.06324411
-0.07012532
0.31439233
0.00761097
-0.30504218
-0.06451107
0.33729103
0.04391268
-0.09588489
-0.108230874
-0.22921401
0.20497027
0.22457391
0.26970166
0.13786942
0.11476718
-0.09071441
-0.124433786
0.12318659
-0.0037981868
0.014030994
0.2282024
0.225386
0.06351677
0.10700768
0.567689
-0.32283333
0.1418762
-0.118082576
0.16656245
0.12940016
0.109793246
-0.2096982
-0.063464984
0.29261816
-0.26327163
-0.279378
0.14878868
0.2512963
-0.5699984
-0.023578402
-0.08994457
0.58156556
-0.22523221
0.06850951
-0.030251607
0.19055563
0.65289146
-0.24095449
0.24091466
-0.15252249
-0.26442295
0.037243716
0.12095774
-0.0072596185
-0.01706776
0.34888205
0.033037573
-0.10173206
0.15696223
-0.006538433
0.13368617
0.2263462
-0.089095615
0.28926432
0.1630671
0.017774547
0.14237039
-0.019722022
0.12897009
0.011054754
0.114287466
-0.08906417
0.20064254
0.025780024
-0.1903062
-0.07596449
0.0761037
-0.490722
0.1827583
0.15945965
0.116402045
-0.08070868
0.20634054
-0.09383645
-0.008163097
-0.08679141
-0.064666584
-0.012785911
-0.40879324
-0.08665762
-0.30728963
-0.104157016
-0.026662549
0.17209156
0.052330136
0.17877313
0.047085248
-0.22408748
0.29356417
-0.08810496
0.104192615
-0.09018023
0.0062904097
-0.14221784
-1.0353825
0.08055111
0.16760232
0.21694368
-0.6073854
-0.14987625
-0.40271968
-0.5566964
0.21946058
-0.15914452
-0.27739814
-0.06325337
0.41304532
0.11287368
-0.08761171
-0.07204728
-0.20250425
0.1417735
0.5450705
0.10196991
-0.008425227
0.9040711
-0.030516844
-0.20888053
-0.23320138
0.10371097
-0.39889634
-0.035395116
-0.5370506
0.18001729
-0.4957327
0.24892664
-0.05661826
0.16484831
0.3541638
0.12297631
0.32128817
0.23019841
-0.047770984
0.37009597
0.06524533
0.18925352
0.39314216
-0.39116663
0.36718312
0.22863883
-0.15177414
0.19131495
0.25846133
0.12945282
-0.10064008
0.4249661
-0.047569167
0.31119213
0.1438845
-0.36944607
0.2069911
0.13162035
-0.11942896
-0.4108102
-0.21843643
0.2161033
0.624214
0.2050274
-0.031183293
0.04777026
-0.42720354
0.09811805
0.36851853
-0.1296733
0.01734057
0.120845184
0.28653094
0.37321383
-0.527889
-0.25095275
0.2137968
0.21563643
0.23097518
-0.051615745
0.1682332
-0.2874403
0.18463705
0.022457337
0.34263995
0.18582755
0.39278424
0.14808914
-0.041755788
0.504227
-0.24556279
-0.054997444
0.09863836
0.31308943
-0.022044139
-0.17075323
0.27055463
0.08695654
0.14026083
-0.3517071
0.04162787
0.19407694
-0.050668176
0.30925018
-0.2963396
0.11525872
0.42416546
-0.090313345
0.13743772
0.2822604
0.16212404
0.31239063
-0.1149011
-0.7471807
-0.07369229
-0.34218255
-0.26791546
0.09885821
-0.17024332
0.022724023
-0.31721523
-0.30736306
-0.4229984
0.23410726
-0.059888765
-0.24560213
0.13084187
-0.28533328
-0.33813483
0.16808599
-0.28480825
0.012560885
0.4406368
-0.2678926
0.26369664
0.38248217
0.057739392
0.31347823
-1.1943312
0.29821247
-0.3185967
-0.5452938
-0.17622097
-0.3251757
-0.5831657
0.2677556
0.054047886
-0.047801465
0.23723732
-0.41826198
-0.15928443
0.049048994
-0.28727403
-0.22636597
-0.17198788
-0.45907992
-0.04971554
-0.3898604
0.4524199
-0.30978838
0.22684093
-0.2644614
-0.60858303
0.48271632
0.15315737
-0.09087008
-0.41947025
-0.5985654
-0.13806047
0.62063915
0.19019678
-0.5949369
0.12204073
-0.4388358
-0.08245755
0.17726268
-0.4329178
-0.5146951
0.7632196
-0.17244773
-0.36611235
-0.4780349
0.42001888
-0.7082986
-0.048175525
-0.346056
-0.16854967
-0.34787643
-0.083096184
0.15484793
-0.090063155
-0.13936566
-0.34329748
0.17765927
0.13149238
0.40852314
0.12162272
-0.15620346
-0.18127656
-0.18531303
-0.23649916
0.13886027
-0.13988386
0.25032103
-0.21389389
0.15198264
0.16851605
0.049407676
0.055203117
0.007912161
-0.31905645
0.124928236
-0.21783665
0.12029181
-0.003543049
0.23714828
0.09903341
-0.32717475
-0.032237634
0.30552185
-0.003039267
0.42410156
-0.2934575
-0.1339315
-0.2738894
-0.18849616
0.30146796
0.16613609
0.34335858
0.12551151
-0.71758026
0.101074144
-0.08657128
0.14477953
-0.93164086
-1.1889137
-0.2310532
0.08214488
-0.1378201
0.09824985
0.015512089
0.042682495
0.14239527
-0.19856255
1.1806492
-1.0838326
0.65081984
0.114663854
-0.70511985
0.17492275
-0.28892824
-1.9271376
0.3284601
0.11742274
-0.36718678
-0.15167731
0.08383932
0.19685917
0.14546776
-0.27472398
0.09629532
-0.07075903
0.28271165
0.1290966
0.2527737
-0.13587184
-0.27214187
-0.21214482
-0.0793491
-0.12064937
0.11249184
-1.6675912
-0.3306512
-0.14221406
0.3050083
0.5156644
-0.6712292
-0.3818394
-0.25138214
-0.9983631
0.220112
-5.6285596
-0.32851005
0.11266469
-0.026857587
0.06816962
0.29950058
-0.3695962
-0.2857974
-0.31599808
-0.4254981
0.4188186
-0.26771727
-0.8897567
0.39331132
-0.2523865
0.31842935
-0.120026626
-0.1541097
-0.20377734
0.12451145
0.14076115
0.15086047
2.7127087
-0.15839553
-0.096164376
0.83424944
0.076766886
0.073705144
0.16322194
-0.3036307
-0.007838182
-0.19990134
2.1170824
0.030792888
-0.0061274767
-3.1981857
0.2097671
-0.06921375
0.34314066
-0.13618888
-0.32045364
0.072801486
-2.90471
-3.4596274
0.3186769
-0.35108322
-0.13860337
-0.1329043
-0.9457511
-0.11510803
-0.29716104
-0.3977082
0.21987984
-0.17131764
0.23403513
0.3976397
-0.022753028
0.08666022
-0.27228895
-0.6457861
-0.2695828
-0.008863735
0.4137158
-0.28819472
-0.22910358
0.21598923
-0.18812045
0.16308458
0.15970384
-0.08388132
-0.090334795
0.033565287
0.30702853
0.4458146
0.20096368
0.18482494
-0.15866858
-0.063242316
-0.26452607
0.27062318
0.14878477
-0.04417921
-0.3451865
-0.7851394
0.023372665
0.23252052
-0.108961985
-0.032418583
0.020538447
0.2976939
-0.52119
-0.34597933
0.24399947
0.74838364
-0.62076306
0.24393532
0.2164113
0.002466321
-0.35639057
-0.5704176
0.3122736
0.07350359
-0.26868278
-0.28712174
0.45404842
-0.028449493
-0.18367773
0.23418559
0.08036834
-0.37536404
0.056738507
0.08523879
0.015723128
0.18381779
0.056353938
0.27077395
0.10570068
-2.5365696
0.90058327
-0.23844635
0.15283321
-0.32621858
0.07910169
-0.14440177
0.16073197
-0.32649872
-0.26427385
0.058612585
0.13705212
0.009212093
0.2164694
-0.2554188
0.2008373
-1.0143236
-0.027357608
-0.15486707
-0.44345847
0.073504634
0.30461448
0.008803893
-0.03891082
-0.80861336
0.5695057
-0.30387905
-0.24080706
0.771052
0.15611696
-0.07107491
-0.22120257
0.21134782
0.24886568
-0.02188617
-0.15183693
0.28121686
-0.08178952
0.2635828
-0.10382351
0.2892578
0.17336684
-0.07415732
0.14940803
0.11149956
0.29520875
0.446743
0.046839446
0.19924748
0.23642388
-0.30984968
0.11597584
-0.21784027
-0.21496785
0.44360578
-0.15351377
0.28770816
0.0756086
0.25115946
-0.114996284
0.486347
-0.27057827
-0.12655957
0.09149733
-0.03949815
0.19330627
-0.07866909
0.052385572
0.018877639
-0.01500687
-0.3761857
-0.01258752
-0.1444076
-0.33762634
0.18920809
0.118481256
0.075874
0.28664938
0.0857009
0.21122202
-0.5738733
-0.43006426
0.24026623
0.04186641
0.39291257
0.28577983
-0.07504295
0.1776541
0.52866054
-0.03475848
-0.027190374
-0.012195535
0.099255264
0.26591718
0.21003065
-0.2788039
0.10884222
0.14579248
-0.05374252
-0.06286499
0.44291738
-0.17591187
0.15278676
0.09452901
0.089355476
-0.24470238
-0.070528656
0.26425582
-0.6188433
0.23673916
-0.063840754
-0.2097169
0.21466863
0.028761184
-0.15095054
0.030135162
-0.047559127
-0.083764225
0.107821554
-0.20299219
-0.17428584
0.1052448
-0.32029104
-0.28315297
-0.22240603
0.028026467
0.05271283
0.23875475
-0.24840067
-0.23392625
-0.15994114
-0.13641314
-0.07504654
0.23896034
0.22759636
-0.18176882
-0.20627965
0.08834373
0.03485369
-0.58346313
0.0752781
0.025263932
-0.25900203
-0.33562177
0.11271514
-0.446485
-0.021545053
0.07189745
-0.0075169085
-0.11364943
-0.0023158842
0.06892922
-0.3005927
-0.038761944
0.06397792
-0.22071138
-0.0021009443
0.17471896
-0.07240923
0.2639026
-0.42158878
-0.08792481
0.10773002
-0.19877921
-0.17970307
-0.2330812
-0.06309094
-0.29300186
-0.03156777
0.020617347
-0.06921271
-0.089515865
-0.20739123
-0.17458385
-0.034769833
0.2674776
-0.2920329
0.0069935634
0.21799785
-0.017618394
-0.28900364
0.12099314
0.08197846
0.054289747
-0.27419305
0.08482195
-0.11784944
-0.15913063
-0.12607905
-0.30987644
-0.48234543
-0.0034020774
-0.33769494
-0.12350986
0.0546209
0.9294357
-0.13301066
-0.18853289
0.1173549
-0.035115235
0.1863842
-0.15212351
-0.24959242
-0.008712249
0.057522535
0.19619095
0.029759433
-0.06087476
0.23036207
0.24396215
0.22876656
0.20513773
0.2719441
-0.30272207
0.13442421
-0.08419707
-0.30067745
0.2855614
0.10483804
0.08610805
-0.081263065
-0.033046182
-0.052478597
0.48427144
0.06212039
0.104966424
-0.007248223
0.06430667
-0.101198144
-0.22212507
0.31497654
-0.10391295
0.012407206
-0.20273426
0.17417379
0.123289935
-0.22686172
-0.23188898
-0.07254506
0.17376396
0.11181503
-0.06358221
0.03966548
0.12412766
0.036552902
0.35299617
0.12819594
0.26852077
0.018371345
-0.075406015
-0.09938651
0.036323782
0.162097
0.26916406
-0.13309403
0.33700845
-0.095474035
0.054084986
0.4952873
-0.28859448
0.08026571
-0.25516158
0.23447363
0.06950959
0.2475421
0.43885365
-0.06074214
0.28786665
-0.21439528
0.0970495
0.31857526
0.00024168406
0.32886147
-0.08778923
-0.13212903
0.28650644
-0.19012721
-0.4375806
0.019058438
0.3230942
0.19402792
0.1693312
0.12287677
-0.5039005
0.17968948
-0.0689473
-0.019190053
-0.3217305
0.23630159
-0.22595687
0.27071255
-0.109325975
0.020924836
0.010913676
-0.25464165
-0.10270007
-0.0883829
0.12733032
-0.11719404
-0.12548555
0.16647567
0.053893857
0.3164859
-0.16005063
-0.046300225
0.0068579977
0.23588607
-0.029002571
-0.003540895
0.19478965
0.1319439
-0.3716485
0.2618679
-0.16153127
0.11598893
0.66848034
0.27916706
-0.25264227
0.024732172
0.045262784
-0.12032571
-0.040327534
0.08414348
0.22828978
-0.040716205
-0.26606897
-0.2044676
0.26906335
0.24601045
-0.039035883
-0.10974442
0.12475275
0.27242246
-0.04917844
-0.4286958
-0.087827764
-0.036910336
-0.10592594
0.158608
0.23885284
-0.0033364291
-0.095054954
0.24945086
0.167487
0.37976152
0.029435147
-0.13977462
-0.33382237
0.23875591
0.15534884
0.20902063
-3.450686e-05
0.11142787
0.11644367
-0.45189688
-0.037041206
-0.2692099
-0.0079660965
0.2579329
0.18541463
-0.24757646
0.25809354
0.0304832
0.056354865
0.004317429
0.00300216
-0.28012252
-0.26697847
0.104072735
0.400673
-0.21154673
0.19375482
-0.32933167
-0.2571751
-0.19733325
0.009295882
0.33379754
0.22653094
0.12311337
0.23306233
-0.1706147
-0.025786089
0.09003057
-0.16416076
-0.20981307
-0.09271294
-0.009613028
-0.14339812
-0.26033688
-0.07761239
0.17668004
-0.19889338
0.120269865
0.16874284
0.01463356
0.1674678
-0.71314764
0.44890556
-0.13770367
0.15744048
0.21593417
0.18502373
-0.17124537
-0.5330263
-0.13592912
0.106846616
0.105330944
-0.29320318
0.21977101
0.010955602
-0.18174645
0.34685785
0.12797436
-0.15518518
-0.2291894
-0.06768151
-3.368399
0.08282286
0.69950855
0.29039866
-0.23178065
0.11992884
0.38958743
0.10943535
-0.24550408
-1.8732315
-0.5338571
-0.70683634
-0.17350592
0.064423084
0.72271335
0.156136
-0.21355236
-0.33143026
0.17724617
-0.25914508
0.7628799
0.016364925
-0.004263073
1.3007967
-0.08727672
-0.39322707
-0.34587455
-0.5135299
-0.18331105
0.135923
0.48459914
-0.08212693
0.25607783
0.3797589
0.46292943
-0.1470349
-0.20137195
-0.26935363
-0.31967714
-0.66806406
0.86089915
1.1966509
-0.07176857
-0.5782308
-0.20204952
0.7813574
0.058635954
-0.49121073
-0.15195754
-0.23988041
-0.011508035
1.6433818
0.15295465
0.14387953
-0.95703065
-0.014060885
0.83454436
0.23397635
-4.2797704
-0.0077515016
-0.1317261
0.79603267
-2.1949823
-0.052862663
0.79153734
-0.24963684
0.29234356
-1.0613906
-2.0870411
-0.4350091
0.31391808
-0.062660605
0.9580854
0.8037896
0.18303515
0.004328719
-0.41565114
-0.5960094
0.34098092
2.7892396
0.09968567
0.064841054
0.17858498
0.07843244
0.1944284
-0.046448912
0.8973669
-0.15028363
-0.074031554
0.50908643
0.6993838
-0.23757802
0.8891278
0.56203777
0.51730675
0.9058717
-0.2835076
-0.92598397
0.36309332
1.6814668
0.39017567
-0.25841737
-0.7919287
0.17985982
-0.073200464
-0.058598608
0.4205531
-0.03546634
-0.6160949
-0.29977813
-0.35554045
-0.07389954
0.66068345
-0.14017364
0.2854006
-0.6763078
-0.19430219
-0.2957161
0.12674375
-0.23136978
0.065753154
-0.17167054
0.63537526
-0.039001465
0.012624765
0.13381597
-0.34125778
-0.46663976
-0.38730323
0.29294083
0.23454298
0.055312768
-0.0571725
-0.003242761
0.42399523
-0.2705147
0.5143668
0.21532741
-0.29380032
0.11851489
0.18523474
0.3609145
-0.19664767
0.10804248
0.052859556
-0.5543709
0.3358791
0.008882641
0.04466005
-0.082277924
0.11835887
0.14864147
-0.16994113
0.34561813
0.10201692
-0.15261732
-0.22006509
0.023366958
0.13704047
-0.2206919
0.28956813
-0.5196225
0.15517187
-0.117088
-0.16688879
0.059268173
0.29492489
0.28988275
-0.27295792
-0.0056336517
-0.10638486
-0.22002918
0.035580426
0.046388924
-0.36562887
0.25442034
-0.15223572
-0.6303326
-0.04651442
0.11964142
0.22838189
-0.03876772
-0.536592
-0.48198172
0.055885952
0.35077265
-0.22147138
0.3628466
-0.10589232
-0.3699182
0.81825703
-0.1546672
-0.76705134
-1.0003166
0.09958963
-0.109248064
-0.017219694
0.7052916
-0.49480763
0.08624851
-0.14871098
0.32333243
-0.18511418
0.052651122
-0.19904023
0.16678095
0.16931704
-0.08778189
-0.13417631
0.36081582
0.12788036
0.08824864
-0.34801397
0.096889526
-0.24677287
-0.4784759
-0.1866035
0.40210727
0.18925273
0.34670877
-0.08650021
0.036788624
0.2181213
-0.3311265
0.17422484
0.14616153
-0.3240722
-0.24217243
0.00047801502
0.18562783
0.15599068
-0.034108013
-0.2678747
-0.54640204
-0.17665732
0.23704569
0.02918142
-0.21203753
-0.294345
-0.004769961
-0.24982952
-0.050748266
0.034262963
0.017282316
0.16231258
-0.0023309148
-0.04672979
0.05250032
0.28990194
-0.0050547663
0.12274547
0.31881717
-0.17437364
0.24890691
0.28832322
0.09571995
0.3667957
-0.10180489
0.3225127
-0.05478671
-0.09692514
0.15988886
0.061347723
0.0705806
0.06203018
0.08744127
-0.20437361
0.10416882
-0.19299178
-0.28194776
-0.19631945
0.044908535
-0.08929148
0.034517422
-0.2564015
-0.015933827
-0.18191583
0.15159383
0.44964227
-0.29280475
0.2172051
-0.2432824
0.001807423
0.027039206
0.1675566
0.075520895
-0.11882545
0.08736168
0.28333697
0.114520244
-0.20695059
0.20273638
0.042883128
-0.14340465
-0.21254277
-0.30235887
0.2841548
0.025352472
0.6242557
0.056483526
0.017022405
0.018699955
0.0340645
0.031056412
0.041803963
0.054319102
-0.12703656
0.37755445
-0.043973647
0.103511505
-0.21496958
-0.1777384
0.07126171
0.35812777
-0.07427238
0.2696502
0.09583917
0.14826009
-0.03812861
0.06377419
0.081467986
-0.47174546
0.11689309
-0.1507071
0.3591523
-0.13154404
0.29294413
-0.13501617
0.004724152
-0.10671828
-0.1361129
0.09408566
0.08817569
0.38803267
0.18849982
-0.22986344
-0.26066226
-0.27715012
0.6700082
-0.1061722
-0.75979424
0.4977852
0.23070037
-0.17510226
-0.3949143
0.07675773
-0.07735433
-0.30201268
-0.07497085
0.07193513
-0.018775815
-0.22169304
0.22073343
-0.32894203
0.05680849
0.06459105
-0.1376034
0.1542442
-0.099113636
-0.11464069
-0.24893893
-0.10723102
-0.23823401
0.081237346
0.3376034
-0.1548078
0.11032679
-0.07556426
0.20698135
-0.09428008
-0.120782055
0.12553242
-0.099577375
-0.06837174
0.02941388
0.15970106
0.16435893
0.1287106
0.040422346
0.0893683
0.2923731
0.19388616
-0.3112306
0.20845804
-0.11439951
-0.13000815
0.011644805
0.3295821
-0.03546509
0.08583817
0.25607845
0.18288243
-0.3354604
0.059285086
0.21915726
-0.30945426
-0.13257031
-0.16830488
0.056082323
-0.18579406
-0.24328625
0.04708967
-0.09541229
-0.0027666977
-0.037698675
-0.15362929
-0.11632157
-0.1957593
0.4092348
0.036552675
-0.33583358
0.08456378
-0.1751911
-0.3354943
-0.39679545
0.14440872
0.20799066
-0.06479176
0.26764342
0.13401482
-0.28369945
0.28150377
0.23341154
-0.18394966
0.10548276
-0.22678839
0.17015716
0.0010111863
0.106638245
-0.10099207
0.2917881
0.12161362
-0.036853552
-0.003412705
-0.40574807
-0.07497378
0.22741407
-0.07970614
0.31294024
0.42178172
0.19842835
-0.06714592
-0.038912963
0.06898709
0.08129421
0.17562643
0.100985765
0.037079938
-0.16773762
0.18602079
0.22843319
-0.14245932
-0.04463845
0.06709082
-0.26192367
-0.28295076
-0.2260496
0.04932023
0.005004444
-0.03746096
-0.053347465
0.060722567
-0.12783757
-0.25769082
0.13118826
0.16897422
-0.35717845
-0.6217384
-0.22666375
-0.19786437
-0.28451663
0.024974167
-0.23177579
-0.27750844
0.2563819
-0.087338544
-0.33571318
0.044982012
0.09976301
-0.18613493
-0.17053138
-0.22846332
0.24456123
0.048884396
0.14610124
-0.31615275
-0.21330921
0.19883642
-0.33389857
-0.3024164
0.09270141
-0.17342736
0.023964649
-0.33705097
-0.0009216192
0.084382445
-0.23897287
-0.1815001
0.20057294
0.02416971
-0.019205254
-0.15242231
-0.08336359
-0.096200526
0.3435409
-0.096273966
-0.07479452
0.057398964
-0.22731417
-0.33231887
-0.11418039
0.11802155
0.0011925616
0.14806971
-0.18217055
0.23028882
-0.34403795
-0.19572055
-0.4799094
0.38189766
0.2714328
0.23202106
-0.276299
0.13131581
-0.030464206
0.11044817
0.20692027
-0.15964058
0.33462226
0.09511038
0.09652355
0.059685837
0.0063813757
-0.09230262
0.10821632
-0.14836979
0.28286517
0.24440834
0.059764475
-0.094128974
0.06717457
0.14952908
-0.0516164
0.2089471
-0.44631958
0.03534384
0.029399836
-0.34121832
0.37146312
0.16762617
0.04490602
0.10267046
-0.08457416
0.0764494
0.17884964
-0.06660581
-0.25075004
0.19319874
0.15531553
-0.15995467
-0.03864252
0.103949964
0.14240973
0.102371685
-0.40683976
-0.061940923
-0.090594076
0.21316199
0.17877136
0.0868113
-0.2271891
-0.0386886
-0.3695093
0.10465404
0.036137868
0.107097946
0.014984012
0.34876153
0.026618434
0.066607736
0.06782397
-0.17302173
-0.21669093
-0.117233574
-0.092800476
0.072787106
0.3702001
-0.18555942
-0.19973783
-0.18465519
0.18449092
0.11384005
0.30493438
0.29769966
-0.24551484
0.26766184
-0.18291707
-0.09672094
0.33911005
0.26652452
-0.54509324
0.05697003
0.42415944
0.5707479
-0.04065566
-0.14941733
-0.02812653
0.26199096
-2.3888433
-0.5378151
0.41550097
-0.029490596
-0.1299565
-0.30719498
-0.5197406
0.29814067
-1.8295143
0.33596328
0.7864009
-0.85135055
0.12009255
0.20490003
-0.040445954
0.49432486
-0.61805904
-0.4243494
-0.36228395
-0.57759225
-0.18544017
-0.31026518
-0.6649204
0.14106196
0.22999269
-0.11796491
0.12197042
0.6931626
-0.03031224
-0.022318168
-1.881077
0.012404994
0.65951806
0.6201183
0.030800687
-0.3608488
-2.2283018
-0.1614781
0.45847172
-0.20439757
-0.018834002
-0.20342909
-0.22832304
0.13465518
-0.51975626
-0.19568616
0.35190696
-0.1329917
0.4985849
0.15069799
-0.11129304
0.06990722
0.41851297
0.69377613
-0.055696268
0.15993436
0.8734035
-0.30952817
0.19705582
-0.35800755
0.0010100743
-0.02515352
0.10017244
-0.26004034
-0.59668344
1.437043
-0.0034760125
0.02962457
-0.022109352
-0.18318412
0.46639758
-0.12923983
0.7136481
-0.1452623
-0.5369581
-0.24855296
-0.7582378
-0.7324535
-0.58221304
0.13310201
-6.8141932
-0.035748668
0.41082475
0.104956806
0.21125393
-0.15584102
0.002617489
0.6830201
-0.28435114
-0.30723363
-0.18279895
-0.29061922
-0.29307076
-2.0607166
-0.07247148
0.08638358
-0.010524249
-0.12890546
-0.009296762
0.61780435
-0.2603579
0.3467509
-0.36370003
0.053192496
0.5732994
0.96562195
-0.12762727
0.002638913
0.33986872
0.23937869
-0.25184995
-0.46556607
0.078146644
0.07685547
-0.09057931
0.13578936
0.009653778
0.05075365
-0.20451814
0.4400453
1.6670021
-0.13642573
0.18031272
0.49233365
0.13370796
-0.2805439
0.18007132
-0.125094
0.072566114
-0.066637024
0.24788077
-1.5203276
0.17256138
-0.11477013
-0.3237785
0.19457342
-0.02962192
0.061323475
-0.18534663
-0.20459086
-0.3325605
-0.2956512
0.27920118
0.04944414
0.022012398
-0.03496636
0.24843936
-0.02779861
-0.12716725
0.0041055153
-0.30430725
0.11952626
-0.02362893
0.038566068
-0.03213436
0.0030539385
0.052350428
0.0921475
0.054332513
0.015225257
0.023930874
0.3300783
0.52384377
0.03346239
0.31545663
0.08808273
-0.1647963
0.0041709207
0.13893415
-0.21247351
0.35557675
-0.07450515
-0.24657503
-0.05160544
0.26255438
0.53059536
0.18103553
0.13506934
-0.055854134
0.13422365
-0.20003511
0.04100616
0.2757131
-0.30025563
0.109547935
0.18484637
-0.046180602
-0.07582161
0.016964082
-0.025411313
0.28616163
0.033715878
-0.2353266
0.010579181
-0.1214296
0.27299064
0.37418336
-0.29565614
-0.0665006
-0.070746325
0.28205776
0.28461197
-0.043012835
0.1419599
0.031238917
-0.008284983
0.27139798
-0.2651092
-0.16745429
-0.1099166
0.5484143
0.36582646
0.6780621
-0.025208646
0.021314843
-0.1713026
0.067717254
-0.3447946
-0.107071474
0.7748671
0.00060395105
0.1525631
0.007886078
0.20283884
-0.14180112
0.0854558
-0.2297602
0.22636649
-0.1032628
-0.05604092
-0.13893025
0.048387334
0.018540604
-0.37416467
0.043860275
0.00013044174
0.015745439
0.16338617
-0.1820596
0.21737626
0.24304383
0.009511768
-0.052373104
-0.20450927
0.09006002
0.18350512
-0.072496794
0.13955899
-0.04716964
-0.35887924
-0.17073043
-0.42048925
0.00093399367
0.0941958
-0.22124301
0.08562902
-0.0797903
0.08062498
-1.0157242
-0.18630444
0.092050016
0.2583989
0.5852783
0.14950132
0.06078645
-0.14235088
0.15538675
-0.3959721
-0.28698957
0.0570829
-0.053106584
0.13004778
0.11748054
-0.008839565
-0.082758136
-0.005851386
0.017753445
-0.09705378
-0.25470397
0.051145084
-0.06326995
0.08359676
0.39921325
0.3020257
0.042351753
-0.271887
0.02004282
-0.6028169
-0.18555126
0.3896005
0.14616252
0.005734033
0.16330253
-0.4244702
-0.17544515
-0.2997507
0.1001748
-0.024367139
0.08613372
0.012449349
-0.062174458
-0.023638396
0.149242
-0.07695481
0.015661545
0.2604836
0.37154332
-0.03393351
-0.21117781
0.0775579
0.0656533
0.19841047
-0.09722622
-0.11694422
-0.17386265
0.4086224
-0.25071454
0.099326655
-0.27182147
0.2705023
-0.19215098
-0.02734313
0.40065464
-0.23425046
0.03764529
0.054636765
0.33145076
-0.1402948
-0.17972453
0.32880145
-0.13253884
0.051118292
0.006098261
0.009498735
0.101790495
0.032961488
0.18401092
0.06577706
-0.06787937
0.10691229
-0.13423456
-0.033198077
0.0052714623
-0.19780718
-0.13001572
0.0054008425
-0.31568116
0.08906325
0.19501007
0.9022262
-0.039052553
0.011716877
-0.2571741
-0.061004523
-0.23330837
0.37780756
0.2561759
-0.044118818
-0.30481493
0.22604966
0.31177285
-0.009311024
-0.06327835
0.15901539
0.15330975
-0.31125173
-0.24899696
-0.007881004
-0.19137679
0.041835517
-0.08747044
-0.01023392
-0.048566543
0.14891517
-0.13791063
0.1899596
0.03613722
-0.026655063
0.19042356
-0.07201311
-0.11715801
0.09263611
0.13824135
0.19471158
-0.4468723
0.10182875
-0.16224976
0.21916616
0.20468466
0.17856756
-0.13753293
0.21911423
-0.024505291
-0.3257864
0.18052861
-0.045330383
-0.016920885
-0.18171968
-0.058079123
-0.10082242
-0.027237613
0.25736904
0.26609218
0.21379308
-0.48811087
-0.03519979
-0.045898054
0.5678796
0.007425407
0.103669055
0.016287144
-0.11566065
0.1367826
0.16382535
0.09828129
0.02856537
-0.18524216
-0.27199215
0.25512233
-0.026495533
0.09235732
0.047896348
-0.4234455
0.027638614
0.00034482044
-0.028900934
0.17599587
-0.002058263
0.16336508
0.0023650194
-0.37618396
0.29710487
-0.026212236
0.16810113
-0.16526245
0.02882323
0.056793652
-0.21138635
-0.19573687
0.09929864
-0.31525052
-0.25677493
0.04805997
-0.3033911
-0.038023036
0.29110664
0.12465981
-0.015564888
-0.32464564
0.49015495
0.28697115
-0.37854674
0.007893859
0.04614098
-0.03198883
-0.33487943
0.14971082
0.16193676
0.15195808
-0.09625098
0.21555844
0.0086108465
0.22987467
-0.2351674
-0.3756784
-0.1415911
0.13281843
-0.10193038
-0.051996917
0.015237732
0.057477824
0.21628864
0.20671293
-0.42848513
-0.3202856
0.25134075
-0.24348009
-0.0011749115
0.15796366
0.2425658
-0.10033341
0.11467582
0.34647933
0.33231306
-0.24500862
-0.34050775
0.011717054
-0.16671382
-0.005511507
-0.13477331
-0.192444
0.054514326
-0.18397975
-0.22707582
-0.15227662
0.32341498
0.20854098
0.077190034
0.11750881
-0.1707868
0.22734708
-0.28669184
0.23289286
-0.018487884
-0.27629167
-0.13302952
0.26630086
-0.25243378
0.21386011
0.23823604
0.35546583
0.26463968
-0.16267759
0.11449703
-0.19735858
0.23868646
0.23627318
-0.17961027
-0.083709255
-0.034017388
0.35998043
-0.33435795
-0.25540227
0.24782059
-0.30891162
-0.2716944
0.070082314
-0.07327801
-0.30243248
0.10790927
0.22820932
-0.33687946
0.011966127
-0.16903591
-0.095516935
0.08082039
-0.14093572
0.028024489
0.022207122
-0.23148377
0.26835603
0.085594945
-0.34909266
-0.16839996
-0.05851532
0.30877775
0.11961486
-0.31553888
0.11714323
-0.0027277926
-0.110325545
0.14961614
-0.17572424
0.05532716
-0.017157797
0.103801385
-0.16382104
0.19571215
0.18152623
0.13377853
-0.1945091
-0.012786789
-0.014040568
0.25783128
0.19093688
0.15348582
-0.3172678
-0.01223588
-0.29096344
-0.25200802
0.056549452
-0.16320004
-0.40538135
-0.33350384
0.22396931
-0.21295057
0.19866377
-0.22587584
-0.1370537
-0.053463515
-0.20729771
0.08646329
0.2927701
0.009263724
0.037835866
-0.13342279
-0.054161917
-0.07737796
-0.24495831
0.11176317
0.24663842
-0.11491754
0.03551463
0.03852367
-0.048559755
0.033632968
0.12180289
-0.018603532
-0.0016507294
-0.0461824
0.056353956
-0.06205715
-0.037772045
-0.09840335
-0.062192526
0.0
-0.034922116
-0.073357835
-0.011605305
-0.12259807
-0.014279398
-0.018982466
0.06666639
-0.033480108
0.0
-0.0071932236
-0.03418379
-0.032713525
-0.2674997
0.055205654
0.008840037
0.0
-0.026479743
-0.047388203
0.011167421
0.038622413
-0.03227226
-0.109720476
-0.019183898
0.017899731
0.08581495
0.043940805
-0.06991283
-0.04016234
-0.030299796
-0.022494223
-0.10604065
0.011249621
-0.08866823
-0.1572806
0.085025065
-0.005122628
0.013107774
0.015797159
-0.14327651
0.0
-0.070497274
-0.10564212
0.012589707
-0.003230345
0.08783955
-0.07116433
0.009769068
-0.061952304
-0.009706112
0.038102668
-0.11031227
0.02038342
-0.027251622
-0.010947303
0.120558605
0.035741605
0.037470374
0.0
0.11434458
-0.11559503
-0.07628602
-0.040561855
-0.052166082
-0.00088098715
-0.08164011
-0.009776307
-0.010215246
0.062766984
0.035053354
0.046687365
-0.12205588
-0.03700089
-0.04111591
0.09731458
-0.07246649
0.02270502
0.0394591
-0.0047223456
-0.08451626
-0.01814946
-0.024032304
-0.27736813
0.0
0.013670028
0.07619372
-0.07056091
0.04805742
-0.10072735
0.008463965
0.0
-0.01736899
0.0
0.057286393
0.053157758
-0.037905566
-0.0515938
0.08816602
-0.035928566
-0.0057297423
-0.118633285
-0.01877505
-0.026849747
-0.05761192
0.116415836
0.039103232
0.1588304
-0.102286786
0.15181525
-0.20224498
-0.13872063
-0.13167894
-0.05778257
0.048496887
-0.04225719
0.12958999
-0.19095252
0.078078076
0.10836225
-0.015919961
0.1879938
-0.055005446
-0.13776246
-0.09239758
0.03758996
-0.04823648
-0.25629532
-0.098599985
0.04722021
-0.021985292
0.059824925
0.04009474
0.04187084
0.312953
0.050864585
0.0999295
-0.0035780817
0.06327928
0.045954734
-0.04929394
0.07031195
0.10228494
-0.046320513
-0.1995375
0.038151342
-0.11281575
0.047120024
0.20143844
0.038576752
-0.10394618
-0.09953425
0.34191796
0.1204613
-0.14564821
0.38836035
0.08188817
0.077075474
0.24435468
-0.07883489
0.12608168
0.06841436
0.09302592
-0.32287195
0.09557907
0.07568621
-0.22299473
0.10627157
-0.02331252
0.12678961
0.03433045
0.038693838
-0.06603655
0.113407694
0.024542267
0.1282643
0.089382164
0.11442263
0.06926009
-0.097793475
0.20635991
0.12111402
-0.09792151
-0.15625387
0.06301
-0.19700162
0.034353018
0.07895693
-0.055053912
-0.14727151
-0.19677964
0.024962936
0.14289154
-0.1967111
-0.08468082
-0.08736509
-0.10023951
-0.19595972
-0.0662804
-0.05208029
-0.11076993
0.11948201
-0.042046808
-0.2536838
0.17151904
0.064818755
-0.24477068
-0.06552584
-0.6721272
-0.16102411
0.05836989
0.19697005
0.09093023
0.07599446
-0.074545644
0.32556266
0.076685145
-0.12265947
0.0682547
0.06645415
-0.06478197
0.15932138
-0.035630073
-0.13727303
-0.119348146
0.21822366
0.10479351
-0.04389062
