81
2
80
1
relu
line
1
0
0.06283579
-0.019434612
0.054591656
0.08472673
-0.13434458
0.12404554
0.056007717
0.007471618
-0.08303664
-0.21346723
-0.21617344
-0.011103094
-0.0017077625
-0.14924641
0.22881877
0.080386415
-0.07008123
-0.093820944
-0.10972641
0.063297905
-0.04455301
0.2328224
0.07214317
-0.02675964
0.14338908
-0.12024742
0.075048834
-0.30169135
0.15111731
0.06198871
0.103026316
-0.115980156
-0.06118668
-0.013666148
-0.0712643
0.18437248
-0.19370416
-0.25878224
0.14061716
-0.17429805
0.23226345
0.28984913
0.14877206
-0.046017945
0.023216235
0.25987718
0.029096754
-0.0047277003
0.11596362
0.14839019
-0.04372736
0.09518719
-0.11505544
0.0010312062
-0.060121592
-0.859689
-0.05767882
-0.017582864
0.11735601
-0.18914628
-0.115395375
-0.105632156
0.26935726
0.096704245
0.078006856
0.03185083
0.01742524
-0.07771169
0.051735073
0.025647713
0.20439592
0.2196598
0.7458183
0.022790039
-0.07515699
0.093620606
0.010985745
0.10858858
-0.19352107
-0.023693025
0.12974548
-0.015392016
-0.24806577
-0.21387507
0.061267406
-0.10502435
0.2707876
-0.019785069
-0.04978834
0.028723542
-0.09633357
-0.04557599
-0.05830273
-0.025110096
0.037280202
-0.07795562
-0.09755284
0.20876634
0.17950355
-0.009909349
-0.14657348
-0.039763134
-0.17644659
0.022943884
0.29151964
0.014130511
-0.031245347
-0.01221495
0.23173754
0.17376548
0.047592703
-0.04642409
-0.020128543
0.02255661
0.035187624
-0.04915139
-0.2260692
-0.20884466
0.09367052
0.13111295
0.07957104
0.12638915
-0.17709309
-0.20606142
0.005729667
0.22421537
0.1452128
-0.23906791
-0.013655939
0.003930542
-0.1381315
0.026716206
0.09904426
0.19244975
-0.037853725
-0.78634775
-0.12582663
-0.1714795
-0.17187229
-0.13410553
0.15623316
0.14454609
-0.26053333
-0.07226542
0.44702145
0.05317413
0.14513412
-0.1392791
0.17661938
-0.20900996
-0.1083004
-0.14437707
0.47417253
-0.11817776
0.0730125
-0.034372825
0.11155024
-0.19192223
0.054979116
-0.08456193
-0.14248872
0.11504554
0.19291317
0.07481969
0.06625524
0.020809066
-0.24202058
-0.1679985
0.060774285
-0.17638494
-0.09399015
0.10355413
-0.18988355
-0.0069338083
0.17119932
-0.12236549
-0.13470785
-0.08978534
0.2228816
-0.19160116
0.16445473
-0.015391628
0.1635885
-0.22068216
-0.14308661
0.00060900295
0.22810271
0.033868957
-0.020243034
-0.22200388
0.27370828
-0.17248096
-0.10214203
0.19001713
-0.17071955
0.08058041
0.11925489
-0.14407414
-0.2631445
0.1566398
0.21312118
0.091029614
-0.021134764
-0.2705825
-0.104648575
-0.23363148
-0.18286553
-0.16037062
0.2578631
-0.037697952
-0.22804217
0.25498265
-0.010971218
-0.25733963
0.1386669
0.49191758
-0.06742662
0.08061442
0.0038722642
-0.038515896
0.087990224
0.18386182
-0.12951162
-0.104785934
0.24087396
0.027622826
0.20710602
0.008874841
-0.011287183
0.15889288
0.004475087
0.024568373
-0.3252894
0.15322001
-0.0326082
0.12818949
-0.035132933
0.050317585
-0.100559495
0.16752817
0.14633888
-0.1270789
-0.2525593
0.22788046
-0.09854086
-0.13695697
0.15202726
-0.12588798
-0.21097007
-0.116677694
-0.0011186016
0.12681529
0.040164232
-0.09347184
0.16438475
0.29285297
-0.14955212
0.06548059
-0.05063545
0.08813609
0.085146025
-0.024203122
-0.2034125
-0.039342716
-0.08771382
0.07093691
0.5950565
0.20168532
0.11864878
-0.15337318
-0.073680125
0.006454813
-0.07067852
0.2132435
-0.26045355
-0.20284623
0.22065848
-0.14266683
-0.009205224
0.036143802
0.04059872
0.045043
0.08480236
0.14099106
-0.0034622767
-0.4073385
0.130657
-0.07270924
0.042599533
-0.112935334
-0.18383528
-0.007144637
-0.24449252
0.1695862
-0.26761273
0.3331967
-0.12719014
0.15654236
-0.10277247
-0.08845037
0.02641197
-0.15685287
0.024810888
0.17310679
-0.010937427
-0.061255038
0.20868412
-0.03208988
-0.21393451
0.12996063
-0.24649924
-0.06791312
-0.43074477
-0.27029002
-0.008765024
0.13501619
-0.012689215
-0.16579598
0.18241777
-0.26042375
0.01990601
-0.13441981
0.22625667
0.033905663
0.10274744
-0.023803174
-0.26726562
0.09155832
0.19620046
0.0253341
0.01067272
0.06435159
0.20917416
-0.019940883
-0.15930223
0.14898723
0.049288947
-0.23765695
0.20520228
0.14830433
0.09112029
-0.12049956
0.06272864
0.25070155
0.17679593
0.022492768
-0.23212619
0.08075197
0.1180111
-0.098958805
-0.27388805
0.18969536
-0.25933254
0.011833403
0.24933146
0.11682966
-0.26971883
0.15119743
-0.06238354
-0.07759831
0.219585
-0.22884618
0.08924222
-0.20461303
0.2480098
-0.1733762
-0.042843614
-0.113830894
-0.050454184
-0.18119965
0.020129634
-0.115398966
-0.18317845
-0.22812063
-0.022297742
0.37451643
-0.2624099
0.057507396
0.012710806
-0.017746836
0.16609447
-0.0255865
-0.15003464
-0.20719075
-0.06802302
-0.06867953
-0.021859318
0.06901332
-0.24183185
0.1260627
-0.37441397
-0.075881764
-0.2902435
-0.009923317
0.17671855
0.00426076
-0.18120797
0.043395847
-0.19320627
-0.2768413
0.15961324
-0.015025375
-0.14264338
-0.06463835
-0.16145696
0.33054104
-0.046196796
0.05082384
0.18931572
0.015198068
0.08695703
0.17733446
0.0057718456
0.08608094
-0.14639433
-0.17662717
0.14485464
-0.05340521
-0.060190085
-0.017910346
-0.10749695
-0.26047945
0.08558324
0.027677786
-0.2116637
0.09227508
0.11823246
-0.2502531
-0.22975521
-0.24244797
0.0495645
-0.06383328
-0.101390086
-0.14183432
0.078670114
0.069471456
-0.10941462
0.13203609
0.06380178
-0.08291611
0.18119544
0.17912298
0.1977027
0.058978617
0.21509233
-0.1553104
-0.24540393
-0.01731861
-0.10739206
-0.1185238
0.20649372
0.16331165
0.05220449
-0.31343812
-0.08997589
0.09393011
-0.26465297
0.20064121
-0.046493195
-0.023067966
-0.19757158
0.1245566
-0.081337884
0.05563858
-0.038000602
0.2141327
-0.101577744
0.07278843
-0.26624587
-0.054903373
-0.23016225
-0.08525804
0.14937694
0.07011639
0.06881415
0.2689772
0.023151314
-0.22248095
0.09031417
0.10236014
-0.01635174
-0.05375592
-0.13741751
0.025757195
-0.24310203
-0.20162803
-0.0436726
0.10494901
0.08183975
-0.2372992
0.032809358
-0.081566334
0.052008063
0.23759621
0.076815784
0.04506593
0.20977986
-0.21746883
-0.0635907
0.17154868
0.1676745
-0.17771807
0.010030538
-0.16252236
-0.008331443
-0.13532536
-0.15986079
0.1935194
-0.1353036
0.054757774
-0.13061875
-0.13732275
0.036351636
0.18626343
-0.18560581
-0.52656263
0.14630985
-0.21317609
0.0654961
-0.13644291
-0.13018958
-0.07333483
0.2102811
0.09442103
-0.07814271
-0.17647552
-0.095247425
0.22812293
-0.18012089
-0.12997034
0.103229895
-0.02680549
-0.021037351
-0.057425946
-0.22172424
0.22253257
0.1736108
-0.091935515
-0.12162353
-0.18416116
-0.17752808
-0.26705
0.2687729
-0.03174509
-0.045233216
0.15148129
0.1941931
0.16450137
-0.0800326
-0.1758695
-0.13667059
0.056875233
-0.1918595
0.023429463
-0.1004992
-0.17729343
-0.16639563
0.030382276
0.10204565
-0.27911022
-0.2388841
0.061200675
-0.13367954
0.09462045
0.11522885
-0.110657565
-0.00041706517
0.06605774
0.13860549
-0.23970608
-0.16596033
-0.022355601
-0.13977276
-0.10524444
-0.27038583
0.118071795
0.22474341
-0.14407414
0.23134522
-0.21319075
0.07247324
-0.14855339
0.034221917
-0.058298282
-0.26480797
0.014838813
0.10631849
-0.15048853
0.067984335
0.122957855
-0.16359718
0.051501196
0.22296941
0.018903231
0.21536791
-0.112677224
-0.062418267
0.01675585
-0.031851772
-0.18397208
-0.16332343
-0.044720024
0.11238557
0.10155511
0.22170314
-0.13822122
-0.112498544
-6.854742e-05
-0.113703854
0.22882122
-0.26703465
0.17778625
0.17707512
0.021786425
-0.09516377
0.042362075
-0.21308939
0.062538
0.20470518
0.25358653
0.21998474
-0.010308385
-0.22809097
0.20419851
-0.11582334
0.20580809
-0.17770115
-0.022288943
-0.15276316
0.06209094
-0.084685504
-0.03666279
-0.12153494
-0.23317097
0.16929829
0.27857023
-0.15252078
0.26841092
0.21393353
0.24276905
0.18567573
0.1966651
-0.32934198
0.26788878
0.21455662
-0.12752739
-0.1865838
0.1600788
0.028882105
0.01976717
0.28291568
-0.110669
0.25744843
0.12480995
-0.1871663
0.08143541
-0.20312485
-0.08616789
-0.08094133
0.270962
0.033941876
-0.05216165
-0.20418268
-0.13358697
0.085879624
-0.01711309
-0.026083449
0.32465878
-0.07557382
0.008859217
0.069053926
-0.07997403
-0.26867032
0.010737854
0.06156212
-0.29692563
0.17864594
-0.110212624
0.22154237
-0.041743495
-0.14396541
-0.14772283
-0.1764581
-0.20648637
0.2675021
-0.040385325
-0.24359208
0.11653632
0.060259398
-0.21127851
0.16637966
0.17120026
0.16054702
0.17538878
-0.10393297
0.15659352
0.15011412
-0.18374819
0.1337966
-0.042309195
0.04674688
-0.12637131
0.2614267
-0.10950975
-0.30576012
0.16529243
-0.24003386
-0.06257389
-0.11601186
-0.14135149
-0.10161263
-0.10791504
0.12860121
0.18721263
0.11723869
-0.085907936
-0.023493642
0.048191667
0.25401548
-0.1784006
-0.07806496
-0.19662055
-0.18668184
0.046717163
-0.07868394
0.22266705
-0.053898454
-0.24547029
0.20792575
-0.27343267
-0.23687924
-0.07494341
-0.09529328
0.13976932
0.19631413
0.08104769
0.11597308
0.1436919
0.012892843
0.053795412
-0.05857365
0.23762447
-0.040788382
0.008870363
0.1461282
0.07769737
-0.13143925
0.046509117
0.16809592
0.16121364
-0.049291223
0.03534898
-0.16120334
-0.017899618
-0.15817411
-0.09428139
0.09203544
-0.26255894
0.10709256
0.03867379
-0.26256528
-0.13260747
-0.13895464
-0.22158113
-0.141555
-0.04906988
-0.14162278
-0.19202253
0.021423193
0.025819778
-0.16114655
-0.03397747
0.27068132
-0.21391957
-0.31434473
-0.098967835
0.25063848
0.19922403
-0.070783734
-0.006083101
0.074870914
-0.07259707
0.07644364
0.08647898
-0.082073435
0.25555497
-0.10089037
-0.043937296
0.12273815
-0.29087096
0.16164106
-0.2572428
-0.23227617
-0.3044111
0.14650458
0.2949158
0.12961923
0.20376888
0.2595048
0.010295699
-0.058432207
0.08254641
0.2189467
-0.014733011
0.14940843
-0.14302395
-0.1321737
-0.12251267
-0.022464411
0.121155985
-0.13266112
0.17648378
-0.13138206
-0.20281184
0.057528198
-0.13015567
0.26554662
-0.017478585
-0.10293897
-0.17680079
-0.09629439
0.12835078
0.010513037
-0.1419533
-0.109086424
-0.07507787
0.030856112
-0.034784183
-0.19737463
0.112727225
0.13978252
0.12316664
0.17053491
0.09312565
0.057228602
0.08337876
-0.12819755
0.058977127
0.12241447
-0.11350492
0.20494482
0.16404368
0.00087171793
0.16813615
0.012200187
0.10114947
-0.007898782
-0.14015135
0.2812701
0.1668261
0.09985538
0.02075706
-0.14511627
-0.02222443
0.112729125
0.14210418
0.22880888
-0.22704858
0.18836066
-0.03807582
-0.16140758
0.115683585
-0.024588838
-0.14003031
-0.10267792
-0.24369049
0.24153626
0.016079765
0.06630403
0.02937793
-0.083114654
-0.17651019
-0.19695696
0.17647682
-0.08779394
0.18316175
-0.09273145
0.18065953
0.07973941
-0.03938688
0.035725027
0.2488337
0.2464168
-0.29564017
0.038416177
-0.056253646
0.13618428
0.17950973
-0.29525587
0.31957033
0.12602672
-0.20754084
-0.094362825
0.13879481
0.059995115
-0.071027964
0.14501347
0.25721884
-0.366787
-0.33787593
0.01662153
-0.21995091
0.19257995
0.22351885
0.10279614
0.013636082
0.12302956
0.037155934
0.041562315
-0.0349492
-0.034504358
0.22549842
0.2228428
-0.2651109
-0.1662105
-0.1371515
-0.0986184
0.015058875
-0.016582072
-0.4209032
-0.21638149
-0.1906377
0.15111515
-0.10200602
-0.12015921
0.010251164
-0.05180444
-0.13720782
0.19556542
-0.34761795
0.052042615
-0.0015730954
0.17229167
0.25618693
-0.015169709
-0.30118057
0.018547565
-0.12555772
-0.00835249
-0.013283551
0.34758085
0.13379866
-0.18728843
0.18450499
-0.9796008
0.17458099
-0.26295152
0.3833671
0.08005351
-0.09119954
0.04473886
-0.3230181
0.28956726
0.35456628
0.128261
0.009184307
0.11426833
-0.06761636
-0.1507458
0.04378067
-0.13357289
0.07480079
0.02011004
0.14485106
-0.14235763
-0.22228521
-0.02904497
0.20367503
-0.19838999
0.20542131
0.00013475698
-0.1896589
0.034531683
-0.1482695
0.1022751
0.07887699
-0.22567706
-0.12616086
-0.21963206
-0.03270881
-0.0021720887
0.011334363
-0.016598761
-0.17406158
0.10462823
-0.09791033
0.4345554
-0.08473106
-0.11511221
0.18330416
-0.1965366
0.278162
-0.119554676
-0.21570827
-0.08559806
-0.18701796
-0.06926526
0.21328315
-0.2659931
-0.21228956
0.045086145
0.0024398097
-0.03273776
-0.21508026
-0.19776714
-0.28650966
-0.07853848
0.2809629
-0.1351742
-0.2291406
-0.059486073
0.11748647
-0.104811236
-0.10804984
0.2595041
-0.41951603
-0.1729196
0.04081875
-0.07226414
-0.21468794
-0.0018681067
0.03940171
0.028844357
-0.1525906
-0.17000143
-0.010678376
-0.26009405
0.22488537
-0.004916668
0.06330998
-0.2075709
0.14045313
0.438119
-0.034915484
0.1456786
-0.024267599
-0.16669288
0.2318821
-0.28811568
-0.032796256
0.23554252
-0.3679064
-0.23837708
-0.14362076
0.270707
0.15460043
0.09700712
0.26172495
0.1178149
0.06498647
-0.04643817
0.22002995
-0.0082362
-0.06738977
0.0762659
0.11346783
0.014458753
-0.15732461
-0.27146012
-0.10251452
0.046304215
-0.044425324
0.048377514
-0.07982776
-0.25983885
0.3316827
0.057038803
-0.07400327
0.07158242
0.17411149
0.17232217
0.21552399
-0.25602838
-0.15236284
0.310537
-0.01388514
-0.24103735
-0.13173941
-0.017813303
-0.049538616
0.015355468
-0.20420772
0.05363679
0.23102689
-0.11406067
0.2631023
-0.083733946
-0.055157565
-0.10080724
0.08490851
0.24764934
0.07923352
0.19255719
0.055052854
0.13201569
-0.23203513
-0.18565574
0.13663658
0.081504114
0.17730337
0.07379015
0.070055544
0.13694936
-0.21608773
0.27249673
-0.16982843
0.23191524
0.17101
0.23222
0.24468301
0.39763337
0.22741759
0.086388096
-0.106604256
0.08960491
0.05268889
0.11828418
-0.1590321
-0.23903935
-0.21981812
0.26980284
-0.15398996
-0.24646583
-0.027419748
-0.18563336
-0.04351899
-0.11419233
0.24833539
-0.17689838
0.18096736
-0.14187138
-0.17189343
0.10080406
-0.08570342
0.22005832
-0.2355803
-0.015528138
0.21747175
0.1750052
0.054942448
0.107541904
0.04189057
-0.08416483
0.21283695
0.07167895
0.16687246
-0.034418937
-0.23649026
0.10943463
0.0043006837
-0.05927683
0.26836562
-0.053272586
-0.13186556
0.06534206
-0.18315262
0.24537158
-0.15303789
0.13634364
-0.11582982
-0.13953859
-0.14874655
-0.0947292
0.09596217
0.14387017
0.22540471
0.26315695
0.27414495
0.37296334
0.264205
0.049030785
-0.11948324
-0.17178819
0.3220237
0.06985902
-0.27555346
0.23017365
0.025600523
0.24051785
-0.2114961
-0.07796598
0.13071564
-0.011500075
0.20791933
-0.04374323
0.04657215
-0.21196349
-0.23231809
0.15368894
0.21670729
-0.014603379
-0.18444781
-0.2893531
0.0625296
-0.12536821
-0.3131088
0.065692365
0.20218015
-0.1914782
-0.1458755
0.07048957
-0.34050798
0.06445448
-0.09801307
0.14939001
-0.15986238
0.14383578
0.018237853
-0.30256453
-0.089892164
-0.27768707
0.2012968
0.10108745
-0.09569566
-0.089557126
-0.1030533
-0.2621952
0.03907311
0.1351095
0.0519588
-0.029521227
0.03548715
-0.25366697
0.11492842
0.105403714
-0.229528
-0.008065594
-0.20840819
0.20142314
0.14424986
-0.11510075
0.023969699
0.06295069
0.0547236
0.04726
0.46147302
-0.24133344
0.066615045
-0.2149747
-0.11599218
-0.026617408
0.02822429
-0.04107195
0.10401213
0.05647036
0.17809407
-0.08018667
0.20111065
0.12805268
0.24304248
0.290846
-0.17386556
0.16394721
0.16918981
0.31163767
-0.30101535
-0.19003206
-0.096879825
0.14065352
0.2435081
0.01725152
-0.09228195
-0.21928161
-0.25126344
0.062754
0.10770314
0.017148467
-0.18124552
-0.24458382
-0.045951154
0.096732974
0.09152979
0.21348473
-0.02374876
-0.12779963
0.1823366
0.10001698
-0.014621913
0.12243683
0.2526455
-0.06914455
0.05089941
-0.6002679
-0.036005765
0.1211502
0.0097730635
0.21699402
0.027325375
-0.14550394
-0.1568529
0.09660712
0.20864615
-0.17318323
-0.222784
0.14965585
-0.031716138
0.14169148
-0.15977198
0.08720614
0.32534793
-0.021599472
-0.31146044
-0.012622327
0.019004863
-0.22649018
0.00109235
-0.3130464
0.011493641
0.1356403
0.16396254
-0.16296163
0.1306493
-0.045324117
0.12762137
-0.09854657
0.43025452
-0.18950978
0.016786814
-0.23557125
-0.09276638
-0.24370296
-0.01434928
-0.7013111
0.0451971
0.048524283
-0.2492643
-0.18988402
0.20423603
0.0538427
0.12375684
-0.03472978
0.19857433
-0.081005156
0.09354741
0.03962353
-0.32245225
-0.22343457
-0.10785209
-0.060889367
-0.0908812
-0.15353276
0.06473234
-1.0100076
-0.21796426
-0.1426623
0.035991438
0.15276274
-0.07510128
0.049094558
0.17341031
0.028969182
0.06098399
-0.04673056
-0.14071053
0.23558488
-0.056589816
0.14379092
-0.044684798
-0.034829468
0.23611318
-0.0036593205
0.0038887283
-0.25488946
-0.033688556
-0.022607053
-0.09544856
-0.09772886
0.16826142
0.20029859
0.088682294
-0.010147418
0.2076368
-0.13261865
-0.1854471
0.108135134
-0.15365335
0.11895508
0.25595605
-0.17379019
0.07196867
0.1766539
0.1872774
-0.002960831
-0.2198147
-0.118764326
0.016056236
-0.18691677
0.25773647
-0.1658466
-0.17550758
-0.21797247
0.015223699
-0.026571617
-0.14227013
-0.06534525
-0.103989996
-0.13081479
0.184955
-0.20123702
0.20221595
-0.2552769
0.06271279
-0.17856763
-0.2624285
0.25742653
0.04629174
0.026041875
-0.26624042
-0.22591946
0.15895598
-0.006192938
0.14977391
-0.13752149
-0.12654205
0.20041996
-0.013716051
0.07569027
-0.16986585
-0.1274525
-0.25907865
-0.2649704
0.06558603
-0.63033503
-0.13804685
-0.19932064
0.021132048
0.1700357
0.016388474
0.22693995
-0.013211984
-0.018809665
-0.071207784
-0.11115811
0.18280008
-0.19703972
0.20481779
0.20066786
-0.038792327
0.078907326
0.20245455
0.011815488
-0.22021112
-0.21416059
-0.030264124
-0.1555301
-0.11942211
-0.009358138
-0.04685223
-0.12207687
-0.22217117
-0.11785905
-0.07483673
0.16385481
0.0048461854
-0.17900011
0.27172375
0.23290807
0.14812383
0.10927343
-0.08045517
-0.27076796
-0.26843038
0.016513556
-0.20477358
0.25714034
-0.009815872
0.19994509
0.09328747
-0.13675359
0.05736068
-0.1048457
-0.11147849
-0.14670469
0.20835248
-0.07559171
0.2260786
0.061348557
0.016367227
0.087304026
0.21451995
0.25168347
0.2455535
-0.024283081
-0.16864865
-0.0743023
-0.14038908
-0.25377
-0.18054597
-0.24737969
0.040304124
0.06709322
-0.14345011
-0.24224436
0.1901527
0.21801326
0.24664474
0.24724644
-0.10138093
0.24170083
0.09722853
-0.011924326
-0.115771174
0.1555273
-0.12521018
0.13780233
0.15466058
-0.24813747
0.1855346
0.23384815
-0.14244004
-0.041651607
-0.09379667
0.029657334
0.20803523
0.11145726
0.14640498
0.24745834
0.22714421
-0.21858662
-0.01571393
0.23474264
-0.059035197
-0.23570773
-0.18508413
-0.10305956
0.050344586
0.2593087
-0.25171527
0.1744352
0.074629724
-0.05536428
0.0012950599
0.012011021
-0.2546578
0.012159795
-0.1343913
-0.049090266
-0.15346928
-0.23176941
-0.07184526
0.023745
-0.14066188
0.24090677
0.17150584
-0.22913821
0.24399579
-0.23062254
-0.24868008
-0.21595217
0.20764315
0.20993033
-0.22467856
-0.0054558814
0.10424897
-0.11230655
-0.1423492
-0.24142338
0.25304663
-0.26562825
-0.055409893
-0.21154808
0.098584205
-0.24650855
-0.09635584
-0.23271361
0.0682646
0.033263057
0.04054299
0.24461925
-0.040253565
-0.08352676
0.24640793
-0.08720353
0.16222855
-0.17310822
0.18694037
0.18534687
0.22825587
0.05791995
-0.13688765
0.13384533
-0.015738636
0.17043856
-0.060578465
-0.026746333
0.2689489
0.23514509
0.22434425
-0.051929817
0.25248194
0.057866663
-0.10956095
0.20625427
0.09015384
0.1579724
-0.15324432
-0.1538926
0.23032689
-0.049588814
-0.09382437
0.40256953
-0.27089748
-0.13134429
-0.17712954
0.06694859
-0.5288947
-0.21272989
0.10648651
-0.4256825
-0.082593985
-0.3074447
-0.10841857
-0.26563215
-0.051926702
0.023780376
-0.056480333
-0.34029385
0.19434747
-0.17896767
-0.04876267
0.18689546
0.19404429
0.2156542
-0.17093197
-0.10484585
0.29922467
-0.20663887
0.12051413
0.121119305
0.11981022
-0.35580257
0.030509563
0.10975473
-0.410855
0.41776443
0.2690273
0.03231117
-0.24945116
0.05283153
-0.25171185
-0.20212731
0.16455998
-0.11433992
-0.11807138
0.041741595
-0.19325714
0.48092076
0.44191512
0.059433576
0.17486587
0.18531989
0.3709655
-0.213291
0.29951495
-0.13324283
-0.22493279
0.16359818
-0.1035997
0.080299556
0.06918228
0.2781658
0.14844587
-0.21332838
0.16739672
0.22628072
-0.2787826
-0.23176435
0.04430327
-0.12300816
-0.051264074
0.21698347
0.19575655
-0.16925132
0.46535686
0.4163917
-0.29747343
-0.0635592
0.11529696
-0.1348149
0.28039503
0.0569826
0.23442481
0.21602926
-0.33724564
-0.14601675
0.04881441
0.15958455
0.19591105
0.008885197
0.048440445
0.08518802
0.011319548
-0.2703956
0.019488215
-0.21399486
-0.17840499
-0.08188983
0.15290162
-0.0051146992
-0.09615325
0.19613388
-0.10159528
0.09032801
-0.06783076
-0.33609667
0.17553253
0.17965463
-0.08124064
0.10377608
-0.026059091
-0.17437756
-0.0074604475
0.26783177
0.12839846
0.041259646
-0.18892792
0.10675228
0.025544018
-0.012307614
0.042096265
-0.2402762
-0.07820767
0.15111756
-0.021805853
-0.013676198
-0.23859388
0.33544216
-0.14243844
-0.013498929
-0.2652091
0.14514
0.007688864
0.06768131
0.0038538326
-0.007865098
0.05973286
-0.04543732
0.13901693
-0.31199163
0.23072785
0.32007688
0.12816036
0.12164283
0.06031072
-0.21026652
-0.08967586
0.019019902
-0.17708728
-0.15037704
0.011367387
-0.03151934
-0.07386587
0.18453778
0.332904
-0.07335606
0.028186835
-0.21577758
0.21841025
0.011827612
0.2992151
0.12373845
0.020189384
-0.13684551
-0.10010363
-0.14612478
0.22805732
-0.1102511
-0.16201077
-0.13084014
0.07556611
0.0071402327
0.06370294
-0.19341332
0.13726777
0.090552926
-0.32313982
0.010351263
-0.24510176
-0.10484611
-0.24404855
-0.10770402
0.2323714
0.05253887
0.26860029
0.003094465
0.14086053
-0.42172825
-0.3141665
-0.11606933
-0.1807583
-0.12256925
-0.15248111
0.114774615
-0.21675412
0.0881211
-0.24818894
-0.16078556
-0.20748717
0.03988826
0.12236915
0.26615262
0.03536702
0.09172833
-0.26470834
-0.27668697
0.02931779
-0.21440734
0.09585599
0.193897
-0.06259656
0.0992983
-0.12454879
0.02297926
0.19273505
-0.15088098
-0.3955482
-0.1731436
0.24214822
0.1263521
0.027923167
-0.03645773
-0.17217785
-0.12400862
0.10757759
-0.031189565
0.059990976
0.030356653
-0.18557745
0.13237098
0.1785493
-0.03030601
-0.28848407
0.4651066
-0.04664889
0.27253965
-0.03647843
-0.2793336
-0.14585069
-0.17723012
0.17751448
0.20814388
0.10872548
-1.3245018
0.069935806
-0.211735
0.2751345
0.017750498
0.2454281
-0.09443999
0.24841806
-0.07124887
0.23143554
0.1568155
-0.02904851
-0.15652466
0.18470608
-0.18859018
0.17479327
0.03403593
-0.032722782
-0.24985471
0.30498502
0.01681152
-0.06583887
0.24147013
0.27011696
-0.16783854
-0.1898677
0.21422392
-0.087722644
-0.09677512
-0.11246141
0.094304316
-0.11373489
0.20444258
-0.17682576
0.16523468
0.022531837
0.18208426
-0.06663551
-0.20743006
0.18524778
-0.2921798
0.02746284
-0.29538053
0.18108624
0.012830705
0.1599645
0.010110906
0.0956319
0.2419571
0.2388305
-0.08692513
0.04200249
0.22806124
0.18853688
0.021306545
0.04534039
0.11103168
-0.21847813
-0.20435561
0.04951206
-0.46114337
-0.2687458
0.17489158
0.24147575
0.02828157
0.015791705
-0.016426027
-0.31985527
0.22299656
-0.05267358
-0.15327026
-0.05752686
0.14255981
-0.19066635
0.17942551
0.23631626
-0.022207879
0.20021698
0.2967308
-0.5385019
0.09571889
-0.14437172
0.12815335
-0.3467866
0.09062026
-0.13082053
-0.22038697
0.33358186
-0.04176173
-0.21341267
-0.13637795
0.25733733
-0.212904
-0.18911836
0.17208014
-0.118412435
0.02820589
0.08511333
-0.19804539
0.09574889
-0.022360593
-0.040267102
-0.21909656
0.13604452
-0.05848102
0.24023385
0.1802986
0.018924505
0.10973201
-0.07244689
0.13332777
0.021958718
0.25775847
-0.22993493
-0.06136459
0.26299787
-0.14697811
-0.27391154
0.16045624
0.08560984
0.22605874
-0.24831371
-0.052579723
-0.11847058
-0.17072007
0.017470848
0.22647478
0.14645696
0.16233018
-0.057147767
-0.24183396
-0.0049783182
-0.04712904
-0.036895644
0.24097836
0.19634128
0.18624292
0.1735056
0.07580753
-0.06869955
0.18682878
0.027549595
-0.012573134
-0.19284776
-0.25111067
-0.101165295
0.13221166
-0.15456107
0.14471172
-0.012517274
0.15774485
-0.14370634
0.121991225
0.041468397
-0.20356666
0.053806543
-0.15139279
-0.029148208
-0.13201784
0.08617162
-0.15536202
0.035986956
0.039631844
-0.1675196
0.056880977
0.24097843
0.054152694
0.114897296
0.12216669
-0.061925694
-0.010558069
0.010384867
0.0053907335
-0.06609773
0.114908665
-0.02432169
-0.2050567
0.122998506
-0.23856722
0.17501944
-0.09738323
0.008691343
-0.11729495
-0.15058884
-0.040824853
0.10390168
0.069553904
0.18692556
-0.04100938
0.18387942
-0.09828931
-0.2518106
0.16332299
-0.020305704
-0.15232794
-0.08424561
-0.024237404
0.077076465
0.18255685
0.17796367
0.015412554
-0.1958727
-0.20878609
-0.17236097
0.21541059
0.13420501
-0.007666629
-0.03048993
-0.24435975
-0.05977492
0.19802871
0.23168337
0.08264246
-0.131057
0.13345942
-0.22762434
-0.19534093
0.13187593
0.05424348
-0.23098242
0.30576888
-0.0029287934
0.009142564
-0.018384056
0.059243817
0.1403503
0.101649135
-0.042792633
-0.063932754
0.043005735
-0.09476375
-0.18588366
0.1387734
-0.16043967
0.16451587
-0.17113689
-0.045893926
0.22814095
-0.028215688
0.04434692
-0.052374646
-0.15566297
-0.2080236
0.06983372
0.15762143
-0.15602127
-0.18187387
-0.15977924
0.07206741
0.07952726
-0.23800929
0.08369421
-0.23692381
0.16500913
-0.12518665
-0.20980892
0.12062822
-0.17428127
-0.08931737
0.05359171
0.18044877
-0.107132174
-0.049623795
0.04682556
0.20021039
0.29805484
0.25589004
-0.22272804
-0.14705506
-0.2266846
-0.1155734
-0.11370816
-0.1901119
0.12172658
0.25076908
-0.24035355
-0.19151592
0.23647317
-0.2030951
-0.11685497
-0.22657199
0.15045154
-0.014557899
-0.25823686
-0.12678333
-0.23325618
-0.22681938
0.024182567
0.23583202
0.111068316
-0.11642116
0.07606372
-0.2552515
0.26099014
0.03084299
0.056470573
0.10444556
-0.21273354
0.081709445
-0.19589633
-0.27059212
-0.19882542
-0.16533276
-0.0019323988
0.18983404
0.0886153
0.12121916
0.10897251
0.012473269
0.09584069
-0.25429353
0.22313021
0.023576321
-0.2725598
0.18012753
-0.1045526
-0.003189194
-0.16313459
-0.058344454
-0.19138703
0.12654105
0.15988055
-0.2583726
-0.1901518
-0.009878039
0.16009414
-0.21061009
-0.024972662
-0.047863528
0.048381746
-0.2665179
0.20061734
-0.24099588
0.25601214
-0.22490904
0.13281837
0.22118396
0.10554299
-0.1113822
-0.1423152
0.061085433
-0.019344151
0.1899248
0.13959691
0.112082094
0.15757042
0.19844577
0.16555193
-0.18443906
0.19533548
-0.17387262
-0.20032236
-0.25336632
-0.18965545
0.23483354
0.1344952
0.15633518
0.17101634
-0.24526587
-0.08504531
0.26157618
-0.11822283
0.08900258
0.019956112
-0.2263669
0.23038936
-0.06490366
-0.16434492
-0.15058106
-0.24222535
-0.12195416
-0.025954112
0.11912018
0.20650831
-0.2142158
0.2579192
0.095665544
-0.19772679
-0.039907902
0.16585314
-0.009207785
-0.2580734
-0.22616109
-0.058234796
0.09361175
0.24167359
0.13522759
0.036052316
0.022510946
0.06913087
-0.09192993
0.1305941
-0.005454272
-0.27029386
0.10189363
-0.0065784156
0.11723027
0.24899656
-0.13512358
0.10777655
0.24691021
-0.24513614
-0.023558453
-0.2539559
0.11985052
0.1825454
-0.08967191
-0.21189335
-0.031048045
-0.209645
-0.22978431
0.08693871
-0.23934491
-0.15782401
-0.20212251
0.19101411
-0.24903145
-0.17632225
-0.15232399
0.16424635
-0.031778052
0.064355224
0.1530253
-0.26215118
0.06466013
0.24159497
-0.035697952
-0.1856434
0.083696514
-0.022314206
0.1092951
-0.08132234
0.029666692
0.2005775
0.03688556
-0.21431729
-0.2606781
0.037972182
0.02211389
0.26327634
-0.18672058
-0.23546784
-0.083639994
-0.22781207
-0.1891416
0.0780727
0.113432646
0.19605353
-0.21377878
-0.074810505
-0.09659301
0.14091215
-0.18246767
0.23033625
-0.19351676
0.10471386
0.1523973
0.104387134
-0.10719535
-0.24953623
0.26885617
-0.12141383
0.17253059
0.17399046
-0.25785413
0.040667683
0.13677508
-0.23484555
-0.1712158
0.044804394
0.08490905
-0.097000316
0.18334913
-0.13212231
-0.20183116
-0.14960933
-0.19071192
0.24818164
0.013382256
-0.26689595
-0.05662839
-0.13032638
0.27124977
-0.047499567
0.14215231
-0.18248694
0.07894266
0.15033063
-0.23314252
-0.09520769
0.09681663
0.10039565
-0.10965815
0.037390143
-0.019192696
0.16047835
0.01165244
0.116876036
0.2648564
0.07343039
-0.044689864
0.079363674
-0.015655965
0.09925082
0.012385488
-0.2627961
0.06547931
-0.08232027
-0.18373612
-0.25688592
0.15203011
-0.13914457
-0.26478392
-0.26229742
-0.08255355
-0.15920828
0.1699019
0.16181093
-0.086254
0.1189394
0.069883645
0.05723369
0.11737791
-0.1451188
-0.0070732534
0.0564892
0.1552464
-0.24548896
0.047480166
-0.16916406
-0.006946206
0.17988616
-0.1447654
-0.20034721
0.10700002
0.1973547
0.26568455
0.124993384
-0.068400085
0.2168076
0.27078867
0.10492155
0.0655092
-0.25932986
-0.26938316
-0.108722255
0.024440378
-0.12131214
0.12882906
0.16016534
-0.25768977
0.029838443
0.081139624
-0.08407839
0.0035657883
0.25723165
0.06428221
0.2710753
-0.2697961
-0.18154715
-0.24639967
-0.20197992
0.26205772
-0.052515633
-0.16654286
-0.11412468
0.0782339
0.18959767
-0.05820871
0.23138666
-0.0018402636
-0.05488643
0.14894831
-0.12921362
0.22947583
0.10983944
0.30978277
-0.15929748
0.2196885
-0.15558459
0.2632774
0.2409851
-0.21352294
0.029445222
-0.48502725
0.07358289
0.20601067
-0.023186445
0.32303777
0.20011221
-0.16906825
-0.09136045
0.06528777
0.033925444
-0.1626578
-0.10019073
0.055063635
-0.060447514
0.21605125
0.01964712
-0.1693961
0.17872077
0.32511565
0.030674994
-0.007842046
-0.12828177
-0.1620303
0.23291248
-0.0102846185
-0.20260604
0.13209215
-0.3152837
-0.16346835
-0.009843065
-0.14608805
-0.25196537
-0.41640854
0.07446563
-0.29042622
0.24671519
-0.17361963
-0.095566064
0.023433562
-0.074996114
-0.009514004
-0.10487096
0.17256892
-0.121714585
-0.26178116
-0.18277232
0.12963948
-0.10347628
0.22428723
0.008071498
0.17941901
0.038181514
0.007210561
-0.28680837
-0.14290278
-0.17073601
0.5717091
0.06389939
0.034620672
0.22573245
-0.0047728685
0.1572046
0.102177694
-0.010952959
0.13210724
-0.24518695
-0.09691921
0.07944405
0.1227203
0.18847719
0.10425072
0.07618129
0.2479885
-0.20796557
-0.24546035
0.017873392
0.23502243
-0.2070079
0.050836
-0.25947556
-0.6334511
-0.19583589
0.35131332
-0.059551656
0.13782345
0.033573072
0.1734763
0.23748282
0.2722884
-0.20116453
0.14462209
-0.23212916
-0.19361617
-0.14738026
-0.017677158
0.13280351
-0.67113084
-0.052282825
0.17050636
-0.007470573
0.20787956
0.26544663
-0.27580705
-0.7215204
-0.14848441
-0.043547586
-0.17577589
-0.21065667
-0.12916908
-0.046497624
0.14741427
0.09867051
-0.039431356
0.09602335
0.18026847
-0.21774402
0.25903744
0.14390615
-0.23539995
0.18547313
0.22682375
-0.07429396
0.25722778
0.052536167
-0.017837455
-0.15805854
0.03700977
-0.05544136
-0.05568496
-0.026569255
0.03301312
-0.07114634
-0.20575765
-0.12605818
0.066230424
0.24361727
0.12151372
-0.0046218173
-0.018912412
-0.09511179
0.28703865
0.13247825
-0.0015052886
-0.1975131
-0.1454132
-0.13944586
0.16387188
0.018942578
0.2624842
0.06573589
-0.2183191
-0.25474203
-0.17737408
0.28765705
0.25076804
0.23686562
0.19225538
-0.01787384
0.21336858
-0.1565711
-0.15270881
0.2545033
-0.22980452
0.2264826
0.04099444
-0.039068367
-0.13797116
-0.1846589
-0.18997079
-0.30285278
0.15163097
-0.2278959
-0.16062282
0.08172803
-0.15341198
-0.21221747
-0.14093895
-0.25240558
0.058410782
-0.12908955
0.15369256
0.116003774
0.09595221
0.017368715
-0.184228
-0.24133764
0.12923464
-0.15427978
-0.2618619
-0.0020434938
0.19471526
-0.0975561
-0.18938532
0.11720654
-0.11887805
-0.24451515
-0.13388509
-0.19508871
-0.037176672
0.274903
-0.12691577
0.17379604
0.24501663
-0.047959875
-0.22250834
0.008316609
-0.16716243
-0.105340265
0.21199547
-0.075089924
0.0962286
-0.1722602
-0.025242507
-0.024316086
0.09872019
0.099360324
0.1790576
-0.16272894
0.20594205
-0.08161865
-0.25271714
-0.1375828
-0.18063259
-0.14690909
-0.18820263
0.09254715
-0.015187085
-0.09981037
-0.16032165
0.16701028
-0.26913974
-0.17776388
0.15372069
-0.2231594
0.11463152
-0.30196178
-0.007002026
0.1188946
-0.2271065
0.15932244
-0.16658436
-0.01979715
0.14185725
0.2123647
0.24979559
0.039839406
0.23689345
-0.09658347
0.024162348
-0.18977588
0.15086967
-0.0007199347
0.1766162
-0.21279511
-0.25926992
-0.065393955
0.27433458
-0.22350413
-0.09714213
0.18197823
-0.21722524
0.31538555
0.17237177
0.20324847
0.094468966
0.19647302
-0.016315741
0.24095692
0.19166064
0.17988129
-0.069821626
-0.21399498
-0.12791722
0.017600387
0.0034866978
-0.1457751
0.13563317
0.17659634
0.25112173
-0.020806877
-0.2466465
0.24824291
0.12306908
0.08077773
0.2533228
-0.009571656
-0.16460074
0.17185898
-0.1264454
0.0016978991
0.009130137
0.2635485
0.23899084
0.07308452
0.14884141
0.117653295
-0.17029169
-0.08470095
-0.26309374
-0.18532358
0.18990056
0.27508664
0.22004011
0.32298306
0.040388796
0.13670993
-0.13378245
0.17434888
0.16831064
0.10679656
0.15492229
-0.13873024
-0.011354451
-0.014099485
-0.26385272
-0.27137446
0.044932485
-0.22402322
0.026624052
-0.24686363
-0.28138196
-0.07151031
-0.1864085
-0.090396985
-0.13232987
0.15546505
-0.093010694
0.16043074
0.053278495
0.46187496
-0.16852185
-0.1440942
0.07861351
-0.17167564
0.101836234
-0.11979935
0.1515758
0.15069285
0.0038975116
-0.14545217
0.043807775
-0.07439382
0.059649263
-0.038425233
0.22093359
0.00046681156
-0.08976567
0.111089714
-0.150287
-0.20373152
0.11466247
-0.0019253194
-0.041308593
-0.18057516
0.10565352
0.26526147
0.25169313
-0.010022551
0.14711635
-0.119700134
0.08848795
-0.22224426
-0.07094699
0.25039494
-0.072592154
0.11784417
0.045721404
0.2556638
0.07682832
0.27192503
-0.08657823
-0.18627441
0.050522868
-0.13645379
0.03577061
-0.14871262
-0.11196813
0.27483067
-0.23868199
-0.19284154
0.14207947
0.19476226
-0.08436334
0.05799365
0.15960652
-0.12571916
-0.016441971
-0.16305386
-0.20197308
-0.1552099
-0.17699584
0.23329309
0.10689044
0.11517929
0.14504494
-9.155822e-06
-0.11766881
-0.039943762
0.119851924
0.21356575
0.1748291
-0.1597506
0.100815564
-0.03608352
-0.083018646
0.112745516
-0.11052081
-0.2535254
0.017874576
-0.06525176
0.014092088
-0.21050848
-0.026540523
0.30448246
-0.1412258
-0.11959529
-0.06425223
0.14244056
0.042281494
0.077677295
0.22317418
-0.07752416
-0.29059505
0.21116264
-0.03293529
0.06091184
0.10570121
0.01742583
0.10144401
0.077390276
0.14610273
-0.17047489
-0.14404735
0.0987457
-0.2235088
-0.26726297
-0.14029786
-0.19546649
-0.29737565
0.23360524
-0.25874287
0.23180585
-0.02254878
-0.16089208
0.15272245
0.014763538
-0.08687255
-0.070742205
-0.20095555
0.057745736
0.23944777
-0.018161029
-0.022800744
0.12299258
-0.15732573
0.21404281
0.18037954
-0.22102907
0.20150527
-0.27041465
-0.03583192
0.15984942
0.15351246
0.10982635
0.05746189
-0.18415025
-0.06489925
-0.17989123
-0.07965723
0.2276238
-0.16935356
0.27165353
0.24370639
0.039753474
-0.23642509
0.10044113
-0.24612571
-0.21236679
0.15099643
-0.11524621
0.1532775
-0.25374672
-0.0738342
-0.20891383
0.20252496
-0.2187015
-0.11057263
-0.119995534
0.20888898
-0.11266337
0.13352197
-0.042822152
0.24465579
0.19795811
-0.08878085
-0.08340787
-0.07110916
-0.073226035
-0.105959505
-0.14076261
0.25018013
-0.086103074
-0.18481463
-0.16550678
-0.12634191
0.17325877
-0.09661786
0.22049016
-0.1622466
0.25618318
-0.09644279
0.26961017
-0.25305715
-0.11981924
-0.114238806
0.20427611
0.03867963
0.11658198
-0.24969815
0.06320805
0.26534426
0.016493812
-0.24408813
-0.25465393
0.19493634
0.1648302
-0.15848705
-0.055308335
0.19680683
-0.19927886
0.14951308
0.07114568
-0.056895804
-0.068593875
0.009354502
0.120737016
-0.26258665
0.15938362
-0.12828346
0.029575646
-0.24489404
0.18645993
-0.23366372
0.025265813
-0.23410243
-0.231733
-0.17254661
0.13653162
-0.03393458
0.11711952
0.16274422
-0.25121006
-0.2484246
0.14749971
-0.11256707
-0.019756466
-0.055754393
-0.06524193
-0.26722714
0.007537335
-0.067670286
0.15375662
0.09597787
0.0851686
-0.16342026
-0.00799033
-0.12872906
0.09697637
0.20108253
-0.06416081
0.07209256
-0.18584347
-0.028697684
-0.0559697
-0.10485108
0.18328163
-0.049300894
-0.14126912
-0.11857718
-0.17910847
0.05411452
-0.029338673
0.09311196
0.25974524
0.1692468
-0.16276136
0.071739435
0.14630687
0.12952939
-0.009552956
-0.25521964
-0.09891611
-0.05545409
0.052452177
-0.081201
0.23234463
0.08224943
0.0950225
0.19173524
-0.0064440966
0.17506951
0.041722327
-0.20698921
-0.009632945
0.2360965
-0.16743521
-0.2172329
-0.07828675
0.049171686
-0.2595698
0.2484597
-0.10085948
0.17900887
-0.065637365
0.18270023
-0.2224125
0.10283038
0.049235072
-0.20917715
-0.0662915
-0.49905145
0.3618301
-0.6178021
0.5081585
-0.49897987
-0.16185668
0.13200188
-0.03935939
-0.03856106
0.10141264
-0.49147862
-0.0492377
-0.4540921
-0.17976299
0.08990362
0.15824422
-0.052280217
-0.21405494
-0.10742885
0.04400298
-0.1853322
0.06474541
-0.06956006
0.010736793
-0.06640874
-0.0063305474
0.4175596
-0.5358927
0.47794527
0.03390351
0.08896521
-0.14434351
-0.0060433447
0.19865103
0.060890466
0.0066396696
-0.17281875
0.2468676
-0.17172194
0.2590312
0.23598453
0.4374836
0.24132486
-0.000102039325
0.34102938
0.5216228
0.002372086
0.16009106
0.20960319
-0.6349646
-0.21546784
0.044906974
0.13268691
0.266702
-0.015920596
-0.2600252
0.080549
-0.20095631
0.4629759
-0.10238271
0.17289078
0.013926934
-0.22702652
0.49638653
-0.26561463
-0.26905105
-0.08955004
0.5520569
0.19799016
-0.33905697
-0.31052476
0.20557585
-0.38552174
0.44307154
0.07323868
-0.13578518
-0.016817251
0.04009279
-0.05982977
0.34080973
-0.011719641
0.009089792
0.0673386
-0.394333
0.32390362
-0.09716962
-0.10570943
-0.24337584
-0.24034096
0.39818704
0.23817839
-0.2612393
0.29715207
-0.08209007
0.028131604
-0.616268
0.26747996
0.07547179
0.38635096
-0.13128592
0.3255625
-0.18254057
0.61707675
-0.25209144
0.015397041
-0.041325916
-0.07738754
-0.10705513
-0.3949667
0.41252688
-0.109503254
-0.12695058
0.009698997
0.5897764
-0.13928759
-0.12457911
-0.08987774
-0.2412426
-0.020681938
-0.2946017
-0.34978032
-0.2988419
0.004575543
0.06446205
-0.10188726
0.2025164
0.09622672
0.047581516
-0.025214553
-0.32385537
-0.26308513
0.24480844
-0.09685947
0.12732938
-0.08618139
0.24092805
-0.40292057
-0.07383685
-1.1131908
0.2896432
0.26668692
0.53023463
0.08807421
0.07412028
-1.8197803
0.36253098
0.13939427
-0.28126788
0.07499135
0.22840212
0.28534225
-0.18855369
0.06866204
-0.23684317
-0.025500113
0.3318429
-0.30126128
0.16628344
-0.12016807
0.27026922
0.1863377
0.064203136
0.082616135
-0.19459988
0.028454581
0.265401
0.06580356
0.10848869
0.08282694
0.16031328
0.30200514
-0.22622912
0.336206
0.005477045
-0.019382881
-0.06545974
-0.069305226
-0.1990566
0.22428568
-0.044205107
-0.19449188
-0.14643192
0.2778133
0.061763227
0.39536408
-0.008597114
0.15456197
0.109468594
-0.093187325
-0.10962818
-0.19827002
0.1710504
0.2446842
0.16931067
-0.12793162
-0.06379919
-0.42432126
-0.07009669
0.31970665
0.0045582475
0.02449012
0.1051886
-0.17124535
-0.78643733
0.11302672
-0.06989233
-0.21590814
-0.1872034
-0.05296567
0.1176316
0.18453088
0.08593616
-0.042558786
0.04466203
-0.3436264
0.13501665
-0.1734159
-0.06731865
0.1365045
0.057598915
0.022643246
-0.016285425
-0.24503298
-0.19838837
-0.06437652
-0.15645191
-0.28737673
-0.15568914
-0.24975963
0.3192077
0.09967377
-0.008241713
-0.037461918
-0.2630735
0.18223931
0.1578655
-0.14695002
0.29984996
-0.10255228
-0.023887228
0.08038037
0.13244249
0.075384334
-0.2631481
0.29632747
-0.12784727
0.19384757
-0.17750779
0.065806925
-0.07805295
0.30789843
0.1165289
-0.06367489
-0.09499881
0.19187124
0.2739081
-0.13667656
0.149121
0.21154815
0.042303827
-0.06466444
0.09078144
-0.12571807
-0.08351359
-0.020001521
-0.05250418
-0.14612454
-0.09280727
-0.18929525
-0.3050127
-0.09012438
-0.07648751
-0.015643064
0.12609845
-0.19552536
0.17767367
-0.08169844
-0.2703066
0.2244719
0.24759294
0.13290486
-0.26522186
0.1817525
-0.14324224
0.1686405
-0.2577798
-0.0730075
0.09356245
-0.24675176
-0.0032067965
0.2531997
0.15419492
0.21121646
0.10393575
0.056776498
0.016046941
-0.1829614
-0.20848459
-0.35245067
-0.08735566
-0.003182846
-0.109125085
0.076100886
0.17848608
-0.1441092
-0.43614382
0.13080466
-0.0617236
0.07946299
0.110409655
0.322964
-0.14075902
0.20796809
0.18617651
-0.0016934874
0.2559223
0.22968201
-0.2528826
-0.2557426
0.26392266
-0.03416573
0.11404849
0.2552846
-0.07961689
-0.13125977
-0.025468081
0.2507062
0.17971946
0.16042787
0.0766722
0.09786752
-0.04716257
0.17219478
-0.2156213
0.11985977
-0.14998436
-0.15883484
-0.13939483
-0.04441596
0.20418286
0.05614296
-0.06531782
0.10156906
-0.15291104
0.1199109
0.09363571
0.17815942
0.2638007
0.15268734
0.04999655
0.18767497
-0.11879982
0.02768579
0.2293126
-0.20020972
0.072340816
0.1247032
0.25956678
-0.15195753
0.035649993
0.02852634
0.22539845
0.029191429
-0.12873043
-0.14671785
0.20030697
0.1431511
0.21622147
-0.21387582
-0.21487637
-0.105498746
-0.17219095
-0.09888047
-0.19187376
0.18795364
0.08391631
-0.013050588
-0.22270833
0.19203098
-0.14831094
0.05413105
-0.02349673
0.054515213
-0.10838067
0.23622976
-0.18119882
0.04941425
0.098348685
0.2629725
-0.0061853635
-0.22186343
0.0973033
0.06330592
0.15711558
0.1862765
0.12581278
0.05369905
0.030642575
-0.01721772
0.34499565
0.078665346
0.12592287
-0.014650619
0.17590699
0.036060255
0.051784664
-0.25709563
0.101224475
0.052536935
0.1580468
0.09524928
-0.052756
-0.11047782
-0.07589706
0.26106706
-0.18318954
-0.25523728
0.19450329
-0.099515006
0.16018173
0.20892239
0.07929104
-0.16471173
0.14364782
0.23719476
-0.0658458
0.18502785
-0.021361595
0.016618088
-0.17669225
-0.08634822
0.26135868
-0.18931785
0.023084778
-0.048447978
-0.09085304
-0.1880395
-0.11618608
0.1723873
0.17094123
0.039573632
-0.08201339
-0.0014838725
-0.15782864
0.028793586
0.2318445
-0.16341946
-0.29603514
-0.14869547
0.030755876
-0.26629546
0.20572868
-0.15956426
-0.12586614
-0.27756813
0.014383435
0.1376271
-0.18466955
-0.07347408
0.0320071
-0.1964352
-0.1233303
-0.23158266
-0.19821694
-0.16957895
-0.029268684
-0.14815915
-0.10833522
0.17584899
0.24268185
-0.22872804
-0.26167566
0.22249593
-0.29208913
0.16295469
-0.042686917
0.23349626
0.1381834
-0.22089498
-0.068137996
0.2492262
0.0596304
-0.14771557
-0.01069335
0.119510815
-0.18850568
0.0185965
-0.2664749
0.052090228
-0.060888536
-0.19608884
-0.08934578
-0.14284594
0.29613125
-0.2527593
-0.18277907
-0.20613578
0.18977
0.07061359
0.22233969
0.03181311
-0.03091048
0.001815154
0.07457852
0.00016235092
-0.25624162
-0.16490506
-0.21739595
-0.023524357
-0.082718864
-0.19783509
0.19106862
-0.15101655
0.032387424
-0.18516053
-0.0010623541
0.09328789
-0.07678354
0.24032822
0.15781108
0.027311796
0.14690205
-0.06553908
-0.04008506
-0.11042927
0.26720554
-0.090814665
-0.009008754
0.23375785
-0.25002745
0.22669059
0.10740137
0.19570646
-0.14965853
0.068270884
-0.18664679
-0.1495183
-0.16582161
0.24292517
-0.015988577
0.22533505
0.02670721
-0.10953882
-0.21618098
-0.021263815
-0.14011848
0.061153274
0.12542436
0.029304745
-0.06559733
-0.09371725
-0.16340351
0.2754151
-0.1442098
-0.20972952
0.19019851
0.01763472
-0.044323195
0.002269894
0.11807934
-0.07034267
-0.20815124
-0.055583823
-0.17186262
0.22760561
0.2680735
-0.2363358
-0.17971611
0.11488524
0.14517318
-0.07103695
-0.04606448
-0.21196517
0.0008392343
-0.0047032535
-0.23764117
0.044005394
0.02240941
0.11493461
0.09768104
0.08090442
0.1857978
0.6833278
0.25823522
0.0591263
-0.06969949
0.24672519
0.044766806
-0.23486869
-0.30096853
0.07247299
-0.25662008
-0.026587173
-0.23099074
0.082158625
-0.18686816
-0.27145064
-0.16278517
0.050790533
0.04678685
0.049893577
-0.20229037
-0.114738986
-0.08233572
0.10146384
-0.10126625
-0.22295165
-0.27241954
0.003062849
-0.051806353
0.027715534
-0.033128336
0.15340944
-0.010659754
0.05300726
0.10694429
-0.036316443
-0.016287923
-0.24214154
-0.055434335
0.08502966
-0.23294947
0.030999184
0.11475633
-0.10030805
0.23437642
-0.05888917
0.017286258
-0.030898044
-0.03953686
-0.04610799
-0.067441165
0.044488173
0.18652175
-0.040520046
-0.028866723
-0.2088455
0.049541384
0.12365413
-0.06483698
-0.11800558
0.25136858
-0.019272193
0.10186236
0.18428484
0.20574126
-0.24064463
0.05992508
-0.23100683
-0.08259157
-0.15247653
0.053897917
-0.3233299
-0.00036171442
-0.108738795
0.039352834
-0.10806219
0.08392376
-0.32622147
-0.13496464
0.041231155
0.10221811
-0.2936342
-0.18224198
0.0674816
0.47675413
0.12848309
-0.07168379
-0.1637919
0.2120099
0.20084459
-0.05060056
0.0741269
-0.059182186
-0.20413882
0.2806804
-0.024492279
0.15312341
-0.24448097
-0.090332866
0.264221
0.31724328
0.08152377
0.03902425
-0.09520735
0.24841222
-0.060355112
-0.027762514
0.053986758
-0.032093763
0.2619056
-0.0063241124
-0.15183017
-0.12862925
0.0027240654
-0.006249815
-0.097158775
0.20721373
-0.011403018
0.04861147
-0.24014156
0.3283365
0.23242295
-0.04471407
0.02295209
-0.47020143
0.04766803
0.1701652
0.0030474337
-0.1650554
-0.1576047
-0.084572524
0.043721322
-0.12187629
-0.12355794
0.2399522
0.009196525
-0.20593974
-0.24747068
-0.2240185
-0.31292412
-0.0067640636
-0.31954837
0.36055264
0.09866696
-0.09394105
-0.21244757
-0.1278803
-0.25496435
-0.35894647
-0.2676644
0.18611768
-0.28566262
-0.032032438
-0.12152828
-0.6641921
-0.23940526
-0.14831343
0.10786167
0.21857058
-0.21974638
-0.24977231
-0.93872976
-0.029021755
0.2978733
0.023745535
0.011442481
-0.31504413
-0.07523866
-0.029264024
0.2092965
0.22682777
0.23048908
-0.052233722
0.008164704
0.21883035
-0.1235486
0.086738735
0.04005864
0.33959806
0.1093655
0.05482386
-0.07286891
-0.26543224
0.14792894
0.2838704
-0.26858023
0.3150103
0.30667633
0.10860086
0.21962243
-0.20750436
0.43128002
-0.20284078
-0.13986826
0.24408048
-0.5376224
-0.25828597
0.24617358
0.05946442
-0.2343518
-0.0894125
-0.032286003
-0.16120072
-0.103867754
-0.3836484
-0.16382766
-0.015859086
0.05830102
0.04690383
-0.019156674
0.13602898
0.025803247
0.104203045
-0.05720179
0.5017605
0.12924875
0.29078156
-0.051090434
0.35210645
0.047069535
-0.19924161
0.07049289
-0.111471444
0.063616455
0.016444713
0.18510497
0.04916808
0.20243981
0.120424375
-0.17129432
-0.13356006
-0.17446867
0.16866735
-0.13822924
0.3880803
-0.004880011
-0.028169794
0.0031237586
0.02920519
0.068280034
0.1412624
0.37362018
0.2621436
0.054363593
0.52444375
-0.16801333
0.31391162
-0.097649924
0.057529207
0.11175227
0.26533717
-0.046776704
0.17312157
0.16738383
0.2626431
0.10788235
0.101290464
-0.16270052
-0.24410826
-0.21151078
0.14693731
0.26670247
0.53570366
-0.12973702
-0.09154662
-0.14293362
0.19605929
0.12805125
0.19466394
0.108320445
0.009727627
-0.24449867
0.003662169
-0.108447656
0.03505522
-0.060929496
0.04818961
0.03770934
0.14144167
-0.071906775
0.49344012
-0.25165135
0.073404565
-0.6620125
0.5295275
0.04983747
0.18053015
-0.045996677
-0.04252368
0.26785478
-0.044011965
-0.19929516
0.0136934575
-0.2005586
-0.0031679336
-0.06990076
-0.05911188
0.20832047
0.05718792
0.096959755
0.14198011
0.17121169
0.16653518
0.012855427
0.12927872
-0.11983299
-0.26199004
0.14015082
-0.08099558
-0.07694247
-0.016377978
0.20523968
0.12429948
-0.078311905
0.11020857
0.10649124
0.2108848
0.1872067
0.03650292
0.24073312
0.12439574
-0.15526666
0.13580152
-0.099291876
0.119354285
-0.048163723
0.1633117
-0.057331394
0.0549382
-0.19927648
-0.14951868
-0.08089016
-0.06626014
-0.25628284
0.050551254
-0.25278112
0.109464645
-0.12070671
0.12796043
-0.09053708
0.0042455397
-0.015737751
-0.4221371
0.078186944
-0.1446641
0.14107521
-0.26686805
-0.11048519
0.20589635
-0.010489047
-0.20209636
0.20380692
0.08766568
-0.19837345
0.14495224
-0.059881724
0.08186144
-0.053562474
0.028781638
-0.07498983
-0.022612847
-0.06807564
0.11629621
0.26432988
-0.42495567
-0.074157365
-0.29801756
-0.030240433
-0.049883176
-0.13611512
-0.21546122
-0.029802397
0.21088773
0.040874798
-0.034760173
-0.030781139
-0.07900877
0.18545105
0.33377194
-0.054766424
0.202028
0.1175527
-0.20657037
-0.14521839
-0.18322033
0.19609344
-0.13946904
-0.027809039
-0.123623356
0.16086622
-0.21424751
0.16862291
0.24582794
0.07421996
0.21085706
0.020102054
0.2173651
0.2662902
0.09350959
0.2497451
0.17780864
0.18811497
0.13842398
-0.20373061
0.08592663
0.18680282
-0.12116681
0.20989847
0.16357547
-0.19493277
0.23724067
0.20907581
0.07349357
-0.13177201
-0.00087690057
-0.06999709
-0.19039
0.14939572
0.18458065
-0.17625853
-0.24526425
0.19352633
0.23724341
0.11002963
0.0922754
0.035913534
-0.18176521
-0.19036573
0.27204755
-0.20676813
0.013624042
0.04568899
0.02728045
0.23686971
-0.26240075
-0.20498303
0.17925882
0.14171793
0.09706876
-0.042396035
-0.037708476
-0.23919274
0.19426413
-0.03776234
0.23926958
0.15498638
0.19258513
0.19809249
-0.006958984
0.2427847
-0.19293237
-0.19912933
-0.22644292
0.021890992
-0.04810763
0.05261905
0.26374304
-0.040365547
0.17249425
-0.23913495
0.061204698
0.16230047
0.12006637
0.0293764
0.01713553
-0.03036204
0.23482625
-0.070956856
0.03507724
0.19549589
0.020872423
0.2749636
0.032597594
-0.13000973
-0.01669297
-0.12132999
-0.21320988
0.19640705
-0.08589881
0.10673733
-0.14940111
-0.121389195
-0.1806396
0.22363149
0.0936327
-0.11531339
0.16071765
-0.03986442
-0.25610694
0.08858845
-0.2067824
0.09045028
0.18352231
0.007869295
0.23789908
0.26979542
-0.09325212
0.1857351
-0.15703014
0.08165611
0.07598815
-0.2671587
-0.19290788
-0.27720267
-0.255243
0.17642283
0.04022925
-0.060769938
0.20193751
-0.015401036
-0.071648315
0.042680513
-0.14725716
0.02370254
-0.1895827
-0.030662026
0.065198064
-0.19026685
0.21305813
-0.053678732
0.25334072
-0.18419567
-0.22290656
0.10035054
0.13744032
-0.062415883
-0.054253366
-0.2672502
-0.05545668
0.15377848
0.08397049
-0.032378122
0.18866318
-0.13831845
-0.15751116
0.023378067
-0.23220336
-0.23089513
0.31136188
0.17854626
-0.26230973
-0.21466827
0.24832165
-0.21750471
-0.0137063265
-0.2718873
-0.041185934
-0.22220913
-0.018820886
0.1983041
-0.07378857
-0.044858605
-0.15722182
0.19385935
0.24181753
0.19931877
0.08018141
-0.07900849
0.03105303
-0.111251876
-0.20406483
-0.08766191
-0.1003553
0.22829293
-0.19276367
0.14349933
0.0867436
-0.024668694
0.043252945
-0.10583766
-0.24917239
-0.13376416
0.0019373677
0.12553564
-0.025391428
0.184496
-0.22708109
-0.19727099
0.19944516
0.22070119
0.014265857
0.10491461
-0.26198065
-0.13209246
-0.21607427
-0.19708022
0.104112454
0.10731779
-0.2381322
-0.2166441
-0.2253693
0.025967512
-0.007890284
0.09599222
-0.07146643
0.08194906
-0.18153255
0.05674732
-0.050183013
0.060576756
-0.050267488
0.061025172
0.15279374
-0.17506967
0.15409231
-0.24012896
0.14473934
0.023116749
-0.20365305
0.009445565
-0.22700348
0.06365071
0.22852516
0.06160062
-0.18107758
0.034048375
0.059951212
-0.16719674
0.19199757
-0.19037186
0.12060875
-0.042391777
0.23940909
0.13131994
0.19859779
-0.20696774
-0.20265976
-0.16667673
-0.21629263
-0.07841182
0.098037586
-0.06506407
-0.23073274
-0.06646004
0.31362018
0.22731727
0.14266722
-0.06580351
-0.18947488
0.048234493
0.258129
0.21802683
-0.25810188
0.13737182
-0.019272275
0.050760858
0.2517407
-0.24883997
-0.15136275
-0.119722486
-0.096428186
0.07041713
0.0149502205
0.118149705
-0.066913165
-0.20011891
0.25018173
-0.015658122
-0.27998057
-0.13648793
0.041917317
0.06499206
0.12740515
-0.09754795
-0.041108556
-0.077172145
0.13909695
0.13501024
0.097087994
-0.14139669
-0.23855482
0.02247341
-0.15705733
-0.03302697
0.039597422
-0.020895267
-0.23898269
0.13746959
0.006586211
0.26775402
-0.22229351
-0.2517722
0.05754601
-0.25526148
-0.15548563
0.259354
-0.22234519
-0.08362306
-0.098300725
0.02087078
-0.09043741
-0.21435402
0.21400091
0.086523645
0.047562003
0.18387538
-0.025490953
0.035723895
-0.05849009
-0.20338777
-0.037047192
-0.14578132
-0.087945305
0.2367115
-0.25972483
0.07505533
0.07864255
-0.1478014
0.1761762
0.102267005
0.0917483
-0.11711545
-0.044445258
0.24122441
0.05466768
0.1266942
0.14203876
0.21599792
0.0049813036
-0.22194149
0.09562643
0.3114592
0.013486475
-0.26210302
-0.041865487
-0.086627595
0.13534158
0.10382214
0.20765546
0.009665787
0.23389041
-0.26653865
-0.25848314
0.25623447
0.018903729
-0.19992918
-0.24477614
0.26553035
-0.039609954
-0.11144412
-0.2282085
0.011134713
-0.08559788
-0.2103138
-0.21604097
0.08661353
-0.08393683
-0.14925413
0.06564047
0.06314334
0.085867375
-0.00552687
0.07132211
0.22159745
-0.06628445
-0.25193322
-0.22001937
0.1930211
-0.112699375
0.16219702
0.18987742
-0.11078632
0.060240507
0.10864345
0.12682977
0.04789478
-0.2600454
0.16505839
0.066967525
0.1857618
0.08942339
0.2173321
-0.20314117
-0.017541574
-0.20771864
-0.31437582
-0.14336154
-0.12357958
0.020739608
-0.053364236
0.12264127
0.060500495
0.11331343
0.21272376
-0.26377827
-0.1891959
0.23891288
0.23331511
0.042189993
-0.15159863
0.16605055
-0.24070172
-0.0028508592
-0.14892586
0.24556059
0.07635948
-0.066607915
-0.04231645
0.2849469
0.14427468
-0.07443907
0.108827695
0.086749434
0.16413409
-0.0065767667
0.010088857
0.15441431
-0.023826722
-0.24489787
0.14490104
-0.17115149
-0.16889471
-0.15000077
0.10951233
0.22772667
-0.24348971
0.18089572
-0.13994934
0.36804378
-0.18233572
-0.21292727
0.058460373
0.06076037
-0.21320017
0.12954016
0.09727452
0.029715942
-7.486326e-05
-0.12032579
0.04305905
0.16615772
0.048965838
0.13293603
0.098969184
-0.050567925
0.12844548
0.06733298
0.20369968
-0.093767524
-0.27063176
0.3309209
0.021511078
0.2646636
0.21364138
-0.07545449
0.20156041
0.24848478
-0.00714567
0.09294959
-0.0072706523
0.07798231
0.041370705
-0.07220889
0.03898707
0.014522913
0.66183627
-0.018588955
-0.09448047
0.012307675
0.15993623
0.24926044
-0.20127587
0.23680381
-0.11213234
-0.05541256
0.103819996
-0.1963118
0.18599984
-0.2834185
-0.22531928
0.16281042
0.015906345
-0.12348951
0.15035102
-0.40761667
-0.17974472
0.064584754
-0.24057002
-0.05006077
0.28366742
-0.19712447
-0.38366145
-0.24751584
0.22547492
-0.0033916049
0.17208098
-0.14555804
0.015490376
-0.1056547
-0.22505608
0.06648865
-0.16836588
0.15638338
-0.16543001
-0.1452121
-0.058951356
0.06652328
-0.22324023
0.26114142
0.19997947
-0.17450063
-0.035781845
0.14409621
-0.12521501
0.14067498
0.05488142
0.15032937
0.06670682
0.10322207
-0.029170603
-0.23616792
0.3337919
0.16032296
-0.010916105
0.022966206
0.94731766
-0.061449215
0.18197301
-0.16218586
-0.06908026
0.1333359
-0.16825658
-0.10433369
0.11390642
-0.41792712
-0.12644006
0.15693006
0.06940847
-0.14075561
-0.16954862
-0.16294195
-0.19805041
-0.19111362
0.31272152
-0.18490364
-0.045934968
0.084309004
-0.053989124
-0.2763656
0.021891067
0.2622959
-0.05495135
-0.21184625
-0.06435106
-0.006413996
-0.14360455
-0.065276325
-0.24346194
-0.3595134
-0.07628991
-0.13446769
-0.17637165
-0.04599296
0.02668196
-0.42777288
-0.19623478
0.08950746
-0.12185157
0.18677169
-0.11640513
-0.048867766
-0.2860528
0.008333206
0.015165661
0.387766
-0.013653544
0.12948349
0.20017679
0.21276267
0.23912287
0.2328285
-0.25557968
0.14699385
-0.1465735
-0.122176744
0.27475864
0.13560194
0.06899267
-0.09366328
-0.08368702
-0.11919079
0.37151706
-0.002425684
0.17782035
0.13813995
-0.005863503
0.07350806
-0.07855794
0.15848328
-0.032002375
-0.0035108328
-0.20460616
0.20123458
0.098404996
-0.1154464
0.13847074
-0.06857717
0.21925586
-0.07229209
-0.112318546
0.2641316
0.14385146
0.13886052
0.17182021
0.061411284
0.08964248
0.021703154
0.018928256
-0.114846595
-0.017374633
0.1342527
0.12700024
0.046574786
0.24994679
-0.16131136
-0.1324453
0.059935328
-0.06604593
0.019578334
-0.14676091
0.25177026
-0.048523434
0.2916009
0.16780904
-0.101483
0.22616938
-0.15941028
0.1400666
0.20768452
0.21564779
0.25535172
-0.16342233
-0.12884215
0.17558928
-0.17578372
-0.21266073
-0.080390446
0.21522866
0.1859586
0.025578538
0.052814197
-0.20084117
0.16512483
0.006233742
0.032607466
-0.20322533
0.16214676
0.2176198
0.33751526
-0.14873904
0.016440094
-0.17246561
-0.24887857
-0.02511491
-0.07911299
0.2107354
-0.053920686
-0.16853803
0.023352383
0.099344544
0.2995046
-0.044482667
0.06823368
0.03751541
0.096104234
-0.011444553
0.071748905
0.18824139
0.11500815
-0.23437452
0.22411245
-0.015359566
0.123218775
0.24539563
0.15016577
-0.18110733
0.019431442
0.1140417
-0.15402701
-0.055017788
0.2780826
0.15815681
0.083447024
-0.37090054
-0.22384755
0.14712375
0.2131511
0.024011372
-0.13737398
0.14083801
0.23560631
-0.06899852
-0.11600473
-0.07654325
-0.16247424
-0.032385435
-0.03740853
0.22494106
-0.23630162
-0.16935034
0.1483878
0.09798059
0.16889802
-0.030750157
-0.23747486
-0.26611364
0.22849084
0.12205356
0.19578849
0.0033569
0.052972596
-0.02894711
-0.28577057
0.02282694
-0.22992225
0.05476114
0.20177622
0.073266916
-0.16538292
0.20305859
-0.01615573
-0.11492229
-0.08569011
-0.08227649
-0.23118025
-0.13829345
0.041274596
0.20494424
-0.13356838
0.18919298
-0.22719723
-0.23575038
-0.19544873
0.0066771936
0.22855534
0.2606765
0.17615283
0.07239151
-0.037404105
0.062236924
0.22213466
-0.116465524
-0.09239088
-0.09073174
0.026123196
-0.114282474
-0.09578476
0.08735675
0.14879379
-0.089848995
0.09449294
0.17967772
0.023322582
0.23936445
-0.12722622
0.1842454
-0.15241554
0.08808579
0.08311357
0.14352584
-0.018315276
-0.17376503
-0.0391595
0.36331442
-0.013177436
-0.21054283
0.28011954
0.00097132544
-0.1799729
0.21699278
0.13674802
0.03116932
-0.19184652
-0.19634315
-0.095812425
0.053323094
0.05180118
0.1311283
-0.06494248
0.11961202
0.20932434
-0.09041468
-0.19658738
0.2131763
-0.02058354
-0.19314696
-0.14612292
0.05061555
0.17196064
0.10314459
-0.06604442
-0.07161838
0.21949176
-0.20496494
0.12370663
-0.2465497
-0.0060651344
0.1683731
-0.11165922
-0.14865339
-0.16820468
-0.07042616
0.16994157
0.14640267
0.116689116
-0.09356739
-0.20772676
0.1799106
-0.008657059
-0.24699166
-0.15821275
0.096670054
-0.17376968
0.017401611
0.2295386
0.20919396
0.0018178225
0.16705984
-0.169707
-0.0047942507
0.051758666
0.15085603
-0.026431711
-0.21354687
0.078484
0.01798476
0.096170224
0.089839935
-0.15344848
-0.011047274
-0.2187959
0.2121917
-0.05323592
0.07830495
-0.14332837
0.12611215
-0.12561586
-0.024819737
-0.005750993
-0.20805456
0.26636994
-0.097650126
-0.14363432
-0.24121965
0.09431521
-0.040250443
0.2367128
-0.20710662
-0.06291345
-0.17432295
-0.23315355
0.03903015
0.11359486
0.198627
-0.017348967
-0.24398817
0.14968956
-0.12476947
0.18537267
0.17590357
-0.059427764
-0.12053559
-0.07286472
-0.07263079
-0.09578365
-0.18665893
0.1853142
-0.20130017
0.18712993
-0.15121819
-0.22577283
0.23217869
0.20257577
-0.26666114
0.29927298
-0.21179244
-0.25064132
0.18503377
-0.09767524
-0.01169283
0.13199265
-0.06460036
-0.23052523
-0.12562402
-0.14762853
-0.060859226
0.241037
0.19720545
0.21503049
-0.252619
-0.15265822
-0.25279927
0.13477439
0.037082497
-0.17553242
-0.13670243
0.13697812
0.045889076
-0.2671689
0.1004038
-0.23428406
-0.25623173
0.0501868
-0.16844283
-0.16198145
-0.16966999
-0.12789127
-0.02576
-0.010558108
-0.15932521
0.0897516
0.005470729
-0.25002316
0.07877539
-0.028818652
0.17953983
-0.15450102
0.13201824
0.3319035
-0.17461286
-0.057817765
-0.023006573
-0.13160598
-0.08370503
-0.14034423
0.2682469
-0.26254773
0.2332635
0.14078106
-0.18229772
-0.17289948
-0.10882637
0.053586446
-0.12674105
0.12922786
-0.077036425
-0.19477546
-0.2617182
-0.053410705
-0.1357636
-0.15451144
-0.013364248
-0.22345668
0.025059381
-0.023587525
-0.2338055
-0.22830266
0.03644657
-0.04157949
0.21626209
0.09721829
-0.10858865
-0.05562345
0.2330157
0.19742352
0.050761998
-0.19709499
-0.08162092
-0.2607451
0.2074202
-0.25321227
0.2969177
-0.19670197
0.23568018
0.09147072
-0.12431679
0.08987827
-0.102905385
0.081057236
-0.24675158
-0.062215105
0.24009849
-0.027211227
0.097523175
0.07872253
-0.068661526
-0.14399135
0.17209232
-0.2474947
0.09620224
0.10947395
-0.0297023
-0.13068746
0.14981751
-0.15577145
0.06771642
-0.09313985
-0.1299046
-0.2389419
-0.26138276
-0.14660957
0.2114008
-0.08946687
0.1961242
-0.05518733
-0.06996598
0.13287088
-0.28748605
0.1657332
0.112992495
-0.055985607
0.18587026
0.066233814
0.16687207
0.23584321
-0.017817298
0.024639051
-0.2509518
-0.10565674
0.07667227
0.022927076
-0.14747466
-0.21657592
0.0060774903
0.03616458
-0.25287664
0.036773376
0.049449895
-0.015791286
0.0448366
-0.047564745
0.09674292
-0.07567661
0.07789274
-0.114517
0.20927688
-0.12361337
0.19555974
0.26692158
0.24728939
0.21818158
0.06356583
0.26275632
-0.038528234
0.014510923
0.1337797
0.04548361
0.13655867
-0.021191796
0.16273472
-0.15194617
0.34770516
-0.22487316
-0.5846723
0.04862948
0.056625947
-0.011516123
0.11008919
0.06487046
0.13574049
-0.14292657
-0.09209502
0.09483014
-0.2652181
0.14149094
-0.20237863
0.12599695
0.15769534
0.20456424
-0.04035252
-0.27271956
0.03786792
-0.058531303
0.08071267
-0.22311641
0.12480482
0.08150133
-0.12037495
-0.15178561
-0.2375556
0.18403259
-0.11890367
0.23440617
0.1945413
0.24166697
-0.04544131
-0.1208356
0.19676223
0.07732426
0.09996265
-0.07302258
0.22906357
-0.1561225
-0.07024403
0.130168
-0.2737165
0.2637924
0.24866195
-0.02558683
0.25240865
-0.114374235
-0.04497401
-0.025635136
0.24882782
-0.15518099
0.04612904
0.2485989
-0.18147874
0.15535331
-0.09498783
0.18441053
-0.051338613
0.10182571
-4.3766697e-05
0.06892428
0.07392067
0.016159981
-0.0785321
0.22409378
0.057705283
-0.20479563
-0.16797866
-0.17153905
-0.16052294
0.1430147
0.21925044
0.13980024
-0.12106209
-0.17633109
-7.453362e-06
-8.477229e-05
-0.094162576
-0.03493485
-0.056062557
-0.097672306
-0.20182525
0.112793826
-0.03097913
-0.16253763
0.096291274
-0.10811144
0.13314405
-0.207545
-0.07360291
-0.061496202
0.10187916
-0.16257715
0.040636733
0.19958931
-0.106852904
-0.037708003
0.096923135
0.12802377
-0.26890492
-0.25719658
0.09044248
-0.0015890555
-0.044481926
0.024492625
0.18319169
0.14300212
0.21288286
-0.04790312
-0.06443739
0.24273825
-0.21591122
-0.24452586
0.24599327
-0.035353165
-0.11776717
0.047773596
0.20466208
-0.03382284
0.056635384
0.14961986
0.24387744
-0.07277077
-0.036748786
0.18530843
-0.25438935
-0.08258477
-0.11063327
0.19568056
-0.12617737
-0.2828871
0.12416645
-0.18687202
0.078242734
0.10972068
-0.20337331
0.15634683
-0.16205096
0.045954753
0.010401789
0.24395019
0.059001982
0.008540869
-0.26358923
-0.26512775
0.088475645
0.1091609
-0.14579365
-0.20622078
0.26440543
-0.2465961
0.23070568
0.16585387
-0.16135335
0.19007215
-0.14027883
0.19822645
-0.10796569
0.1455679
-0.10498241
0.14247239
-0.0018954636
-0.09297754
-0.0191264
-0.011939748
0.11053461
0.23929179
-0.23949933
0.19664824
0.24251314
0.2743449
0.04846794
-0.07719247
0.14105038
0.26521727
0.26917872
0.2534019
0.044491913
0.13129656
0.09931136
0.13458893
-0.11354488
-0.07255754
0.02574189
-0.14626698
-0.104996696
-0.17760137
0.11984541
-0.1814009
-0.055664495
-0.23773131
0.21930842
-0.18159036
-0.15583634
-0.10821038
0.13275868
-0.19064547
-0.051570922
-0.12759437
-0.2525323
-0.14342433
-0.042641204
-0.20374323
0.024768893
0.18279998
-0.05598264
-0.2637612
-0.02699148
-0.0063795787
-0.032984592
-0.85378236
0.03490366
0.18717171
0.0164972
0.0032252013
-0.24707934
-0.14805272
0.15436207
-0.07469567
-0.20834655
0.02533707
-0.13397938
0.053056955
-0.2648123
0.006026109
0.08790319
-0.17439368
-0.06449298
0.17736237
-0.1588827
-0.12644719
-0.11010316
-0.06821228
-0.0921625
0.28979528
-0.14110632
0.11106539
-0.024841173
-0.1878126
-0.26372433
0.17886047
0.06424639
-0.04929026
0.10501316
-0.17836483
0.2646072
-0.2525721
-0.17866825
-0.23062624
0.24764575
0.21475136
0.21436134
-0.16694485
0.104064114
0.22935948
0.082539506
0.25172034
-0.007895149
0.15782008
0.09989773
0.1494933
0.03625063
0.12481733
-0.05060444
0.15709208
-0.084839225
0.21619654
0.25647908
0.15981546
-0.004785125
0.057272494
0.26133692
-0.04006909
0.20352834
-0.22058633
0.0013197064
-0.036954388
-0.25861275
0.27726582
0.119008645
0.023714123
0.15217182
-0.06282062
0.022110589
0.12646618
-0.045914326
-0.20155174
0.15900123
0.2075357
-0.007129296
-0.29048723
0.0327196
0.01652608
0.02250824
-0.32094386
-0.10758638
0.07077397
-0.0029103667
0.2656349
-0.057648014
-0.21472096
-0.02399464
-0.21275872
0.048933804
-0.058872316
0.07293598
0.008744267
0.16719863
0.0078292815
0.105958335
-0.38794148
-0.14887324
-0.18952313
-0.19697538
-0.121079594
-0.07671742
0.13271579
0.014979029
-0.13298145
-0.24836758
0.1160788
0.25419432
0.15622272
0.3523382
0.0047186594
0.1767118
-0.14121246
-0.12007273
0.060925964
-0.23489034
-0.16556385
0.018548144
0.08069968
0.074153125
-0.17501676
-0.023107233
-0.038886536
0.039454255
-0.05430432
0.084253944
-0.15992919
-0.17027196
0.024262656
-0.16076735
-0.39810067
0.14899874
-0.24582773
0.025785642
0.22088793
0.15005663
-0.09623158
0.09433249
-0.031777337
0.19522609
-0.3491824
-0.21317336
0.04215379
0.019518316
-0.030271703
0.046865854
0.09524989
0.06567992
0.33025622
0.36540315
0.14327794
0.12246989
-0.023815542
0.07806287
-0.106761985
-0.108696535
-0.08718034
0.26034093
-0.29069477
-0.175474
-0.030809736
-0.24337378
-0.07473789
-0.238734
0.11819251
-0.1989037
0.19333112
-0.04423505
-0.22611307
-0.15374558
0.14564729
-0.14438406
0.075922266
-0.02874297
-0.29488596
0.052662384
0.20601404
0.22828496
-0.24368294
-0.13260408
0.17586717
0.079242505
-0.227826
-0.022952884
0.26627028
-0.13788061
-0.16194616
-0.14345482
0.03552512
-0.16113134
0.18964326
0.12957191
0.0656299
0.23149358
-0.2749249
0.252204
0.19614336
0.027116511
-0.0065576434
-0.20915143
0.1117342
-0.029614922
-0.0030920892
-0.12666939
-0.080222264
0.08560511
-0.08651768
0.0808436
0.15945192
0.18523616
-0.043566085
-0.04334341
-0.22340737
-0.18908544
-0.15623552
-0.047374684
0.07774946
-0.1355427
0.08449376
0.040790703
-0.12428604
-0.103036664
0.13410866
0.1196897
0.18731904
0.115892194
0.17611112
0.05078449
0.10892627
0.30643648
-0.15520164
-0.2103392
0.26702613
-0.09228177
-0.1914325
-0.2002877
0.068808004
0.23076655
-0.26071364
0.115834035
0.0034132395
0.050496366
-0.20449772
0.23804058
-0.004409268
-0.118554406
-0.2646576
0.24404168
0.2041237
-0.22041611
-0.072496176
0.11082747
-0.12216343
-0.1260241
0.14445548
-0.12657163
0.16569978
0.011302292
-0.25710008
0.07013298
-0.21458519
0.17077674
0.07862997
-0.29052427
-0.25567845
-0.2270452
0.23130384
0.072718926
0.16552535
0.12980601
0.013690025
0.022850394
-0.09991203
-0.13283695
-0.16632046
0.12602496
0.15580823
-0.017859822
0.11133224
0.08193877
-0.16595984
0.15007693
0.09980805
0.13198088
-0.1890407
0.26639947
0.13002676
-0.015932577
0.18763681
0.072092935
-0.121843226
-0.005016476
0.039741665
-0.09027313
-0.1355083
-0.13233876
-0.06715669
-0.0146416
0.16590694
0.2107176
-0.036600247
-0.033161085
0.059352413
-0.025850803
-0.10393708
0.0072809826
0.14641307
-0.22691667
0.027763946
-0.22637744
-0.15596148
-0.24623495
0.023923904
-0.121189296
0.20361872
0.037536208
0.06628043
-0.11219014
0.24383363
0.21304335
0.24722965
-0.2039979
0.13442045
-0.058719233
0.15545748
0.28476334
0.016932279
0.11153424
-0.038884822
-0.15987581
0.142443
-0.03767662
-0.13459276
-0.20301276
-0.07680252
-0.13791382
-0.20891191
0.06914392
-0.067439176
-0.09115024
-0.00201129
-0.23654717
-0.1538057
-0.08872598
-0.005403787
-0.038169123
-0.20751478
0.15696031
-0.03210795
-0.22806257
-0.19019979
0.0698002
-0.08113092
-0.018922308
0.28026703
-0.1287748
0.05332326
-0.25542992
0.0686464
-0.04096943
-0.16467145
0.124102764
-0.17770842
0.15151761
-0.3022738
-0.08345633
-0.2633065
-0.2124155
0.090717204
0.12107277
0.0038843357
0.16667432
-0.11052604
-0.31018734
-0.0058333576
-0.24811673
0.15724623
0.067146264
-0.17382494
0.02779985
0.017780732
-0.0030009623
-0.26390952
-0.11687197
0.18453246
0.1848762
0.22367077
0.1696733
-0.15392272
-0.25047815
0.19041216
-0.2346784
-0.22507846
0.13833882
-0.023836454
0.10278757
0.05017765
-0.052659545
0.07840846
-0.018811012
0.08934904
-0.032054503
-0.21228983
0.26669252
-0.014512098
0.09467536
0.06734505
0.2243663
0.24437873
-0.21361461
0.08424134
-0.22876127
-0.1932381
0.2804105
-0.057762943
-0.046841625
0.23107162
-0.12264542
-0.13493817
-0.15545154
0.05621077
0.018983902
-0.03663088
0.16735138
0.0686982
-0.041280273
0.047087125
-0.06326034
-0.07354937
-0.019529127
0.2286331
-0.109325066
-0.1994339
-0.15886277
0.18395197
0.051453862
0.05235443
-0.23268653
-0.19238581
0.28480303
0.21146786
0.13695806
-0.05295845
0.11703322
-0.21079846
0.16041718
0.24471124
-0.1856628
-0.0484461
0.09211002
0.24809735
0.012957811
-0.14120494
0.09179765
0.079420954
0.17019677
-0.012321562
-0.022245238
0.046447784
-0.0014383746
0.16735078
0.049836475
-0.03666167
-0.15746951
-0.041214976
0.07157881
-0.011762499
-0.14642555
-0.11628968
0.1389946
-0.21295895
0.15642388
0.1532144
0.051952124
-0.043233544
0.038496852
-0.09702511
-0.37359715
-0.18619426
0.2546924
0.19837122
0.0042427042
-0.19417827
0.18615097
0.14330442
0.03517842
-0.06077689
0.15824339
0.23330045
-0.24454248
-0.1973791
0.026726814
-0.18562882
0.086375594
-0.098244876
-0.14172865
-0.35566387
0.14909238
-0.111068495
0.26408672
0.05762712
0.02049949
0.15041794
0.05392894
0.020078957
0.07435261
0.011603683
0.114738554
-0.1626341
0.07944848
0.026547823
0.08682412
0.14164996
0.22086996
-0.19354652
0.16424567
-0.030411454
-0.15746553
0.1674903
-0.09465107
0.22872326
0.09980861
0.016549913
-0.2482074
-0.051789813
0.21730652
0.21818827
0.1071637
-0.23550707
0.0008311241
0.12111204
-0.15605214
0.014540911
-0.142653
-0.17260599
0.20182955
0.2187722
-0.08606445
0.112710744
-0.0040343367
-0.09235691
-0.19229704
0.06540788
-0.07257539
0.19378522
-0.09364906
-0.046961617
0.076471075
0.021333331
-0.13860762
0.13381095
-0.15467654
0.103119045
0.04746934
-0.1682074
0.12203139
-0.10323913
-0.49032333
-0.26245397
0.15406646
0.16341107
-0.094776206
-0.09958142
0.07881333
-0.23372023
-0.024260249
-0.008400321
-0.23836657
-0.07685381
0.25675184
0.08115452
0.18283285
-0.2550657
0.16644582
0.14503102
-0.02314037
0.12143139
-0.1468947
-0.0034207748
-0.23906572
0.07956747
0.38301954
0.11812068
0.0964186
0.19330606
0.092134684
-0.2932685
-0.19676886
-0.2244531
-0.09485571
5.6855046e-05
-0.18305367
-0.040852636
-0.23258896
0.065929525
0.2608775
0.2776138
-0.09109602
-0.22695884
0.120097846
-0.20834258
0.047193334
0.16635172
0.15164451
-0.012791615
0.077907376
0.2923594
0.22762352
-0.06685271
-0.22607884
0.1448588
-0.07333772
-0.0022746325
0.05925211
-0.14833096
0.03665198
-0.1985122
-0.36790043
-0.119639814
0.16339046
-0.030031733
0.08930361
-0.11055793
-0.1531301
0.21177052
-0.041620713
0.21315394
-0.05035091
-0.1782625
-0.114542186
0.17392716
-0.16199864
0.18984616
0.13614076
0.26271743
0.14482507
-0.17473002
0.08960552
-0.1394425
0.21485595
0.12711419
-0.07361388
0.07841295
0.14090608
0.1213363
-0.13076416
-0.23170874
0.16478461
-0.15189908
-0.21346328
0.23971005
-0.076349825
-0.2287296
0.09482469
0.057009105
-0.22401083
0.17134131
-0.16262457
-0.06315644
0.16508494
-0.07721814
0.11911376
0.11258266
0.024415078
0.12014562
0.23212256
-0.17846029
-0.14730832
-0.1381075
0.1597869
-0.02801979
-0.17588666
0.13688305
0.030401062
0.058153246
0.087435514
-0.18821117
-0.20562667
-0.04457754
0.059730347
0.015442545
0.16558415
0.14329632
0.09330924
-0.042776093
-0.05734176
-0.17336258
0.20588577
0.12765718
0.11047568
-0.09398258
-0.05077459
-0.22860248
-0.21690792
-0.052223444
-0.12371696
-0.2514186
-0.42443568
0.1784893
-0.1272591
0.14251524
-0.17746483
-0.17439447
-0.14096634
-0.1846855
0.008621049
0.06466632
0.0311582
0.0151567245
-0.1568002
0.03683384
-0.04836419
-0.19245744
-0.018296773
0.1456926
-0.09990651
0.35269532
0.3578353
0.10589165
-0.13838334
-0.030029297
0.12328707
-0.10448597
0.18129723
0.16952784
-0.20405865
-0.081984416
0.25881886
-0.19666266
-0.1373718
0.03379595
0.20480825
0.17006263
0.06623676
0.077168256
0.22773379
-0.020078247
-0.24824856
0.1969393
-0.1865849
0.27216175
0.01788025
-0.022862932
0.22486249
0.00038349628
0.19914316
-0.44122016
0.18721369
-0.09084166
-0.101919085
0.15395935
-0.02496007
0.2338816
-0.0631873
-0.08263679
-0.24379818
-0.21387756
-0.15528986
0.22457
-0.21586165
0.06315437
0.08142852
-0.18717271
-0.18234035
0.07447001
0.20328043
-0.05212564
-0.12127048
-0.17128763
0.2102426
-0.150546
0.012482315
-0.01746884
-0.091704085
0.26576817
0.1356917
-0.15562335
-0.18651101
0.20617336
-0.1499524
-0.11639059
0.2434262
-0.14812703
-0.058097035
0.24876823
-0.24205767
0.018359244
0.24449685
0.0066636824
-0.121046126
-0.24085271
-0.2123594
-0.24240924
0.10331706
0.03651492
-0.055588752
0.1510468
0.001212397
0.20131873
0.103611924
-0.04428986
0.24441527
-0.14688908
-0.009283431
-0.32454303
-0.009034081
-0.24971908
-0.19157976
0.091446966
0.017423302
0.15408097
0.1387418
-0.05429368
-0.086288154
-0.11563608
0.022519052
0.054743428
0.20455658
0.14986353
0.12938856
-0.18431234
0.023570513
-0.21593046
0.12972619
0.014171898
0.23408279
-0.35447976
-0.07461505
0.22801465
0.10968976
-0.0033765612
0.0631451
0.19822475
0.2199105
0.22073413
0.047950998
-0.04604386
0.07761633
-0.17972621
0.0001349796
-0.02694914
-0.0641602
0.056738753
-0.22816595
0.14768128
0.03020895
0.10837283
-0.06274921
0.0716901
0.18295704
-0.17472437
0.09754181
-0.26770186
-0.017126324
-0.19912988
0.15753186
-0.064862385
0.118949175
0.17124707
-0.09261641
-0.18529494
-0.20477077
-0.14405714
0.076049685
-0.0022487412
0.065467745
0.1315956
0.101902716
-0.028308976
0.031861797
-0.17554246
0.0032757984
0.19726807
-0.041323606
0.21747975
0.20017867
0.09557018
-0.2672068
-0.11677821
-0.014550436
0.24897744
0.15865612
-0.16157015
-0.15034926
-0.2104141
-0.20169699
-0.17556065
-0.20721982
0.11275369
-0.085709184
-0.19292873
0.22744405
0.15209626
0.23727252
0.1244444
0.11938219
-0.062230676
-0.23079458
0.2088518
-0.084047005
-0.290245
0.11983702
0.130751
0.009504405
-0.16583063
0.09275879
-0.078354344
0.29657683
0.022983516
0.1498303
0.03699517
0.25487125
-0.085470915
-0.0024432428
-0.100536205
0.06660297
0.07128293
-0.06827952
-0.13711724
0.24298675
-0.0016597083
-0.0969043
-0.013300682
0.10485573
-0.021563925
-0.19473268
0.2724116
-0.21191086
-0.11767307
-0.015555988
0.026445432
-0.19093409
-0.019498587
-0.06731835
-0.1237109
0.120186046
-0.08651888
-0.082433164
0.19240677
-0.18628766
-0.0030244489
-0.2537959
-0.14083928
0.079769105
-0.0275995
0.005621482
0.11106291
0.06798342
0.080959804
0.15258019
0.20659856
0.2502635
-0.039203078
0.24966297
0.24483706
0.23381515
-0.115051985
0.17772456
-0.054988053
-0.20251618
0.12610652
0.07804477
-0.20981942
0.04143494
-0.16432111
0.045748033
0.113101184
-0.12012428
-0.09322422
-0.11901617
-0.11916565
0.1327391
0.22001319
0.1314442
0.08967616
-0.25466192
-0.060943138
0.10195571
0.24933226
0.0028091224
0.060675927
-0.20072848
-0.17155313
-0.19237939
-0.12919581
-0.1911364
0.15161768
-0.1613662
0.29560113
-0.14130394
-0.2728034
0.0013557374
0.17232892
0.16555321
0.09841676
-0.08546101
0.22649255
0.25067273
-0.14967117
-0.046746235
0.17634684
-0.18102849
0.06599077
0.08081319
0.044040374
0.24066922
-0.088963255
0.18439028
-0.18412884
0.007210984
0.075821765
0.055749714
-0.008623987
0.03135399
-0.17159715
0.05134972
0.03441131
0.22756565
-0.037082106
0.17756885
0.035522994
-0.18055871
-0.010744255
-0.2379675
-0.04143271
-0.34185418
0.032264058
0.2144252
0.10703254
0.28290662
-0.01157761
-0.12017464
-0.13078547
0.013375716
0.18672006
0.17291938
0.17793861
-0.21964411
0.20733885
-0.06616994
-0.059710346
0.19269769
0.040978637
0.09660586
-0.11073454
0.21762088
-0.14326005
-0.06325184
-0.018315664
-0.19306974
0.06699015
-0.2546543
0.20398377
-0.09414364
0.1503116
0.0096719125
-0.052762106
-0.12720889
-0.2028734
0.16062596
0.08184584
0.29490194
0.094122
-0.29033947
-0.24035698
0.259794
0.22240195
0.23533663
-0.04917869
-0.205518
0.17864057
-0.25037894
0.056988716
-0.11456298
0.18340383
0.18513057
-0.24692208
-0.26754987
-0.031847745
0.065154284
-0.2430057
-0.12618019
0.20637305
0.009339863
0.21633658
0.16343954
-0.0061509875
0.104370385
-0.07481099
0.18676512
-0.115507245
0.09172276
0.23077166
-0.15213396
0.0077950954
0.07431664
-0.18211046
-0.15890698
0.0014264584
0.06334623
0.13552633
-0.16616896
-0.13459758
-0.07136807
0.19435874
0.1387489
-0.22703446
0.15010592
0.06951079
-0.12261088
0.27723017
0.084980436
-0.26851052
-0.17341469
0.1758515
0.09419954
-0.06794507
-0.08093515
0.24600649
0.17656328
-0.20671014
0.06537625
0.055806085
-0.036730327
-0.16769044
0.119404264
-0.14246535
-0.08013876
-0.16550156
-0.11370504
-0.27409512
-0.15595892
-0.15375943
0.22685367
-0.25200585
-0.2628123
-0.18079257
-0.0764465
-0.103128694
0.2778127
-0.26766634
-0.2140643
0.061672788
-0.23627752
-0.2543098
0.22125566
-0.10881379
0.26331964
-0.020900497
0.16506651
-0.16968712
-0.1375337
-0.11020796
0.17442176
0.01851607
0.113271885
-0.2367268
-0.041729428
0.044382036
0.24887976
-0.12067346
0.257375
-0.17586742
-0.042102713
0.15231319
-0.0021080775
-0.11351534
-0.059015967
0.23575181
-0.048779752
0.26128697
-0.16084148
-0.24950255
-0.24736066
0.08564767
-0.06765621
-0.17496133
0.0014833895
-0.12989499
-0.054273352
-0.19080114
-0.16002743
0.20112623
-0.25792864
-0.017573545
-0.11081029
-0.19105913
-0.05959612
-0.09849768
-0.20232934
0.24126354
0.2393645
0.22183868
-0.09782194
0.09322171
-0.023209544
0.05451058
-0.011749385
0.008841035
-0.0017330576
0.07771016
0.02546987
-0.025235394
0.0132035725
-0.003705174
0.024972396
0.0
0.0
-0.0029903231
0.0
0.008420069
0.016377687
-0.0030282785
0.015246259
0.029049989
-0.0013614156
0.053980418
0.0
-0.0027157413
0.043720976
-0.015401228
0.03434682
0.012247342
0.03910399
0.0
0.039701518
-0.026587617
-0.0027993924
0.016428834
0.0037229194
-0.014836159
0.0
0.0
-0.020463837
0.077484705
-0.009588395
-0.022607548
-0.0018166801
0.0
0.012657842
-0.010964299
-0.019335678
0.003324409
-0.0067516766
-0.03141444
-0.026864046
-0.0008904164
-0.0016183143
-0.025174133
-0.023212394
0.0075972043
0.0
0.0
-0.045561995
0.0
-0.017757326
0.0
-0.016081052
0.0
-0.027335392
0.07657654
-0.0018428746
-0.0057182475
0.0
0.040299114
-0.019062787
-0.00989391
0.008981287
-0.015613751
-0.0075858035
0.020544387
0.032158174
0.0
0.019117417
-0.029537797
0.18009098
-0.14989553
0.06447393
-0.07458088
-0.13478795
-0.1628495
-0.06827749
0.11459695
-0.1054052
0.07172885
-0.1739516
-0.011172265
-0.0017184019
-0.14778729
0.23024446
-0.006768372
-0.17496184
-0.093304254
-0.20540276
-0.058073025
-0.043930825
-0.08171335
0.072592676
-0.024091363
-0.10713286
0.035300687
-0.04505393
-0.04751725
-0.054633014
0.06237492
-0.064941965
0.15272906
0.07757375
-0.096965834
0.123603016
0.14793395
-0.19491106
-0.2603946
0.12927888
-0.11474364
0.22914197
0.007985197
0.18242097
-0.046304673
-0.12473545
0.14312126
0.09290357
0.1280379
0.055229105
0.17386276
0.0761134
0.18419948
-0.11455658
0.118190505
0.022383332
-0.07605252
-0.05803819
-0.017692417
0.071206644
-0.19032475
0.02777336
-0.10629031
0.141867
0.09730676
0.08082603
-0.12557894
0.015730679
0.08848864
0.052057415
0.05559038
0.102910034
0.13170989
-0.029766241
0.14284903
0.15347145
-0.022138307
-0.048621953
0.10926515
-0.13887812
0.06406125
-0.019018285
