49
2
120
1
relu
line
1
1
-0.66388625
0.362752
-0.011679798
0.099913836
0.052018687
-0.19274801
0.16525415
0.260098
-0.18349147
-0.42240396
-0.28849334
0.27597633
0.1051738
-0.11961521
-0.07170153
-0.28024408
-0.3246267
0.016385969
-0.39368165
-0.09693143
0.25136536
0.098813884
-0.3445386
-0.20404525
0.12688547
0.29959682
0.84928226
0.49033862
-0.06398041
-0.25862122
0.26993448
-0.00096062775
0.1694727
-0.19323029
-0.24217363
0.03588647
0.049104072
1.2020085
0.31550467
-0.29277316
-0.26475206
0.11101049
-0.14174946
0.061794434
-0.2701581
0.23477066
0.0203392
-0.32491007
0.16811895
0.114803344
-0.15125051
0.038183436
0.09074288
-0.11008246
-0.1729647
0.017725324
-0.009786814
-0.21882904
-0.018330745
0.008547962
0.2832671
-0.19807057
-0.04244468
0.13169646
-0.31654894
0.032629605
-0.19571064
0.014517758
-0.07937586
0.11704377
-0.08957827
-0.17825903
-0.27750784
-0.2996565
0.13495313
0.03024337
-0.45111898
0.013951066
0.17264453
0.037877735
-0.07564929
0.29776302
0.021627206
-0.1958283
0.29527727
0.24764068
-0.23057647
0.018775731
0.21769422
-0.9824041
-0.22452873
0.12767853
0.15831757
0.027563944
-0.23112337
0.15620992
-0.016054064
-0.08064967
-0.12707323
-0.22083715
-0.06971845
-0.32111275
0.5088135
-0.0965321
-0.29033166
0.30156392
-0.11308161
-0.022016376
0.11327213
0.054725826
-0.16136985
-0.16539368
-0.53559273
-0.027633011
0.024124146
0.28065124
0.15263891
0.13636312
-0.075779796
-0.23180601
-0.5149405
0.4654484
0.3964678
0.033275932
0.4241152
0.13841055
-0.4025181
0.22258164
-0.16444896
-0.21554483
-0.31956807
0.1979207
0.26044023
0.46434996
0.25233555
-0.028007537
0.11692816
-0.19285417
0.5586666
0.23684491
-0.09591487
-0.2090241
-0.046917945
-0.16571514
0.44030705
0.8823677
-0.048302114
-1.033137
0.23035765
0.10079399
0.16765857
0.1361911
-0.053397425
-0.0070250602
0.033369493
0.0047045904
0.27403906
0.08900526
0.064299434
-0.47090927
-0.33865777
0.10927821
-0.34239885
0.22538604
0.14420158
-1.102099
0.37427726
-0.31839022
0.17948335
-0.31533957
-0.012685313
0.36421046
-0.11808779
-0.15678012
-0.36715403
-0.16932352
-0.26172704
0.079853
-0.14420477
0.28779483
0.089213446
-0.22536863
0.250148
0.7474673
0.01850444
-0.20388173
-0.0446659
0.16925418
0.10570955
-0.042906463
0.14485651
0.23176214
-0.007245883
-0.1626249
-0.21690029
0.39488044
-0.44023207
0.17075068
-0.109239176
0.184074
0.33359194
-0.33500615
0.40437365
0.39672902
-0.01755448
0.5823574
-0.7272892
0.119021595
-1.560361
-0.33809993
-0.053538565
-0.23275526
0.26477674
-0.12056109
-0.025921876
-0.22634225
0.28455678
-0.14798331
-0.25458133
-0.37160608
0.31054103
-0.15755233
-0.05587358
-0.64547837
-0.0023131995
0.23709542
0.14480852
-0.0783682
-0.090013534
0.35748005
0.23147678
-0.0045686606
-0.33047995
0.38462698
-0.6340607
-0.7830737
-0.14956596
0.26270935
0.24816418
-0.096552305
0.059997965
0.022700353
0.3743689
-0.07209492
0.15409055
-0.17793441
0.100091
-0.20844126
-0.12423922
-0.034441054
0.20440778
-0.00540147
0.7973862
-0.32251644
-0.019554883
-0.020575225
0.5383472
-0.33435228
0.09881337
-0.10197791
-0.13011011
0.33837572
0.064813785
-0.16481027
0.3825055
-0.49486846
-0.120377205
0.13297983
-0.011689292
0.15777719
-3.5919147
-0.09440953
0.02584695
0.17011376
0.22525464
-0.17189968
-0.111957215
0.14941843
-0.21365805
-1.156799
-0.3025278
0.39396945
-0.24019362
0.35581073
0.23434371
-0.1067495
0.28465375
-0.120694205
-0.1347124
-0.21607763
-0.3747939
0.3430156
0.20623577
0.0524623
-0.012520553
-0.395454
-0.20012416
-0.042492732
-0.6865771
-0.1013491
0.0012750349
-0.080499135
-0.3184582
-0.30844572
-0.003202721
-0.11210473
-0.26839802
0.2516334
-0.099016815
-0.13053268
0.3126154
0.23547116
-0.02838443
0.3055796
0.73829234
-0.49705103
-0.24023843
0.1617631
-0.085985936
0.25743413
-0.27863836
0.44015017
0.33281946
-0.0033898475
0.14999971
0.1321461
-0.06984554
0.016939908
-0.051043075
0.013731881
0.118773274
0.17231308
0.33837438
-0.21770242
0.25141403
0.047874637
0.16847833
0.19415258
-0.38922688
-0.21637237
0.1534918
-0.2769802
-0.2888862
-0.6059944
0.10274687
-0.18013352
0.4527498
0.31799784
-0.15938708
0.3652215
0.018600216
0.32378724
-0.23833977
0.17594647
-0.111722775
0.1833792
0.15441445
0.37433198
-0.013330042
-0.21847971
-0.85821635
0.11142701
0.06873349
-0.006393671
0.36107844
-0.26090991
0.021951364
-0.15402529
0.13943897
-0.22120507
-0.1795247
-0.28738025
0.16065328
-0.19067515
0.10148579
-0.14410476
0.41145033
0.04918575
-0.06054959
-0.426526
-0.12197395
0.1294408
0.092068985
-0.035322975
0.30947432
-0.18811199
0.061568826
-0.081203274
-0.21052386
-0.3685914
0.018695612
0.11403249
0.009924132
-0.23405093
-0.35890335
0.06316429
0.20194635
0.03805286
-0.20937468
-0.10570556
-0.18261857
0.49503946
-0.1266239
0.37863508
0.19054092
0.20191143
0.05393847
-0.37869328
-0.21297932
-0.08696899
-0.11833802
-0.031392183
0.032605898
0.14287384
-0.12151005
0.26187348
-0.04136464
0.029095298
-0.024285816
0.24718297
-0.19601986
-0.2286272
0.09520762
-0.13713637
0.02209126
-0.111988686
-0.04951455
0.15888195
0.29148114
-0.028555596
-0.32646155
-1.4196745
0.92888916
-0.22398362
0.28634125
-0.1957667
0.11220485
-0.09453292
-1.4760933
0.089941956
-0.23972076
-0.23862341
0.33210728
-0.34011918
0.469587
0.09912097
0.014037714
-0.34615016
-0.14758396
-0.177473
-0.07293988
-0.34473354
-0.20489216
-0.08978867
-0.27208468
-0.3932864
-0.037228487
-0.31084892
-0.15479355
-0.20994462
0.033315595
0.056112517
-0.31243932
-0.00940933
-0.06956361
-0.2598675
0.26561445
0.30981183
-0.3238166
-0.35885376
-0.047733396
-0.22225867
0.17121845
0.5570446
0.020484982
-0.31819364
0.044685356
-0.698428
0.20558631
0.23578803
-0.0039918115
0.053107254
0.1974143
-0.3301735
-0.33291858
-0.32836002
0.27066103
0.08630708
0.30775765
-0.30072737
-0.074287936
0.28165305
0.6221868
0.033417866
0.25834584
-0.006548476
0.059596606
0.19764087
0.46428597
-0.015504301
-0.042573065
0.12885825
-0.0862163
-0.2088542
0.36508518
-0.14128485
0.05556802
-0.0055145374
-0.017177228
0.034384307
-0.2611108
0.2547998
0.097553514
0.25438026
0.21306142
-0.14580402
-0.075314954
-0.1126227
-0.0031627011
0.1418469
0.22533876
0.13717915
-0.3493392
-0.32752928
-0.14735152
0.21960194
0.6986641
-0.26413864
0.22073081
0.035344604
-0.20851861
0.30610338
-0.034081616
0.022770647
0.12471556
-0.27782688
0.1162137
0.4875309
-0.33002108
-0.29010186
0.13073131
0.05015878
-0.33424574
-0.071233824
0.071202055
0.32347772
0.05161922
0.3272723
-0.34345224
0.2612507
-0.23792294
0.26479194
0.0018118809
0.6979055
0.10287081
0.107568264
0.16089891
-0.039806206
0.13112943
-0.21629779
0.09718478
0.1517869
0.23657987
-0.18881391
0.044917323
-0.33022186
-0.040660057
-0.17909461
0.0802359
-0.030475635
-0.091497414
0.075431496
0.06711307
0.04169214
0.0026043053
0.22473752
0.28026202
0.28295884
0.13342091
-0.46583724
0.018191975
0.15383881
-0.029653395
0.026263336
0.078931406
-0.013592273
0.16119294
0.08481812
-0.31129998
-0.0043601026
0.3205142
-0.010937698
0.1417097
-0.1363402
0.023541085
-0.030233037
0.15398125
-0.541091
0.07592451
-0.12205285
-0.6803294
-0.19061643
0.011158859
0.30763477
-0.04084882
0.030755578
0.07770425
0.55032647
0.2104782
-0.0155545585
0.28343078
-0.023446336
-0.30189463
0.20113783
0.011801034
-0.1526709
0.33587664
-0.013172248
0.12291906
-0.35952806
-0.29656747
0.083436415
-0.07081462
-0.26744545
-0.3036755
-0.22391053
-0.2544332
-0.51173604
0.08563285
-0.25430623
0.19127744
-0.02189228
0.28334174
-0.14065973
0.18458337
-0.21171473
0.2974927
0.34838405
-0.115584
0.10752964
0.4441968
-0.2526622
-0.15297352
-0.27644745
-0.2230605
0.010201352
-0.008516941
-0.1654158
0.20898694
0.21793336
-0.1360429
0.051172122
-0.3718055
0.18317227
-0.21653205
-0.024247074
0.26382607
0.3193475
0.28796768
-0.3295858
0.30429965
0.28177205
-0.16257316
0.006584347
-0.14553705
-0.13332283
0.23929931
0.29622686
0.042137086
-0.288699
0.27959698
-0.23325737
-0.18997018
-0.28142035
0.22991264
0.03583443
0.25550964
-0.27619207
0.1987266
0.1873415
0.20774156
0.14290205
0.033758305
-1.7253639
-2.0688035
-0.28590614
0.1543433
0.06449056
0.18585837
-0.1218051
-0.24453518
0.03899825
-0.23830828
-0.03911224
-0.17602463
0.2530427
0.27283615
0.2796325
0.009027237
-0.5816536
-0.007027298
-0.030359363
-0.8262092
-0.20388652
-0.12284082
0.34531623
0.2870959
0.20120469
0.20822811
0.048848286
-0.21408165
-0.28795797
0.016302858
-0.092478454
0.15980572
0.1527531
0.022871815
-1.3087338
-0.15546957
0.31619936
0.944753
0.3109879
0.36089662
-0.058769017
-0.059645306
0.09670636
0.1683303
-0.5575373
0.22295587
0.5679268
-0.17734875
-0.26550677
0.14574535
0.19774546
0.034250736
-0.26713556
-0.04119852
-0.012751728
-0.03320195
-0.78068656
0.06085226
0.022909235
0.1785251
0.031500667
-0.30989057
-0.5484032
-0.10667074
-0.082349926
0.014314408
0.0045371726
-0.14825533
-0.34091374
0.21172987
0.041250717
0.31637543
0.08365244
-0.29576856
-0.16353908
-0.27268136
-0.05262873
0.26980007
0.26251405
0.026140109
-0.15674244
-0.05563373
0.24992292
-0.044507362
-0.10416353
-0.2567739
-0.019438863
-0.18508448
0.08515266
0.17464736
-0.2512244
0.16893809
-0.11828835
-0.25774828
-0.71342343
0.28821754
0.26310027
-0.3309175
0.19571553
-0.08159442
0.2730113
0.23779862
-0.0516213
0.041537873
0.34241685
0.14213285
0.052051414
-0.16352752
-0.42095923
0.71378773
0.30781698
-0.049120147
0.24247923
0.7297276
-0.28272042
-0.004825836
-0.16042475
0.14037472
0.17708416
-0.008050348
-0.018575018
-0.03569125
-1.5079458
-0.20618407
-0.0469853
0.34397596
0.033937953
0.044881668
-0.29824018
0.06652944
0.10224936
-0.25257447
0.2703037
-0.19092648
0.116503894
0.0863949
-0.3764579
-1.8337394
0.27125084
0.03929996
0.15967442
0.21326663
-0.06925133
-0.2836763
-0.0440215
0.25230366
-0.61358005
-0.39652076
0.11195912
0.04621557
-0.4076486
0.06155736
-1.1368892
0.19719249
0.16052642
0.1566714
-0.013725005
0.20568961
0.038274895
0.18532266
-0.1131257
0.28629702
-0.08984231
0.22477047
-0.034944106
-0.1531893
-0.22672056
0.11632053
0.12179162
-1.0944681
0.2206692
0.25065047
0.2945823
-1.0408866
0.21692745
-0.060015358
-0.36403865
0.2009719
-0.0019928974
-0.270078
-0.019862637
-0.0014352818
0.13640198
-0.07121344
0.17306176
-0.06187158
0.24825716
-0.0392657
-0.3825134
0.42248005
-0.3835629
0.19188163
-0.10553991
-0.00039287328
-0.40781292
-0.069400474
-0.18339482
0.73883176
-0.326766
-0.27574256
0.1508916
-0.08762048
0.4981043
-0.82813776
-0.020025015
-0.2737902
-0.086887896
0.15563805
0.10330552
0.2791489
-0.047002308
0.12547895
0.17915176
-0.14742732
0.0046706125
0.009040014
-0.08172324
-0.031271473
0.057393685
0.077740796
0.52632785
0.10713934
0.25634885
-0.37997225
0.29750162
-0.05878544
0.036195148
-0.26034653
0.48359543
0.08071348
-0.261478
-0.5683331
-0.08873203
0.12778789
0.37768012
-0.39807215
0.05286963
-0.09293336
-0.19098255
-0.15619582
0.4165402
-0.06337174
-0.16369446
-0.21167706
-0.19660027
0.629545
0.31630504
-0.18436424
0.1322715
0.29675943
0.3885878
0.21254879
0.12058276
0.26319587
-0.37015808
0.16332322
0.14171286
-0.14013964
0.1302195
-0.12272394
-0.06067716
-0.2127343
0.2791543
0.17795627
0.36791697
0.19173741
0.24717587
0.019387867
-0.32142973
0.036294032
-0.12658376
0.13476975
-0.1408354
0.1583256
-0.2784618
0.2212336
0.11713399
-0.31918514
0.10961555
0.13993286
-0.14946292
0.096010424
-0.27651498
0.0058093807
0.3356103
-0.13649213
-0.025443517
-0.29020277
0.19979772
-0.46300846
-0.26140925
-0.24597806
-0.2728154
-0.057203833
-0.094885595
0.21494786
-0.02967634
-0.29093504
-0.2715003
-0.160061
-0.26520878
-0.15229136
0.26554364
0.10728175
0.21502714
-0.013927918
0.06482792
-0.033339966
-0.2609043
0.28141493
-0.2211894
-0.17817326
-0.25193846
-0.42142093
0.122355394
0.23753393
0.26536238
0.076678425
0.14012225
0.36653334
-0.1654312
-0.030145248
-0.085024595
-0.020995764
-1.1175071
0.21275651
-0.17205046
-0.20614854
-0.41354308
0.24986063
0.33526847
0.12498071
0.19778055
0.2771886
0.15502596
0.021157762
0.10759643
0.08834185
-0.23299655
0.28283304
-0.43431887
0.29163167
0.29846767
-0.24229382
-0.07625475
-0.2806344
-0.1157308
-0.12801364
0.19804713
-0.20751843
0.19356625
-0.37121814
0.18230498
-0.16633599
-0.17421564
-0.49720418
-0.16214795
-0.3223539
-0.096744336
-0.089388646
0.06859934
0.24532211
-0.33185756
0.0960786
-0.3013683
-0.15027271
0.22406115
0.030574873
0.28956476
-0.19310904
0.1984489
0.36714792
-0.034079853
-0.35009363
-0.25336948
0.30260158
0.26373062
-0.053564105
0.28208676
-0.0055999216
0.27099323
-1.0315086
-0.33388868
-0.17948236
-0.15582837
-0.1612125
-0.051873107
0.15185641
0.07561335
0.17525421
0.39785337
0.33981672
0.3177125
0.07246149
0.17579126
-1.4901056
-0.330643
0.09711672
0.16869994
0.17393363
-0.22230603
0.4000998
0.16848919
0.12821585
-0.15754421
-0.07113625
-0.11377117
0.15102555
-0.096125975
0.1702714
-0.048790112
-0.17744684
-0.11898169
-0.044705283
0.2953248
-0.09441567
-0.12132641
-0.149213
0.23866123
0.14777909
0.3642389
-0.35726556
0.3043814
-0.30096897
-0.24032824
0.34406054
0.22617438
-0.15032016
-0.31675544
-0.29561266
0.3550004
-0.0020250974
-0.23458712
0.1865869
0.063917466
-0.032897435
-0.15559931
-0.29251656
-0.097859785
0.038413767
0.08347739
-0.045764882
-0.034455173
-0.12089126
0.18336198
0.069901034
0.036332272
0.34242344
-0.053717993
0.20297302
-0.078130335
0.25537798
0.09152849
-0.28033766
0.13441093
-0.28875473
-0.34004366
-0.011952102
-0.14834626
-0.261125
0.06995946
-0.081499144
0.22616422
0.35257313
-0.12549971
-0.046380162
-0.10695942
0.0854273
-0.049728453
-0.041517057
0.21408941
-0.20070729
-0.13160892
-0.29332817
-0.0193173
0.09424682
0.08771304
-0.1026665
0.16026048
-0.06801372
-0.25157806
-0.032260146
-0.02375241
0.10132712
-0.20050326
0.35627577
0.1452505
0.031471092
-0.2999201
0.13386023
0.18473127
0.3202949
0.20749591
0.25689265
0.19882457
-0.027165575
0.28631297
0.104380675
-0.032766663
-0.22978438
0.14491713
0.37621102
0.21916443
-0.274456
-0.074519195
-0.03976979
0.1394206
-0.3529872
-0.14853597
0.21523237
-0.27026296
-0.41811424
-0.04027241
-0.20082341
-0.027403489
-0.49971193
-0.19631876
0.13668352
0.15835263
-0.39523447
0.11017761
0.08795924
0.116415724
0.6990917
0.2910406
0.5764255
-0.34012568
0.32891744
0.39195237
0.2091332
-0.03922329
0.1625067
0.04852149
-0.3371505
-0.11025264
0.241065
1.9508363
0.30426216
0.010534421
-0.045262482
0.17168784
-1.0549713
-0.8721857
-0.18479821
-0.2506501
0.09160061
0.20139563
-0.34481654
-0.06393193
-0.40389195
0.2267991
-0.086946
0.20906772
-0.45464095
0.47043553
-0.30718943
-0.30653724
1.0436667
-0.116036355
0.23890775
0.008468427
0.18726407
-0.29393965
0.13836795
0.18284929
-0.045417726
-0.17854077
0.5146364
0.023625767
-0.2888908
0.20598035
0.123913154
-0.16405322
-0.16951679
-0.4641096
-0.28260222
0.09010586
-1.9173974
-0.13284078
0.24338783
-0.19812019
-0.026359044
-0.11837476
0.3922274
-0.074994154
0.26404494
-0.49824175
-0.1791896
-0.63933307
-2.56201
-0.13758706
0.081082135
-0.14044982
0.8333875
-0.14949994
-0.2539707
-0.01863899
0.2873379
-1.8499058
0.15039408
-2.7306888
-4.476144
-0.41690263
0.03815072
0.06599873
-1.1444309
0.21977495
0.11197941
-0.006575533
-0.16979127
0.38292855
-0.12405227
-0.07344591
-0.44864163
0.085486956
-0.08828641
0.44908878
-0.29324782
0.16446142
-0.79650164
0.25510037
-0.16232684
0.20140946
0.11997274
-0.34705862
-0.3282037
0.06621596
0.09896743
-0.31500825
-0.13905938
0.21005881
0.011333664
-0.010356111
-0.51356477
-0.5071557
-0.21229249
0.0681235
0.5058021
-0.09744498
0.030487632
-0.22591457
-0.3072857
0.15550269
-0.05179749
0.1737296
0.8466115
0.43713334
0.13484281
0.32713747
-0.36330786
-0.064953856
0.015049666
-0.08648023
-0.3860345
-0.21969539
0.09851722
-0.0413616
-0.015124172
0.106237315
0.37392092
0.33476165
-0.28154573
0.30871627
0.16214083
0.073036306
0.39595038
0.15480281
-0.8617988
-0.04977259
-0.28221473
0.24973512
-0.20801361
-0.2342571
-0.054523822
0.030864911
0.014006725
-0.04724271
0.22870836
-0.7460112
0.22321457
-0.060325637
0.20831743
-0.037382707
0.05815831
-0.33815068
0.1204021
0.09096968
0.38261956
-0.17492914
-0.38089234
-0.20490104
0.34829736
-0.117329784
0.24720734
-0.022545781
0.1787166
-0.18677686
-0.4268668
-0.11596368
-0.15846941
-0.14473549
-0.7662288
0.38560417
0.09870789
0.13233665
0.25565803
0.16409045
0.07523963
-0.24494828
-0.2678396
-0.3120129
0.2426851
0.18754338
0.40824705
-0.016925337
0.20541163
0.08122964
-0.257948
0.03975509
-0.3232653
0.23806368
-0.47026032
-5.417866
-0.031831972
-0.1757312
-0.59315926
0.34699276
0.01719994
0.40604994
-0.10579775
0.14431621
0.17580344
0.067668155
-0.3147853
0.50149965
0.4519184
0.39991635
-0.8433032
-0.058099374
-0.22469717
0.33518878
0.26724452
-0.2716868
0.14626001
-0.15203868
0.2515067
0.32455564
-0.49131536
0.19881861
-0.03957572
-0.030557238
0.110858545
-0.25430402
0.5057328
0.030638803
-0.23799832
0.111116335
-0.41407162
0.05090503
0.036590558
0.060090303
-0.33828467
0.2728567
-0.20704328
0.27699217
-0.21428102
-0.14739291
-0.13803972
-0.065637864
-0.25052637
0.23980667
0.07139051
-0.20787546
-0.7614508
-0.037067335
0.54678345
-0.22563966
-0.27785516
0.33861077
0.059424862
0.34614274
0.17686802
-0.29348826
-0.07663635
-0.19210665
-0.2426798
0.18182662
0.091804564
0.5613897
0.029312331
0.3496734
0.28569618
0.150149
-0.69463074
0.11446241
1.0320033
0.25293627
0.42759246
-0.39023736
0.11606249
-0.05262323
-0.07288131
-0.12719615
-1.1719881
-0.2732566
0.04496315
0.33048064
0.10367666
-0.0787983
-0.29406714
0.15415457
0.14660029
0.28457558
-0.51650566
-0.30168042
0.08139881
-0.13528517
-0.22364163
0.05061285
-0.14086294
0.37705833
-0.06825447
0.327103
0.20029603
0.027631152
0.054656655
-0.29518795
0.25424504
-0.030235372
-0.17948726
-0.26902795
0.13666382
0.16349757
0.2932037
0.4688367
-0.39163584
0.1405408
0.064925134
-0.23782705
0.27059165
0.25601962
-0.30710703
-0.024963867
-0.3568067
-0.050186753
0.41523445
0.017316679
0.40487438
-0.01993127
-0.24330312
0.2616407
0.024037931
-0.08625332
0.09135057
0.13082033
0.033473704
0.0062652915
-0.3377152
-0.16490358
0.20352195
-0.17826185
0.15047178
0.18263108
0.32898533
0.04090119
-0.09446135
0.027210534
0.057641722
-0.044730954
0.25630358
-0.2567132
0.121370636
-0.49118263
0.26379627
0.051278368
-0.20338708
-0.15808211
0.06301405
0.43043616
-0.01807022
-0.00031623244
-0.14967985
0.23217472
0.00026206282
0.429321
0.07627955
0.24277426
0.39012003
0.25457668
-0.25804797
0.066496566
-0.062912405
0.15289548
-0.14374423
-0.18743896
0.26896727
0.007901367
0.2920273
-0.18016125
-0.3122417
-0.07329277
-0.22910158
-0.3463012
0.306797
0.14141019
0.3254014
0.21102081
0.1162711
-0.2879117
-0.2586795
0.30799118
-0.21922284
-0.17265356
0.112958364
-0.0013409078
0.4753847
0.09486237
0.19318095
0.17827837
0.22140679
-0.10289384
0.30639225
-0.07474905
-0.049939144
-1.1369456
-0.1469881
-0.01949501
0.2829615
0.110089794
-0.18864794
-0.13867657
0.067669265
0.2591858
-0.25552753
-0.10357259
0.099910825
-0.24631983
-0.047180425
0.17321733
0.2923139
-0.3164854
-0.4684638
0.20203792
-0.0933698
0.13445531
-0.19624975
-0.009498711
0.12959796
0.050120015
-0.04198981
-0.28040016
0.147814
-0.31571063
0.08350426
0.27038494
-0.08542432
-0.29225346
0.21444547
-0.04474587
0.057761125
-0.15641072
0.14050695
0.17511138
-0.14138852
0.040014505
0.22309522
0.22145583
0.19966707
0.17738268
-0.0069880434
-0.022700794
-0.040327787
0.11399964
-0.0806594
0.14591916
-0.13788988
-0.17285818
-0.28591132
0.29200947
0.1832071
-0.04820083
-0.9227411
-0.066078365
-0.21638492
0.28586593
-0.33166987
-0.0447552
-0.15416218
-1.1232456
-0.027699891
-0.4080975
0.70577765
-0.04313392
-0.20928253
0.28214568
-0.3229626
0.0452014
-0.05608445
0.4111136
0.11627681
0.083913565
-0.06374041
0.29095858
-0.29331425
0.16369857
-0.2715749
-0.09746448
0.29287648
0.088480376
-0.3412582
0.053702492
-0.09565669
-0.4442691
0.15760748
0.31358033
-0.36088437
0.23183867
-0.15874644
-0.25032598
0.35760462
0.3567307
-0.16244029
-0.04209037
-0.38475946
-0.23989347
0.21894997
0.24436049
0.04482424
-0.33049515
0.20340468
0.27758598
-0.061183836
-0.19030777
0.1883664
-0.14777409
0.45801473
-0.17130989
-0.17572881
-0.29595938
0.29639688
-0.1789058
-0.26765186
0.19826892
0.15927424
-0.08522401
-0.38377774
-0.08867004
0.24802823
-0.19676563
0.10415539
0.23211724
0.32848948
-0.2656672
0.55772847
0.07597725
-0.16203946
-0.21959557
-0.22439973
-0.10079438
0.20931007
0.04885559
-0.15286456
0.089159235
0.30750635
-0.27893022
-0.11084759
-0.038046215
0.15541002
0.3942764
-0.14025638
0.07744063
0.19264968
0.12576336
0.23120241
-0.18213323
-0.14991006
0.083038405
-0.17592207
-0.02898136
0.20983647
-0.08166688
0.21057959
-0.23681974
0.07456611
0.12526438
0.30599546
-0.07501446
-0.2603169
-0.06600348
-0.27172256
-0.05250453
0.07943789
-0.26093498
0.1388916
-0.08381905
0.38293082
-0.1729708
-0.23002186
0.124803476
0.019084647
0.32501936
-0.28933236
-0.051756978
-0.20460758
-0.16420536
0.290092
-0.21917269
0.038697
-0.17712826
0.24280192
0.12653014
-0.053156283
0.5596599
0.21433
-0.26519513
0.10410271
0.16585639
0.08853013
0.1410381
0.2000454
-0.28152522
-0.24965006
-0.12577398
-1.6512554
-0.18962084
-0.10229345
0.031115841
0.118264236
-0.04589414
0.4488298
-0.18873818
-0.091311276
-0.11686936
0.54661137
-0.29723227
0.31603882
-0.10431978
0.30222535
0.27313522
0.64072686
-0.288772
-0.19151211
0.44464043
0.22654028
-0.18394679
-0.09395984
0.2080139
-0.07599911
-0.36739486
0.30055717
0.14684877
-0.505159
0.23816386
-0.022528058
-0.035828434
0.26096898
-0.008223628
-0.6479416
-0.12508814
-0.124188215
-0.119182244
-0.14373015
-0.638875
0.1854199
0.28199583
-0.17567511
-0.2833968
0.1616788
-0.20271288
0.1938798
-0.31108966
0.25652415
0.1956478
0.31920558
-0.08640384
0.16296485
0.13234875
-0.24276532
-0.10224082
-0.07993206
-0.030892728
0.79238224
-0.29100022
0.10713689
0.005682008
-0.06872654
-0.16172859
-0.24830678
-0.5136174
-0.02040288
0.09435806
0.21539788
-0.36233515
-0.3015235
-0.2923326
-0.8926398
-0.24260664
-0.0733788
-1.2118223
-0.056785714
-0.4022504
0.099714555
-0.19669814
-0.006352134
0.096093535
-0.36433426
0.10578472
0.06808374
-0.21083795
0.26175937
0.6988059
0.13415198
-0.2427444
-0.061897248
-0.064621665
-0.05652801
0.10355906
0.19584975
0.3460657
-0.09647319
0.00032215632
0.18801415
0.09601861
0.6291079
-0.38622358
-0.12963076
-1.1553285
-1.282344
-0.11904766
0.5927257
0.13508373
-0.030002214
-0.15604359
-0.122411
-0.46378314
0.015473366
0.1758914
-0.1366605
0.16557136
0.11752038
-0.00033175945
0.054977298
0.18894127
0.33422482
0.2603325
0.18454486
0.2777384
0.1312641
0.20023112
0.1330094
0.24055114
0.100292414
-0.080883384
0.43870032
-0.03675276
0.29279137
-0.33562917
-0.14287211
-0.061013155
0.2781219
-0.010524166
0.12239721
-0.053817093
0.07993274
-0.45977467
-0.1754923
-0.23335017
-0.1979008
0.018086703
-0.15896782
0.032210026
0.14881106
0.46870887
0.22834717
0.32923585
-0.16877782
0.25323632
-0.014208512
-0.2707858
0.10606565
0.27760464
-0.23953357
-0.11771764
0.024844684
0.10900912
0.07634246
0.07396221
-0.042334426
-0.1266393
-0.016246151
0.020949878
-0.0007532894
0.16189536
-0.21145938
-0.002877359
0.11623901
0.15821755
-0.022004554
0.2809258
0.15446086
-0.22921629
0.24286601
-0.14366919
-0.015544333
0.24249098
0.33507425
-0.17810057
-0.085683316
-0.12904146
0.33190033
-0.5947759
-1.6226424
0.34684336
0.2984286
0.4005363
0.30278555
0.06277135
-0.32435492
0.17106827
0.20722386
0.1294404
-0.17442685
-1.1117877
-0.14266211
0.03933701
-0.0610314
0.2311607
0.6181245
0.22748254
0.08525969
-0.17860267
0.32504198
0.050550915
-0.39799082
-0.16521564
0.0978192
-0.15834159
-0.35889336
-0.090500645
-0.29537356
0.08123407
-0.042535786
0.096172065
0.0024587093
-0.15576793
-0.3187892
-0.035419863
-0.20879066
-0.14950314
0.58873385
-0.21991193
0.1323193
-0.19366106
0.4543855
0.038005106
-0.2817986
-0.33377013
0.047361854
-0.573876
-0.09492023
-0.11949086
0.27504274
-0.16137311
0.06417733
0.22071896
0.41241887
0.32060274
0.15728337
-0.37033486
0.21971908
-0.1310772
0.34404474
0.04244587
0.2406539
0.14462774
0.10835841
0.32430854
0.19316375
-0.23554184
-0.13058557
0.15064542
-0.033777274
-0.022243887
0.4565238
0.2770959
0.048288606
-0.14252374
0.19503339
0.22201125
0.011723466
0.12212911
-0.4161995
-0.24423335
0.060071547
0.2411768
-0.89809716
0.0995486
0.18972996
-0.15318717
0.20716363
-0.070471875
-0.31061625
0.15396987
-0.15493563
0.06815106
0.2718796
-0.27748334
-0.19097757
-0.032844234
-0.16958478
-0.09478161
-0.20945404
-0.19532573
0.23439164
0.22769883
0.043932114
-0.28587222
-0.17751898
0.24110085
-0.29463354
0.22605851
0.2819532
0.17599419
-0.35830125
-0.022868188
-0.14885455
0.15156579
-0.3455133
-0.060277034
0.13137
0.2825992
0.0038428314
0.21751004
-0.16880405
-0.033196963
0.27115822
-0.16806534
-0.005319923
0.22296947
0.23693483
0.32157856
-0.18908253
0.27167326
0.21304762
0.012299389
-0.19838163
-0.10400286
0.20104776
0.18477075
-0.17664497
0.49493665
0.104023635
-0.13547722
0.07193516
0.2731394
0.20165901
0.023946015
-0.25539494
0.29109013
-0.111265376
-0.010988934
0.14441104
0.19435722
0.23877116
-0.164102
0.16642332
0.40452668
-0.20888053
-0.15925872
-0.13476965
-0.14618728
-0.14887471
0.046175223
0.3727391
0.2666626
0.29575056
0.3048125
-0.17910223
-0.11869096
0.21284896
0.039117903
0.23019363
-0.12021887
0.09881665
0.25709483
-0.26937497
0.022539163
-0.103801794
-0.43910924
-0.21835737
0.026175953
0.06570786
-0.13610339
0.23075764
0.30115545
-0.22410092
0.31635287
0.22803003
0.040178
-0.0095364265
0.3551514
0.30678564
0.19545972
0.014301123
-0.2681726
-0.17958497
0.044898607
0.05991948
-0.33666873
-0.012736884
-0.25930732
-0.26351607
0.15135276
0.3328474
0.078784905
-0.05158978
0.04490343
-0.17381863
-0.023062099
0.3078023
-0.17509918
-0.03040155
0.36317676
-0.2050654
-0.78872085
-0.2618181
-0.26607072
-0.08209617
-0.02793915
-0.04209278
0.14626783
-0.2699705
-0.13324963
0.08785058
-0.23067531
-0.3025758
0.328143
-0.24613099
-0.3042663
-0.28539342
-0.050559033
-0.21596308
0.0578191
0.13423465
0.022925427
0.16329676
-0.14824335
-0.34469238
-0.47988027
0.15365355
-0.031800494
-0.17033024
-0.2656056
-0.15247962
-0.27664492
0.18870363
0.018512521
-0.036835015
0.26353067
0.30622357
0.13148467
-0.13657233
0.22708268
0.07797228
-0.17116798
-0.30905214
0.22425032
0.10615578
0.36828437
0.16544887
0.30919355
0.01091077
0.104536146
0.24129716
0.3218834
-0.029371072
0.3535122
0.34531772
-0.029522765
0.20184267
-0.27922076
-0.40396738
0.345784
0.038972516
0.12210476
-0.11998558
0.23993418
0.315625
-0.06495043
-0.2594662
-0.0720784
-0.096410945
-0.020291073
0.2620188
0.34388712
0.3924842
-0.28233302
0.26860467
0.087715596
0.29993272
-0.17614779
0.21430576
0.15252142
0.15760018
-0.17688026
-0.092654355
-0.09431932
-0.14601077
0.13591172
-0.035299286
-0.22778802
-0.3413959
0.47965634
0.24955706
-0.17718399
-0.13664491
0.0062460587
-0.20629667
-0.00072664587
0.0016205945
0.08719403
-0.28395233
0.29359767
0.028718743
-0.30828652
0.30838168
0.3212214
-0.1485706
-0.15867801
0.0045724544
-0.12670156
0.10150083
-0.07303038
-0.34336272
0.15242107
0.24263375
0.13422352
-0.0066764974
-0.029253101
0.11847885
0.032359723
0.15184495
-0.14019358
-0.21520041
-0.14865497
0.13085434
0.1959461
-0.13938215
0.17562994
0.30519632
0.050838344
-0.21561436
-0.10577301
0.24966535
-0.007377945
-0.23233835
-0.27412733
0.0645215
0.1307179
-0.08511076
0.27490014
-0.026843304
0.08642085
-0.20820312
-0.1504947
-0.0798814
0.25533038
0.4194425
0.03956479
0.19723375
-0.11194014
-0.16690186
-0.27984092
0.15796953
-0.01671829
-0.44597882
0.16316447
-0.21655738
0.1527525
0.09763761
-0.2701059
0.28324032
-0.27137193
-0.026817022
-0.31582785
-0.3488375
-0.052223008
0.25394562
0.0885244
-0.0013649698
-0.031919826
-0.15939124
-0.12736295
0.07275031
0.18828197
0.22709061
-0.058569767
0.053292673
-0.1332517
-0.22115926
0.18532409
0.023210753
-0.3131828
0.004743637
0.0045995917
0.08794756
-0.07366334
-0.101101264
0.28847614
-0.12316056
0.056869213
-0.31494817
0.080312304
-0.09972163
0.10129011
0.08564966
0.037738033
-0.06501548
0.25201836
-0.018239072
-0.29409692
0.101362444
0.0067031807
0.23426384
-0.007628231
-0.09878879
0.19077288
0.019741273
0.24753186
-0.03414254
0.11403849
-0.0023304522
-0.035372645
-0.32977253
0.23602907
-1.0267606
-0.12566525
-0.22050786
-0.18799877
-0.64166373
0.11526666
-0.08590515
0.0359709
0.7939801
0.18884209
-0.1907679
-0.15360796
0.32900682
-0.23668438
-0.18710701
-0.11041123
0.0328522
0.018115247
0.42055306
-0.0012055625
0.030715007
-0.20918566
0.010585119
-0.015728401
-0.045189887
0.07385354
0.08371541
-0.13079351
-0.08083411
-0.14424583
-0.15410186
0.20571649
-0.06613629
0.18674617
0.053825073
0.064614795
0.19656463
0.13168505
-0.21008441
-0.075413875
0.04922068
-0.2821254
0.31268504
-0.279066
0.23159194
0.5976381
0.0005244425
-0.2565199
0.17776659
-0.111532494
0.3241678
0.05011193
-0.31261846
0.13338098
0.008341261
-0.14293307
-0.29702213
0.34384674
0.19858004
-0.13301343
0.085857175
-0.24540202
-0.096870035
0.90965277
-0.08433472
-0.50789285
0.21468513
0.18364221
0.108914055
-0.014622927
0.14062673
-0.72161394
-0.20875724
-0.027186126
-0.27718404
-1.5799426
-0.056785606
0.07847856
0.30557504
-0.17365961
0.08406488
0.058612134
0.10325237
-0.17745832
-0.30772254
-0.20410393
0.0053650117
-0.32639176
-0.38060826
0.3817226
0.0014287233
-0.010407267
0.19021252
-0.0704768
-0.32969248
-0.3757118
0.5200983
0.13464111
0.106659465
-0.084115945
-0.2881327
-0.03446626
0.10300914
-0.006678416
-0.22673438
-0.099765584
-0.050645463
0.10123266
-0.17176804
-0.20852073
-0.10792735
-0.06751001
-0.31998998
0.4887685
-0.06126592
0.31980768
0.34447795
0.021873623
-0.14509143
-0.23359206
-0.08426745
-0.056734055
-0.16802557
0.36510742
0.21848719
-0.18244979
-0.25665668
-0.32181057
-0.2549016
0.16254659
0.22961703
-0.13073544
-0.22228241
-0.12616986
0.80544317
-0.17123327
-1.413902
0.551201
-0.24458276
0.45100445
-0.19774535
0.0030228286
0.030875709
-0.052569784
-0.32748508
0.30144942
0.18064752
-0.17011069
-0.013263345
-0.30897886
0.21930999
-0.08967838
0.2610739
0.058278155
-0.098044686
0.11552853
0.08615411
-0.355208
-2.083233
-0.15321559
0.03188909
-0.11437826
0.20640318
-0.21527162
0.08872863
-0.23469159
-0.23521599
-0.20558263
0.19735304
-0.24031515
-0.06294942
0.16351146
-0.33893663
0.10270132
0.0041184006
0.20763697
-0.2604732
0.19016796
0.116351165
-0.32582358
0.088921435
-0.03136487
0.11949226
-0.5390123
0.29511246
-0.12191896
0.24182864
-0.1477116
-0.046967357
0.3077671
-0.012964735
-0.026275624
0.044472158
-0.20866755
-0.07941707
-0.46071777
-0.095477566
0.1139062
-0.19569297
0.2688262
-0.048318185
0.21787937
-0.26099065
-0.13293475
0.34623367
0.07069942
0.41751334
-0.34123173
0.08283998
-0.084825255
-0.1045285
0.21329984
0.3194854
-0.14227971
-0.20699811
-0.1897667
-1.1196783
0.39357597
0.59581244
-0.091389544
-0.33788475
0.2626768
0.009678713
0.24106173
0.3466006
-0.21143338
0.09050538
0.14543432
0.30859083
-0.24543539
-0.14178674
-0.3173361
-0.09112534
0.09867285
0.094043
0.24659303
-0.32700524
0.013547003
-0.038216624
-0.11542741
0.25195882
0.15347436
0.117336154
-0.08009252
0.14205565
-0.20744061
-0.05291417
-0.09922076
-0.441654
0.31299397
0.015638238
-0.33896756
0.1850498
0.20304888
0.0047446843
-0.2794902
0.1729124
-0.3146051
0.1327563
0.0057274974
-0.67731786
0.14378054
-0.07713412
-0.23581338
-0.3359166
-0.11494534
0.18705043
0.03390102
-0.00046376407
-0.24752358
-0.025925368
0.02870065
-0.29547808
0.29705796
-0.14970332
-0.36456382
0.10143964
0.04556692
0.004560267
0.37209883
0.2655921
-0.25676703
-0.062814526
-0.15808037
0.24340847
0.052437004
-0.3130542
0.0013591262
0.006366588
0.08216711
0.32830787
-0.06907703
-0.14960878
-0.15089072
0.13358745
0.13812828
-0.11384833
-0.18773916
0.02611091
-0.34181863
0.023702659
-0.17270935
-0.23978493
0.027944269
-0.21118136
0.25619626
0.3095083
-0.12738425
0.20115039
0.2775566
-0.13687447
0.19056717
-0.25059852
-0.3339548
0.24068533
0.0016961055
-0.28234443
-0.4178709
0.3749286
-0.053207874
0.10688815
-0.0012381751
0.55602723
-0.39236963
0.35393286
0.07084277
0.29605547
-0.1700303
0.10829065
0.28821564
-0.21745391
-0.2360701
-0.5542613
-0.25931206
-0.07873032
-0.06178852
-0.04322132
0.016677009
-0.23762132
0.071890414
-0.092033766
0.03760471
-0.12480319
-0.39861616
0.14847606
-0.12690412
0.069732554
0.21046524
0.08880134
-0.25657362
-0.062318783
-0.06522135
-0.059941173
0.0027635433
-0.020607512
0.18302909
0.17515397
-0.18751591
0.51307094
0.34238535
-0.2720476
-0.10968761
0.25128013
0.4104144
0.16700135
0.14068446
-0.09821914
0.30046043
-0.1484922
0.110459976
0.31004864
-0.33024615
0.20221388
-0.12978697
-0.19157559
0.17764413
0.017797515
0.1526137
-0.5188805
-0.061584596
-0.17679515
-0.048514076
0.2361205
0.092294365
0.26472673
0.32601896
0.26078522
0.4629616
0.010491299
0.32099134
-0.18047066
-0.30261284
-0.20875818
-0.14753866
-0.022936491
0.01801162
-0.030044919
-0.11678488
-0.12872148
-0.031601198
0.10473724
-0.021026254
-0.042441495
0.035389036
-0.17748724
0.08833149
-0.23651566
-0.008412852
0.07115809
0.06245813
-0.31497616
0.142834
0.29808933
-0.30675888
-0.06732201
-0.1858715
0.1601654
-0.020811757
0.015185199
0.16808034
-0.26928228
-0.29092914
-0.18650803
-0.32940185
0.035019156
-0.029581675
-0.1153787
0.20848757
0.17912573
-0.24814202
-0.11997387
0.077282704
0.19058189
-0.029810997
0.27905574
-0.29574877
0.0614367
-0.17391731
0.2731635
-0.3193905
-0.028203985
0.21033281
-0.305479
-0.3297306
-0.36562082
0.051473178
0.15861858
-0.19165252
0.0054931142
0.0714016
0.08130014
0.06631974
0.21204214
0.07784551
0.086855814
0.5751811
0.027730538
-0.47772944
0.08851097
-0.19436042
0.12664056
0.3794909
0.2384321
-0.045346852
-0.10661687
-0.06296271
-0.2852765
-0.10768346
0.33162558
-0.33714327
-0.253689
0.07046735
0.11235962
-0.043052923
-0.22202843
-0.029245343
-0.09276852
-0.1433575
-0.40798756
-0.20075032
-0.09069653
0.055114362
-0.30076075
-0.08248471
-0.40975314
-0.20722064
0.09498072
0.3567335
0.12058269
-0.27034792
0.14638314
0.05357036
-0.19793732
0.26617378
0.0075655715
-0.09514732
0.22534482
-0.30930743
0.17786582
0.10260613
-0.22757405
0.11139951
0.21532388
0.4302285
-0.16829383
-0.0037510884
-0.33536586
0.002778628
-0.05407958
-0.122201614
-0.275335
-0.24575193
-0.17511521
0.17236622
0.07118039
0.2836614
0.2551331
0.08327279
0.084847175
0.2744945
-0.0020009829
-0.20329829
0.070266046
0.2521544
0.120265104
0.10935644
0.30524
0.2131444
0.12473647
0.3271178
-0.25448126
0.26782694
-0.27224818
0.14838485
-0.13439436
-0.10863356
0.15640557
-0.27839
0.14504261
-0.29245767
-0.09613496
0.23821355
-0.10782494
0.29265863
-0.20138653
-0.18118696
0.34276512
0.08016974
0.24623492
-0.18908677
-0.32796708
-0.30965576
-0.24311826
-0.18799387
-0.046060123
0.24849741
0.27721533
-0.039092813
-0.23451322
0.17220655
-0.029513448
-0.15162975
-0.071263224
-0.35454196
0.19181679
-0.022808343
0.29873106
-0.057370484
-0.3094069
-0.044925634
-0.06596466
-0.19270149
0.10983444
0.26857895
-0.23353717
-0.19191232
0.12692522
-0.21303792
-0.29992586
-0.089914486
0.1825553
-0.20931758
0.096927635
-0.10331841
-0.30165735
-0.33957148
0.30748597
0.19190334
0.06977043
0.3348952
-0.041286383
-0.104754396
-0.22730732
0.15578143
-0.12805031
0.1989643
0.30237985
-0.04901728
-0.32587853
-0.23653704
-0.2080939
-0.45557955
0.062623024
-0.14375933
-0.33247426
0.2701847
0.23885494
-0.6161862
0.15642655
0.0015092902
-0.22381747
0.06905213
0.26530617
0.098246545
0.29263365
-0.1807383
0.59548527
-0.06146376
0.18673621
0.3381156
-0.28397056
0.13849683
-0.051141385
-0.018947393
0.041295048
0.14133249
0.10473071
-0.21158433
0.002198476
-0.06657821
-0.31097433
-0.007460326
-0.037343822
-0.034940563
0.29704198
-0.20041032
0.103967965
0.25549975
0.2322061
0.1707859
0.38498762
0.11341268
-0.06918962
-0.13521789
-0.08988134
0.13022429
0.24340826
0.18785055
-0.35874927
0.18001826
0.26535052
-0.23104598
0.27497602
0.074618615
0.22473878
-0.021446884
0.20462482
0.11901042
0.06789209
-0.0094829155
-0.10878916
-0.13687572
-0.33291906
-0.012788019
-0.26595333
-0.004886957
0.010401186
-0.55244225
-0.148336
0.21673882
0.10361844
0.030990986
-0.37886438
-0.05226194
0.000701794
-0.04647909
-0.31491715
-0.014732401
-0.10752461
-0.34599525
0.21252587
0.2535923
-1.3755467
-0.23786508
0.105536416
-0.07024882
0.2032261
0.03757724
-0.15239224
-0.13693382
0.25386125
0.27616367
-0.03958797
0.28989017
0.30360746
-0.19755164
0.072401345
0.12500142
-0.29774135
0.063553296
0.23816228
0.11638539
-0.37073815
-0.23880997
-0.08924235
0.15227157
-0.33500335
0.32545742
-0.0046637366
0.15283939
0.14081088
0.01781925
-0.014275339
-0.014602602
-0.2951721
-0.050445113
0.10959262
0.34368426
-1.9757313
0.27648938
0.35176703
-0.105128564
-0.12079431
0.03444599
-0.102026284
0.067019425
0.17668399
-0.25623164
-0.036090348
-0.24669267
0.26843408
-0.20790406
-0.007706791
0.24801743
0.21036367
0.13099511
-0.2080102
-0.46845147
-0.16766615
-0.54847395
-0.07999998
-0.06714242
0.010918425
0.09679131
0.1764625
0.07545794
0.089464396
-0.19003035
0.35527253
0.05457282
-0.1954018
0.17152631
-0.08915159
0.2546804
0.1329009
0.023060927
0.022561172
-0.2015626
-0.33527827
0.24372435
0.051336113
-0.045515597
0.08441708
0.24793226
-0.10724533
0.14822152
-0.04507202
-0.14119041
0.045817435
-0.1670457
-0.275361
0.20134726
-0.03344184
0.038911514
-0.19450666
0.14451352
-0.18862697
-0.21469207
0.051873572
-0.2712723
-0.18623006
-0.14284195
0.34288353
0.23428039
0.049163017
-0.09995654
-0.032181747
0.005279881
-0.11766467
0.27624428
0.48452878
-0.20250103
-0.14185338
-0.2422026
-0.05632628
0.024860295
-0.12904534
0.25090483
-0.3039325
-0.19326341
0.027579261
-0.55370295
0.5347378
-0.23238169
-0.20751297
0.31655014
-0.035398114
-0.24340594
0.05879828
0.056653094
-0.078535676
-0.090684615
-0.17633738
0.3135047
-0.20856397
0.056418188
0.4267685
0.5594097
-0.2128847
-0.21795347
-0.053418368
-0.27963543
-0.09476
0.041226022
-0.2034742
-0.08710337
-0.30086055
0.099609934
-0.23486486
-0.10883029
0.09730419
-0.16632834
0.041885737
0.013800326
-0.42356232
-0.28487682
-0.34257498
-0.04421431
-0.07370136
0.03697713
0.05409492
0.11192883
-0.3399182
0.089295805
-0.07274007
-0.23538378
0.050097845
-0.6071152
0.14366642
0.054750487
-0.05959037
0.16804777
0.62261766
0.14819463
-0.06528026
0.15422691
-0.1372992
0.21706916
-0.16201966
-0.0053388625
0.0661519
-0.12374973
0.05651166
-0.05959419
0.2971093
-0.12911533
0.23609255
0.09465576
0.0145478705
-0.3351011
0.3101176
-0.26062137
0.033459246
0.25610644
0.12351101
-0.3303461
0.11573453
0.11322328
0.15287508
-1.1709666
0.08697419
-0.088869065
0.12978274
0.110550374
-0.097829185
-0.07255148
-0.20124921
-0.3648414
0.11636982
-0.17526406
0.2146545
-0.14802176
0.33570945
-0.16589071
-0.020132009
-0.18851796
-0.14234573
-0.12179004
-0.15118076
0.2613221
0.07995519
0.11365892
0.15701008
0.49671885
0.34280175
-0.0029421998
0.30194506
0.07984861
0.31850427
-0.29247123
0.1699357
0.24128348
0.32356498
-0.104450084
0.2533644
0.04791847
-0.19101502
-0.025637703
0.32515186
0.11732843
-0.33904952
-0.3457296
0.013917714
0.15726832
0.10116865
-0.2150873
-0.2113832
-0.04298073
0.18561718
-0.15762065
0.18524075
-0.030104477
0.019278107
0.62055576
0.03622239
-0.0059091263
0.045190748
0.18966153
-0.12005692
-0.0153526105
0.071826756
-0.20421319
-0.11334776
-0.16736701
0.071113445
-0.2758606
-0.09694878
-0.3152318
-0.18653119
0.2230547
0.085748665
0.35796392
-0.19901304
-0.19690798
0.0188414
0.11702982
-0.23543347
-0.29157063
-0.21898933
-0.006683382
-0.10379043
0.31780472
0.08057523
-0.12567002
-0.08908737
-0.18209726
-0.23441671
-0.110926844
0.1622974
0.2271205
-0.12821104
-0.050146364
0.12635186
0.020037865
0.11108185
-0.05584433
-0.080746815
-0.03035617
-0.16240038
0.25076777
0.021228082
-0.04647402
0.09129307
0.24492751
0.01700244
0.06501758
-0.14950445
-0.25152498
-0.0076612537
-0.17877021
0.11124383
0.2806943
-0.24251655
0.2183906
0.2944721
-0.3524921
-0.012976068
-0.14563523
-0.1281221
-0.13419572
0.18528478
-0.3342149
-0.2519968
0.17708105
-0.2712631
-0.2013304
-0.26753882
0.24444152
-0.36876878
0.23030235
0.07697725
-0.18777801
0.22731195
-0.22606269
0.13449977
0.23779649
0.2054639
0.07966713
-0.5045694
0.13862202
-0.07199877
-0.25160965
0.17977732
0.2761773
0.2601767
-0.22907212
0.22242172
0.065735556
0.26168334
-0.0185135
0.020504724
-0.23653589
0.14718981
0.24930547
0.08412007
-0.0038317705
-0.08490286
-0.26795784
0.140394
0.028910711
0.16653723
-0.12716778
0.0109592825
-0.17901672
0.19648649
0.2998994
0.21168591
-0.014121175
0.1302356
-0.18419673
0.3366682
-0.39549807
-0.009122987
0.07845453
0.056249257
0.017427778
-0.0068054544
0.16753289
-0.17594852
0.12265039
-0.09005783
-0.043517757
-0.08649691
0.043905195
-0.14510877
-0.29266942
0.1435254
0.20422718
-0.30240014
-0.0068739657
0.3047316
0.24053831
-0.037828878
-0.4203306
0.004031938
-0.35037133
-0.0016420782
0.08512102
0.05439933
0.0099201575
-0.44831702
-0.26332414
-0.23874511
-0.089575775
0.17424183
-0.09186476
-0.017760474
-0.24761133
0.27939826
0.21976925
-0.07259706
-0.06824612
-0.011773956
-0.19266011
-0.04759157
0.27552506
-0.21586311
0.26232764
-0.03990039
0.047440693
-0.024183229
0.13830963
-0.02716784
0.14187807
-0.40422657
-0.085855015
-0.30695325
-0.082027465
0.09902051
0.2306127
-0.089448415
-0.17181937
0.0617835
0.18386178
0.265681
0.12207651
-0.14544573
0.469587
-0.6517642
-0.105968185
0.26692036
-0.2453536
0.3227757
-0.22984073
0.21367955
0.17983359
0.058896367
0.19763608
-0.19047019
-0.19478063
-0.17276247
0.24735086
-0.14171895
-1.039014
-0.16176942
-0.53935426
-0.6987038
-0.16474943
0.35654536
-0.32058123
0.44644704
0.2929224
-0.23724288
-0.13199131
0.20392306
0.077939115
-0.17181748
0.373374
-0.06967397
-0.2997045
-0.32923785
-0.16278186
-0.1071419
0.01440577
0.14971124
-0.06855956
0.3466162
-0.030102607
-0.15830374
-0.3934612
0.23146895
-0.14218636
0.046579763
-0.11575437
0.3452056
-0.08255199
-0.23633026
0.075855196
0.39522648
-0.31728446
-0.01985842
-0.22382613
0.113201074
-0.012823199
0.22211258
-0.2658627
-0.10247318
-0.020907639
-0.28323442
-0.091024235
-0.12727706
0.09327671
0.14267215
-0.21415828
-0.35366175
-0.07304487
-0.24451035
-0.19009463
0.34735447
0.17536162
-0.27138537
0.48752588
-0.037438102
0.19802302
-0.23830679
0.33581296
0.21275622
0.26866436
-0.24415594
-0.14167471
-0.19906627
-0.5247204
-0.058394134
0.12843381
-0.041255645
0.37155747
0.2227605
0.34714857
0.104323156
-0.46865866
0.32997766
0.25929677
0.09798461
-0.18041791
-0.1947231
-0.054098677
0.005945208
0.14613809
-0.31253442
-0.2860023
0.094162226
-0.85550886
-0.3056529
0.22613975
0.35303485
0.13327031
0.15000266
-0.08879401
0.11357657
-0.14094658
0.06436229
-0.023716569
0.22282277
0.27495995
0.06156306
0.36798373
-0.31458047
0.35677183
-0.31022364
-0.18492973
0.17596458
0.12441236
-0.17174087
0.24326141
-0.23862894
0.24323219
-0.3039812
0.011840981
0.21908508
0.2639751
0.2832461
0.27185008
-0.26319432
0.24717076
-0.47935882
0.105563045
0.23969841
0.07244931
0.013034683
0.03165081
-0.17945608
-0.008385149
0.092717886
0.237359
-0.061200097
-0.012671734
-0.017720548
0.29187897
-0.7083713
0.33740598
0.2126069
0.2154008
0.067334846
0.014717586
0.16383573
0.07843378
0.17105304
-0.29481927
0.24221182
-0.18511854
0.3301887
-0.10514433
-0.07892144
-0.009827434
-0.008015099
0.15924749
0.15288849
0.18990237
0.34109962
0.20472042
-0.04028821
0.16782814
-0.23579597
-0.17840217
-0.25944653
-0.29477963
-0.20681699
0.10932958
-0.214694
-0.048025787
0.021446884
-0.38819724
-0.036351573
0.18581446
0.22276539
-0.2682725
-0.033668276
0.2322599
0.31906214
-0.3518392
-0.098513395
0.001798045
0.20856087
0.03569346
-0.17576133
0.01137409
-0.15862255
0.044374794
0.07499114
0.2121119
0.15286808
0.04404896
-0.0046794116
0.2101477
-0.12148893
-0.14688022
0.123512425
0.08880148
0.09591961
0.13633108
-0.2392687
-0.06888524
-0.8207317
-0.02887975
-0.10168217
-0.111263774
-0.29926518
0.037611276
0.21478388
-0.012223168
-0.10062948
0.26403615
-0.07277773
0.10338796
0.084946826
-0.022188803
-0.14964806
-0.0974711
0.39133644
-0.121472955
-0.02722302
-0.26675028
0.21110594
0.16791607
0.038820673
0.082664855
0.25268283
0.08023023
0.12928174
-1.3975598
-0.11521918
-0.3398357
-0.18526457
-0.060753617
-0.16443577
-0.1751177
-0.31586173
-0.051288694
-0.19292694
-0.17591372
-0.22412276
-0.25482452
0.029546618
-0.709872
-0.35583055
0.27772695
0.27907002
0.23259872
-0.0030116877
0.27375668
0.01880713
-0.062032267
-0.2536993
0.054574065
0.34685254
-0.0130912755
-0.26909977
-0.07587428
0.08134561
0.20616978
-0.021500666
0.43087375
0.2126852
0.08578737
-0.32295036
-0.030394934
0.0588023
0.29275116
-0.05047578
-0.104157366
-0.27543974
0.06330817
0.36248103
0.3011863
0.2221432
0.23569202
0.2401811
-0.3173233
-0.120354876
-0.101663955
-0.24299043
-0.017719142
-0.10828294
-0.0129384175
0.15574305
-0.1407766
-1.0034022
-0.39820394
0.2577386
-0.23058535
-0.04873845
-0.12693088
0.062355697
-0.34269455
0.21355285
0.15579975
-0.3022031
0.25333217
-0.018563965
-0.09450106
0.09760995
0.27053633
0.15981844
0.366554
-0.21071248
0.3733377
-0.0024479926
0.13615006
0.2350036
-0.22853717
-0.1519038
-0.15468901
-0.14186384
0.12720907
-0.23962766
-0.21108672
-0.38570917
-0.30284575
-0.1983136
-0.14267889
0.304357
-0.2862605
-0.2905873
0.2671505
-0.0018222927
-0.1617428
0.22957772
-0.13361903
0.2624742
-0.3660942
0.11993744
-0.14422828
-0.32010475
-0.26573655
0.25082913
0.14050275
-0.19660205
-0.13721113
-0.08352057
0.1282017
-0.0012495816
-0.24675615
-0.31390342
0.0190076
0.059620623
0.22630394
-0.20007254
0.25853765
0.30095235
0.0018904245
-0.011531819
0.16084492
0.11938886
-0.32826665
-0.08022867
-0.118146144
-1.1502316
-0.21760404
0.07861741
0.12495772
0.07361162
0.066534385
-0.040585846
0.0761864
-0.11256466
-0.30173722
-0.19124381
0.3345473
0.24465129
0.019342754
-0.0820363
-0.13742584
0.04049188
-0.39751983
-0.32025206
0.121295646
0.050658464
0.23335817
0.15926777
-0.18303905
-0.18936077
0.074298136
0.25402632
-0.06344693
-0.3561684
-0.16880126
-0.069832675
0.03632952
-0.03017896
-0.08848395
-0.13777508
0.0082831085
0.0019781282
0.120042875
0.14896378
0.11262139
0.09047178
0.24370259
-0.11473377
0.39426285
0.1731798
-0.38689113
0.0005888381
-0.3259652
0.26810622
0.32307276
-0.13116957
0.21260957
0.0049369093
0.0019766733
-0.14899157
0.1771547
0.006120738
-0.08970714
-0.3065543
-0.15741251
0.23539808
0.32453927
0.2646966
-0.28581056
0.018025022
-0.31184214
-0.042894054
0.08726198
0.13321023
-0.05979838
0.13310263
0.1680628
-0.026073365
0.1597073
-0.36151096
-0.0098994505
0.18322843
0.12933514
-0.040545773
0.25305608
-0.2337657
0.3062018
-0.13854416
0.34453243
-0.04699556
0.37877995
0.066127814
0.0910043
0.11301034
0.0977534
0.16998984
0.13565423
-0.10504778
0.04145851
-0.11650868
0.07562124
0.29662025
-0.09639229
-0.23160888
0.33201417
0.020939646
-0.00670662
-0.06404615
0.06889658
0.15573615
0.23051703
0.09605299
0.13696194
-0.19984616
0.051794183
0.17567962
-0.21375644
-0.16166534
-0.086814635
-0.2113951
-0.12760185
0.075396806
-0.007586308
0.33229256
-0.15911402
-0.13748261
0.2905264
0.31138042
0.24181245
-0.07623881
-0.32289404
0.04304111
-0.008642188
0.004787956
-0.12926695
0.35643336
0.019106802
0.24176039
0.19815339
0.06451001
0.14043732
-0.21997061
0.031944968
-0.093168214
0.25888994
-0.05089438
-0.41435623
-0.3307838
0.1601091
-0.22370332
-0.24843548
-0.12375428
-0.17297739
0.13834731
0.009143188
-0.017149804
0.0555994
0.13698234
0.18691325
-0.25153038
-0.042754225
-0.08605955
0.05229792
-0.34997582
0.01223803
0.28971484
0.08653721
-0.29282692
-0.0538858
0.18660498
0.24356632
-0.25761205
-0.14972013
-0.24886428
0.1167647
-0.19712842
-0.19997834
-0.18402645
0.2014401
-0.4525816
0.24613295
0.23423544
0.14951988
-0.14469257
-0.15576921
0.021499671
0.20957848
-0.19674803
0.058333017
0.32557353
0.26231983
-0.3067578
-0.30849802
0.20871338
-0.2916073
-0.19468474
-0.21742263
-0.1835673
-0.37592697
-0.20827074
0.24856591
0.13543308
-0.041618004
-0.33657956
-0.32534605
0.15208781
0.08217953
0.1180037
-0.24597226
-0.11281964
-0.37063724
-0.002302297
-0.08661265
-0.2116833
-0.3285556
-0.2166545
-0.23017465
0.0069226297
-0.10688023
-0.055376522
-0.06319512
-0.14274906
0.12282948
0.02527614
0.0810609
0.082539156
-0.35024786
-0.25739142
0.01249143
-0.12155932
-0.12250997
0.3084249
0.22477776
-0.159701
-0.16510838
0.0010260112
0.29151767
-0.3784078
-0.28252003
-0.015591379
0.15408534
0.3456742
-0.17548838
0.09714598
-0.32175562
-0.18637902
-0.2931202
-0.30942518
0.23251493
0.1969043
0.2947308
0.2018606
-0.30143493
-0.19983184
-0.7110642
-0.36941567
0.17974333
-0.10992177
0.03321605
0.07894223
0.30101112
-0.1812617
-0.07992549
0.1722052
0.040608536
-0.08428116
0.017876346
0.03829989
-0.27931404
0.17304714
-0.15237848
-0.2526984
0.19199806
-0.16930607
-0.40383586
-0.02672349
0.3844309
0.30730173
0.18227492
-0.1741101
0.13707107
0.01242693
-0.0989139
-0.089163385
0.25368536
-0.35798016
0.037932634
0.15546092
-0.1020766
-0.32025495
-0.0034210747
0.2028355
0.022232756
0.30963358
0.06625161
-0.123366445
-0.29759812
0.10543615
0.2268337
0.24350648
0.40316272
-0.062269196
-0.1663806
-0.27745152
-0.17875962
-0.1840143
0.24443384
0.268501
0.38958544
0.07481069
0.073380254
-0.19135405
0.19518378
-0.010909608
-1.2691067
0.06423098
0.052399546
-0.07768169
0.19877476
0.24671614
-0.46935767
-0.075071484
-0.00426387
0.53957105
0.05421326
0.25556058
0.056154642
-0.046991933
-0.093179144
-0.2610664
0.011293342
-2.0224621
-0.28041315
0.06294496
-0.19441272
-0.3212187
-0.53447586
0.19036531
0.14019483
0.31269854
0.10456092
-0.14240095
-0.043933805
0.17761391
0.020181676
0.3293718
-0.096561715
0.44709164
0.24095154
-0.018982619
0.19252765
-0.059174653
-0.26821357
0.28610572
-0.26626685
-0.14708866
0.17328046
-0.020255117
-0.06235838
-0.03962762
-0.24026635
-0.13976128
0.04631434
-0.037831552
0.012582554
-0.17231433
-0.029176975
0.0516068
0.21114403
0.022395939
0.18594858
-0.121650934
0.13329263
1.3942528
-0.2638249
-0.14314744
0.25845978
-0.2779872
0.03079122
0.12732598
-0.06650387
0.2804271
-0.14794873
-0.035859916
0.16057168
2.2675946
-0.054866143
0.1079945
-0.24942169
0.032244533
0.1493172
0.035440918
-0.16361694
-0.1966758
0.08062232
-0.012698739
-0.27172172
0.16317424
0.33665642
0.088473484
0.24545005
0.06624198
-0.20874241
0.1562535
-0.3356496
0.21218811
-0.27066678
0.22964676
0.1588595
0.11820459
-0.11509089
0.10936727
0.29934645
-0.24217394
-0.098196864
0.09694351
-0.0062196557
0.062292907
-0.118264176
0.02318722
0.013858073
0.1441727
-0.2281261
0.32717815
-0.03638801
0.3149241
-0.16120803
-0.34961897
0.1950367
0.025570067
-0.30753314
-0.25431427
-0.0068633384
0.27311197
0.07656566
-0.32249126
0.20447099
-0.4601485
0.098583795
-0.051876415
0.61595213
-0.18491668
-0.23817022
0.14338799
0.29146498
0.17975797
0.012669265
-0.05616058
0.050506357
-0.2959543
-0.23398699
0.5965612
0.14195427
0.039154932
0.08035869
0.4970566
0.04433377
0.19945924
-0.13234225
-0.22618067
0.45778346
0.15070416
0.21523695
0.12899181
-0.23333876
-0.23899207
-0.019393947
0.2531277
0.033771724
-0.2945558
0.19593346
0.12060044
-0.39365086
0.05204689
-0.18886198
0.15050577
0.00791316
0.107322924
0.05523207
0.28944215
-0.213812
0.12544832
0.08819456
-0.16256832
0.124754764
0.27484137
0.11833231
-0.12051401
-0.21567142
-0.25977707
-0.03055778
-0.09346029
0.0033987681
-0.065293424
-0.29459694
0.22892852
0.036713194
0.18039592
0.10939326
0.06772369
-0.24554703
0.09846553
0.0938565
-0.28108948
0.0075716586
-0.16301039
0.10962788
0.2188627
0.21701294
0.13119525
-0.319276
-0.01842527
-0.29796377
0.18375412
0.0074656983
-0.0868225
0.14202744
0.24202418
-0.1308864
0.08608231
-0.13408373
-0.29222977
0.10883872
0.115263976
0.15812318
-0.09106002
-0.12104687
-0.2750353
0.28872627
-0.13653088
-0.03891151
-0.11247447
0.31053075
0.3460757
-0.0046990314
-0.1003951
0.29371506
0.028286712
-0.12352043
-0.11659309
-0.26381484
0.1368963
-0.37087867
0.30131668
0.14149737
-0.06882825
0.27741894
0.12372916
0.062408227
-0.16079238
0.09615562
0.03186048
-0.30761343
0.043630242
-0.14191508
0.068042785
-0.09944224
0.028936408
0.19747926
0.011750056
0.013246658
-0.21236409
0.10524188
0.23187177
0.3337642
-0.23228928
0.25912577
0.17741138
0.25468257
-0.018482335
0.05767859
-0.012976553
0.13891065
0.22597256
0.12785253
0.09769122
0.01048316
0.07221331
0.09631688
-0.13973959
0.02199557
-0.5548573
0.004485283
0.3065265
0.30413043
-0.2462214
-0.15502197
-0.03125848
0.27958757
-0.052028358
-0.011805832
0.18353282
0.3398906
0.2771228
0.2911347
-0.10899413
-0.19333865
-0.089106694
0.20222902
0.36726025
0.16395032
-0.22010364
-0.04025243
0.12503658
0.1453368
-0.23053853
0.021269565
-0.1260576
0.07606491
-0.32413968
-0.314195
-0.32355973
-0.08765491
-0.08891269
-0.2273679
0.002805633
0.25114465
-0.20235103
-0.019982763
0.030283805
-0.11055916
0.028374344
-0.17533873
0.25508174
-0.23739913
0.27894765
0.14996496
0.20247231
0.3407629
-0.32006168
-0.12555942
-0.09763124
-0.036641546
0.2661222
-0.33911017
0.015520931
0.08401352
0.19518039
-0.076169804
-0.13949457
0.2509505
0.29206172
0.16561943
0.05654152
0.0020663503
-0.07933412
-0.18877506
0.15096366
-0.025416207
0.17131299
-0.36829546
0.0261645
0.026563166
0.1748844
-0.20819278
0.0076809665
0.14994018
-0.2263847
0.060013115
-0.13980313
0.035193842
0.02352282
-0.21521018
-0.0469483
0.14195627
-0.040993653
0.116592646
-0.26492298
0.14697286
0.14398368
-0.3014701
0.20417258
0.22817945
0.02033642
0.03281743
0.10111296
0.06468812
-0.26910102
-0.0769154
0.15635464
0.17492278
-0.15315133
0.050710127
0.07535935
-0.27292323
0.035862368
0.27902493
0.05868205
-0.096228756
-0.024251945
0.08860727
-0.16418684
0.08829002
-0.029606836
0.21254644
0.18618046
0.32159415
0.010918465
-0.04982707
-0.33713922
0.32738927
-0.28658092
-0.03871837
0.028758837
-0.06106571
0.16430515
0.04405025
0.032556403
-0.21714468
-0.3104531
-0.07057765
0.3319659
0.13319404
0.034236114
0.30419892
-0.1677058
-0.0641989
0.21039394
-0.24460357
0.18536049
-0.023041785
-0.07554903
0.00083440624
0.12612072
0.1998478
-0.42804897
-0.017156702
0.17251325
-0.06803848
0.15582627
-0.095657565
-0.06382373
0.30971628
0.18452616
-0.34492314
0.14754494
-0.06855854
-0.27770796
0.3055016
-0.077215165
0.28726053
-0.1306454
0.087349884
0.14897469
-0.09568688
-0.23827063
-0.07004385
-0.2515098
0.13540444
0.010815722
0.00766807
-0.22427665
0.06660905
0.2214101
0.12820017
-0.2517947
0.20157397
-0.17196627
-0.035473056
0.026494877
0.06453268
0.009406272
0.25024942
0.15522844
-0.402291
0.20346856
-0.10586028
0.08288839
0.366379
-0.27911252
0.15084213
0.16224614
0.18243037
0.0012520176
-0.14078607
0.22139414
-0.114389434
-0.06228686
-0.049335804
0.23271553
0.20234363
-0.16884413
0.29094094
-0.16932838
-0.29827634
-0.13042887
-0.3290897
0.13731092
-0.11676373
-0.18170679
-0.034062453
-0.015584735
-0.20921259
0.14499374
-0.15389764
0.09067625
-0.21050118
0.057989903
-0.12245948
0.27860075
-0.36581975
-0.06466392
-0.047297284
0.08798276
0.035321064
0.1521435
0.06061069
0.1590849
0.10867488
-0.17351893
-0.14670734
-0.08241224
-0.06645331
-0.1850594
0.06986274
0.28753322
-0.24597289
0.0627106
0.23495229
-0.2578709
-0.033719134
0.23243196
-0.2663949
0.030556772
-0.08500946
-0.34520513
-0.24329008
0.14276932
0.4664088
0.052185386
0.012588239
-0.035009637
0.2201501
-0.22292852
0.26435682
-0.107283615
0.13550004
-0.06340025
-0.1383355
0.06695922
0.19609267
-0.09579904
0.32325822
0.30489233
-0.23760058
0.0756334
-0.10106486
0.0047059334
0.06877394
0.034172356
0.28221714
-0.38415745
-0.08754213
-0.29513788
-0.18565425
-0.027970243
0.055599105
-0.18662457
-0.25295448
-0.07552628
-0.09081953
-0.0997788
-0.27391776
0.025099957
-0.13730423
-0.065955
0.03956636
0.27639347
-0.0041312575
0.23789302
-0.025699804
0.1714979
0.27046704
0.24040344
0.18700981
0.08178062
0.15144202
-0.29395303
-0.34521762
0.29979834
0.043843035
-0.26878673
-0.0045996117
-0.29659307
-0.21878411
-0.061263192
-0.16238976
-0.17891149
-0.080015935
-0.11857817
0.010669082
-0.2600709
0.3346346
-0.08576249
0.030105215
-0.20159526
-0.37458774
-0.014959804
0.20791629
-0.555153
-0.27182263
0.08519498
0.4356069
-0.11173731
0.19033188
0.39580452
-0.16982162
-0.45230484
-0.20159549
0.31615505
-0.21285787
0.029252777
0.20809916
-0.7240312
-0.32434297
-0.24573715
0.11278063
-1.1725882
0.09076186
0.38942176
0.008216979
0.031455696
0.0686492
-0.40626022
0.095493704
0.42976174
0.19634095
0.096441336
0.31158277
-0.24194723
-0.16180936
0.49588922
0.5265636
0.106041186
-0.11886366
0.16078739
0.26333472
-0.5246033
0.16016307
0.06867343
0.18859263
-0.17647845
0.40942332
-0.34818265
0.17280024
0.01387211
-0.094181925
0.0032014293
0.22747976
-0.22112069
-0.07177156
0.14298128
0.06384004
0.28168535
-0.08271498
0.11809532
-0.1813516
0.24503925
0.06177925
-0.089469805
0.018250704
0.30240792
0.13413486
0.12817241
-0.4434522
-0.20608442
0.1231488
-0.37715545
-0.05178898
0.12618154
0.45722625
0.028701723
0.57230365
0.27266228
0.27523288
-0.39944893
-0.16024101
-0.22314051
-0.04408036
-1.7741358
0.014460066
-0.22790948
0.055551954
0.0101874275
-0.3112597
0.84364647
-0.10922697
0.20386195
0.010908723
-0.12114319
0.33643666
-0.097653426
0.06717136
0.3277219
0.18637878
0.15658975
0.16249017
0.166125
-0.22534557
-0.13672483
-0.36999407
-0.14448884
-0.53760904
0.27692294
0.18019308
0.23236834
-0.24048513
-0.17775698
0.24304673
0.33551717
-0.021291526
0.49101785
-0.31313807
0.22554787
0.0057621896
-0.26201728
0.13285975
0.204227
0.2606685
-0.4293996
-0.06988771
0.30386212
-0.038577218
0.21909928
0.1350621
-0.06690528
-0.28079328
-0.15231548
-0.2708791
-0.25533658
-0.34388924
-0.059402056
-0.08765104
0.29158926
-0.09698255
0.15544266
0.0027635694
0.31939384
-0.1787045
-0.15030581
-0.20136687
0.060702533
0.12585038
-0.31248894
0.08119104
-0.36284745
0.08218968
-0.12848902
0.23625304
0.21062854
0.21016064
-0.11786547
0.26776183
0.1462121
0.1404355
-0.438745
0.11899757
0.13503441
0.1263319
-0.14784688
-0.04286958
0.092645384
0.20095177
-0.07903312
-0.11406408
0.27422777
0.18256105
0.31336504
-0.21122493
-0.23627242
-0.0909307
0.27874497
-0.17041901
0.24898714
0.11614058
0.21290475
0.08097455
0.01715738
0.04692491
-0.03624448
0.15335327
0.2718848
-0.21204895
0.16907662
-0.23366264
-0.12010731
0.17200568
0.29863474
0.3141954
0.05156818
0.0899828
-0.0032871962
0.054001305
-0.17757696
-0.4178658
-0.27625513
-0.13588117
-0.03707036
0.10078721
0.32761598
0.31364173
-0.15340869
0.37240544
-0.027978435
-0.02962207
-0.10834397
0.2194464
-0.1069276
-0.11155498
0.066121966
-0.4480179
0.37097955
-0.1633394
0.0409083
0.40924612
0.11049868
0.029420793
0.09771606
0.08197965
-0.04926545
0.20747851
0.2870507
-0.013208718
0.07711519
0.13660635
-0.31465465
0.096618235
0.32169822
-0.14377014
0.28990394
-0.051375642
0.18501909
0.24736615
-0.035436567
0.085216366
0.16775912
0.3350542
0.48378336
0.06465657
-0.058014166
0.2956801
0.08044212
-0.13530537
0.29567134
-0.2508865
0.33460918
-0.16011497
-0.109682135
0.030969094
-0.3465996
-0.0051453183
-0.25466487
-0.31866893
0.077678986
-0.23291369
-0.26207465
0.0069745183
0.03298396
-0.05122718
-0.19671857
0.15780798
-0.20413963
-0.19536239
0.07307631
0.20003954
0.24201217
-0.22006384
0.10168776
0.37450382
0.31971827
-0.22818887
0.10944261
-0.08913416
-0.3276762
-0.14957301
0.10143016
0.16093074
-0.1373418
-0.10817489
0.049858138
-0.19733381
-0.11874026
-0.10595434
-0.045156945
-0.18774618
0.056270264
-0.16246256
-0.10602525
0.019384176
-0.15533908
0.03991711
0.1249472
-0.32288757
-0.27503967
-0.2656332
-0.3325601
0.021125156
0.085287355
-0.11723729
0.3019662
0.021260887
0.3160508
-0.014433623
-0.0066722976
-0.2845829
0.11182015
-0.25360185
0.23508821
-0.2085105
-0.086940676
-0.1652205
0.100727916
-0.0021827116
-0.05275479
0.20834713
-0.0071838773
0.089197
-0.23534673
-0.011107819
0.05832423
0.1976903
-0.018127322
0.09962964
0.2564279
0.11989994
-0.015797172
-0.06715401
0.011287384
0.14733878
-0.110536635
0.15083803
0.1766875
0.089814745
-0.23368588
-0.3369467
-0.16964959
0.05926029
-0.24617316
0.17090915
0.18910119
-0.06598321
-0.23534597
0.36437517
0.22967218
-0.017675659
-0.24592587
0.13304481
-0.28679523
-0.11897728
-0.11909567
0.010413526
0.114630155
0.03474296
-0.053987987
-0.1806811
0.0043567396
-0.11743237
0.02777804
0.071308896
-0.26920202
-0.2989295
0.08390181
-0.09522995
0.06633561
-0.11579436
-0.16098648
-0.19045563
0.11872664
0.31506452
0.0011515551
0.29464045
0.16126205
-0.36585292
0.07458699
0.04813233
-0.007897884
0.23615664
0.13288102
0.32393634
0.030364532
0.098089196
-0.13416193
0.093962505
0.07725589
-0.28108215
0.10212649
0.24867715
-0.038436722
0.35192767
0.21552807
-0.003539283
-0.22086294
-0.13279538
-0.13953458
-0.17075014
-0.2556431
-0.03012053
0.13435431
0.026006036
-0.11934794
0.23954925
0.08024817
0.110200405
-0.018952986
-0.33442274
-0.14817868
-0.1142123
0.095628045
-0.3301614
0.34524024
0.0109782815
0.23108278
0.21308365
0.08785968
0.02393642
0.28167167
-0.037838116
0.3498939
-0.34651414
-0.12343198
-0.21230373
0.14480011
0.25590426
0.3270835
-0.17412196
0.16413334
0.2449668
0.21901608
0.11661881
0.15439987
-0.05561955
-0.02077493
0.14295883
-0.23696864
0.15648896
0.34713402
-0.07134037
-0.18331362
0.35051817
0.1978183
-0.07840148
0.1704908
-0.15018612
-0.06205157
0.0705296
-0.27004236
0.2593336
0.14048377
0.17063534
0.29308185
0.25776199
-0.15910333
0.3439031
-0.19976877
-0.09270507
-0.16082455
-0.01640954
0.04509074
0.12122907
-0.29502124
0.04767058
0.3105539
-0.11018831
0.03730035
-0.15699716
0.31327742
-0.28688413
0.16756323
0.0010351791
-0.16431396
0.1847741
-0.024904696
0.12904273
-0.07344356
-0.012839734
0.118029855
-0.0180956
0.081802145
-0.2851386
0.026974108
0.24897222
-0.14216973
-0.17357051
0.26412728
0.118437916
-0.13184455
0.23360987
-0.07810329
-0.24689521
-0.22393113
0.3024323
0.040565338
0.35816246
-0.3418001
0.2590453
-0.31338218
-0.5681394
-0.033693545
-0.14831169
0.05375397
-0.020251768
0.026599795
-0.1976907
-0.061533708
0.38490212
0.25082254
0.07958299
-0.11354656
-0.13137117
-0.20145161
-0.069504954
-0.11737356
-0.029325707
0.072421595
-0.21624494
0.13096762
0.10642634
0.17682926
-0.08321246
0.056778036
0.19652393
-0.31158355
0.07946099
-0.16340491
0.30353087
0.14828065
-0.2403932
-0.07345284
0.017358987
-0.33395186
-0.121559754
-0.079673976
-0.19038907
0.13915093
-0.2163009
-0.29356432
-0.037750944
-0.39411232
-0.3046143
-0.05769557
-0.1672332
0.054904073
0.31942916
0.22614269
0.15853362
0.20617285
-0.12855725
0.25018787
0.286786
-0.20377798
0.12680766
-0.213397
-0.029458266
-0.0884135
0.10486762
0.2101723
0.23628838
-0.26599643
0.19808531
0.25591633
-0.27697694
-0.005097896
-0.24050945
0.2582782
-0.07400911
0.17817098
-0.05619541
-0.23466967
-0.28598654
0.24288186
0.31475645
0.062397517
-0.033330552
-0.013406868
-0.22205728
0.23220925
0.24458553
-0.20562151
-0.010766337
0.060857005
-0.14235842
0.1691047
0.29110926
-0.15863563
-0.35082158
0.02072581
-0.09898865
-0.26017076
-0.33355272
0.01054225
0.34504992
0.12314427
-0.034836818
0.23605722
0.052476432
0.031532474
0.37045008
-0.10868842
-0.29319382
-0.043065064
0.036842108
0.14003605
-0.43554255
-0.191638
-0.2014505
0.15426776
-0.28282064
0.2124146
-0.22486445
0.10176988
-0.16530642
0.07648983
-0.4930474
-0.20219588
-0.24603204
-0.12471415
-0.18047206
-0.08863443
-0.06579216
0.09551109
0.027218934
-0.18751621
-0.313764
-0.1621165
-0.31822968
0.52456474
-0.15039194
-0.0661383
0.08575746
0.23959936
-0.14501622
0.17125769
-0.1080518
-0.040851273
-0.2095481
0.5278518
0.29766753
-0.18390821
-0.11274018
-0.40139967
0.06860842
-0.12935056
0.041283946
0.034758598
-0.1960161
-0.23412497
0.19743203
-0.4664035
0.15451491
0.07122564
0.1803574
-0.2146389
-0.16787039
0.052504044
0.0066577164
-0.2549391
0.11800633
0.13970812
0.17275648
-0.14237346
-0.11507706
-0.08796589
-0.30352855
0.21703275
0.13814859
-0.42286956
0.06483285
0.04808999
-0.39064834
0.06841567
0.40010878
-0.30155146
-0.057214163
0.13407513
0.053813525
-0.12077605
0.3067591
0.3150628
-0.23248942
-0.4874792
0.3378964
-0.099661276
-1.0838697
0.2816523
0.37286022
-0.13591889
-0.22160977
-0.14683333
-0.19152252
0.06901553
0.25291756
0.16558032
-0.2079212
-0.22983594
0.56635153
0.14530249
0.10249971
-0.24638757
-0.14838877
-0.18576054
0.07115275
-0.67879176
-0.087140694
0.11331528
0.22166151
-0.6215021
0.20968866
-0.042905193
-0.09516126
0.008535832
-0.9913237
-0.35370234
-0.047510646
-0.22752069
-0.5622117
0.096279934
-0.09067703
0.0564443
0.36556974
0.551168
-0.104969785
0.0012698576
0.1051242
0.029238008
0.29357964
0.13679884
0.06858275
0.22588661
0.18732668
0.027725862
0.02747935
0.26059186
0.21038218
0.081468396
0.3865656
-0.3406212
0.18114895
0.18185431
-0.12813295
-0.046955615
0.13102682
0.17358708
0.08378851
-0.0361339
-0.1663739
0.025773713
0.16903052
0.10683055
0.10730242
0.18376142
0.23399697
0.21345401
0.3403169
0.035929
-0.0017538988
-0.09336279
-0.027128462
0.109860085
-0.09829542
0.47936904
-0.19237329
0.009763834
0.10677047
0.19115736
0.21604711
0.0075007323
0.09287865
-0.21821721
0.3029595
-0.105814844
-0.2738889
-0.24282788
-0.260649
0.27553046
0.011942061
-0.23338537
0.3268055
0.30307838
-0.026898326
-0.0051396727
-0.2934575
0.034479626
0.17608887
-0.07611084
0.107229255
0.63913894
-0.35498178
0.11784855
0.09753127
0.021227688
0.30841425
0.32132247
-0.05981543
-0.038656708
0.034820136
0.07037312
-0.20555893
-0.2910561
-0.07420044
-0.05454054
0.14294751
0.25076163
0.05301637
-0.20403235
-0.34488392
-0.13000648
-0.06264619
0.22676279
-0.13474007
0.05370572
-0.123038806
-0.058458015
0.2705532
-0.0014253865
0.082776345
0.22767416
0.100176714
0.011362515
0.05955739
0.004410378
-0.027288055
-0.2877601
-0.101843126
0.23291434
0.010132808
-1.092373
0.113137156
0.1381519
0.013359285
-0.2289137
0.014290741
-0.02688659
-0.29140592
-0.39590853
0.24839687
0.15107185
-0.18730766
0.094891146
-0.120107695
0.22079158
0.2240297
0.059299354
-0.062093515
-0.052783195
-0.18587711
-0.12933347
-0.27172324
0.1499629
0.00037931235
-0.11700726
0.08264332
0.2816341
0.13693826
0.14711446
-0.003178107
-0.27813977
-0.33133826
-0.22682744
-0.17505912
0.19769585
0.044584528
0.024269253
0.07130711
-0.36107072
0.12755735
0.05611045
-0.10088482
-0.06088843
-0.1427733
0.16583946
0.15528773
0.34459502
-0.057920977
-0.19836538
0.21111569
0.15962733
0.30376017
-0.28791574
-0.2621477
-0.0074630827
0.12342778
-0.038239185
-0.0051104063
-0.33549637
0.057379026
-0.16587082
-0.10293045
-0.015315757
-0.12979844
0.32525748
-0.20286742
0.17454642
-0.14281194
-0.08926693
-0.17775792
0.30113015
-0.029969295
-0.6414202
-0.07021406
-0.14659688
0.08535203
0.35750228
0.086370856
-0.21246359
0.07329104
0.4193989
0.28719676
0.22373599
-0.071240254
-0.048678666
0.17932805
-0.0354679
0.0033250528
-0.19229674
-0.12619244
0.094967134
-0.03809395
-0.30855647
0.13689144
-0.02821854
-0.112120755
0.2275852
0.19918182
-0.15607795
0.16275342
-0.25479847
-0.018085554
-0.10023307
-0.21826743
0.020653537
-0.1019984
-0.04790102
-0.11418246
-0.26957384
-0.13358997
-0.0036511014
-0.16388838
0.29383796
-0.20902641
-0.12551646
0.040844865
0.39831623
0.2872679
0.3566252
0.23950629
-0.31250876
0.021297485
-0.014676646
0.015722806
-0.2284117
0.050320882
-0.14782244
0.08490844
-0.33456972
0.06946457
0.04097266
0.16337422
-0.30925784
0.09528716
-0.3628287
-0.25802442
-0.08774444
-0.08611464
-0.22120604
0.2961669
-0.09232424
-0.14492126
-0.22162469
0.006327994
0.07257487
-0.20351654
0.037068807
0.28629726
0.055093396
0.16000344
0.2673568
0.6097803
0.19814435
0.24230373
-0.15441835
0.12447641
-0.29074582
0.37872657
0.18551372
0.058999304
-0.22907247
-0.11486733
-0.085514925
-0.19438541
-0.27173108
-0.06639361
0.044932786
0.28783903
-0.021527937
0.056904174
0.27419773
-0.051293183
0.1841708
0.19261402
0.1558525
-0.27416077
-0.081268564
-0.10427263
0.34968507
-0.12016134
-0.3241067
0.13410564
-0.041771907
-0.50040746
-0.33387515
-0.039168835
0.21331142
0.0040523675
0.3094837
-0.17760329
-0.0039649634
-0.32090563
0.12528989
0.2723209
0.15821171
0.19838846
-0.037272047
0.22078998
-0.053533595
0.30450064
-0.06452551
-0.17921057
-0.20347042
-0.27258626
-0.25737277
0.028620541
-0.32342455
-0.04024089
0.15952823
-0.01728796
-0.32994875
0.33385432
-0.07088097
0.2079528
0.054661497
0.19470505
-0.12413205
-0.3595331
-0.19771904
0.15125558
0.22853771
-0.054783504
-0.28829312
-0.23742267
-0.051842194
0.2310165
0.33740547
-0.27747068
0.23042881
-0.22920461
-0.09853839
-0.030536633
-0.051107172
0.010978641
0.22336431
-0.013844117
0.029708337
-0.36197454
-0.3509566
0.17035255
-0.0634101
0.109327585
0.21497029
0.12676914
-0.08336052
0.15741758
0.19216116
0.01921573
0.028582616
-0.14553848
-0.010111793
0.10459492
-0.32241076
0.17280152
-0.0027263253
-0.1184794
0.060256734
-0.17834362
0.036998127
-0.25082564
-0.2520842
0.22842433
0.28291637
0.1971219
0.13185653
0.08098937
0.027210161
-0.11508476
0.012471984
0.36294296
-0.22516449
-0.04346054
-0.2988742
0.26675168
0.19288112
-0.09103068
-0.17668933
-0.09548618
0.26110572
-0.05936671
0.23730229
-0.12974684
-0.13059661
-0.061743002
0.12211496
0.34414667
0.20128831
0.2862757
-0.22794284
-0.10539613
-0.0738826
0.08324267
-0.34037825
-0.36552063
-0.029862879
0.13651884
-0.07908992
0.12861428
0.043830197
0.14135076
0.2424686
0.07990052
-0.020435767
-0.37743694
0.19934021
-0.26170406
-0.111889936
0.1659289
0.119036034
0.25821868
0.10732607
0.2168551
-0.1778888
0.23062135
0.24799788
0.17059135
0.1533674
0.10589406
-0.19340181
0.16156639
0.13992985
0.10857486
-0.1981562
-0.100188985
-0.29102793
0.16794047
0.04845407
0.3366838
0.09028155
0.18715885
0.0065400833
0.23641758
-0.025408767
0.13974766
0.06325946
0.084283434
0.121983945
-0.37454748
-0.19512364
-0.123681396
-0.28251565
0.004562814
0.19917956
0.12892774
0.03146284
-0.15356071
-0.29321563
0.19432257
0.24148107
0.25444624
-0.36732805
0.039759755
0.18575537
0.06645689
-0.23712288
-0.08901063
0.18561241
0.28887624
0.20245494
-0.16120473
0.07684709
-0.19470169
0.043779362
0.20414685
-0.29344454
-0.23769687
-0.14647675
-0.10806975
-0.19657117
-0.16904905
0.08350094
-0.049783126
-0.024150152
0.13002509
-0.31320056
0.09421616
0.05260069
0.08120047
-0.055566512
0.0
0.021500682
0.028217297
-0.045808397
-0.012921321
-0.00499986
0.019807348
0.0059290063
0.034855146
-0.15398885
0.059528615
0.0
0.121119544
-0.06578104
-0.009780982
-0.0815686
-0.038769387
0.0
-0.020562548
-0.051763825
0.065251134
-0.029626362
-0.01156007
0.0032562339
0.0076561105
0.02082871
0.013682594
0.07180148
-0.03141715
-0.019075677
0.000817957
0.014688484
9.641625e-05
-0.08829897
-0.0026145447
0.12581268
-0.014238437
-0.037353445
0.052836183
0.028239168
0.03046027
-0.06309908
-0.08426147
-0.10021995
0.06145883
-0.06616669
-0.0031056013
0.106759176
-0.051782332
-0.016572785
0.01942182
0.012319168
0.000864595
0.006063261
0.059734527
-0.010319583
0.0
0.07101866
0.0097518
0.01612218
0.057009738
-0.046729017
0.028787492
0.015619608
0.01574862
0.0
-0.065961
0.011720351
0.14771034
-0.047969326
0.17834167
-0.049723398
-0.008288522
-0.083129406
0.021745991
-0.07447266
-0.035156965
0.0
0.04971651
-0.041167155
-0.03247704
-0.032698378
-0.08146483
-0.048923057
0.0
0.0022478881
0.019381903
0.022630442
0.025557036
-0.09066259
0.076340854
-0.005349239
-0.01020485
-0.047015738
0.01355888
0.017711582
-0.005557517
-0.021016479
0.034723748
-0.048974626
-0.024439327
0.0876961
0.0
-0.02621559
-0.009573702
-0.040006664
0.03438646
-0.019444603
-0.16267534
-0.003723634
-0.08994728
0.008118056
0.096051335
-0.009244657
-0.047318283
0.32200763
0.015475955
0.13943073
0.20941597
-0.1280114
0.0644941
-0.07971271
0.024076916
-0.092008926
0.13384542
0.42470917
0.07609789
0.047133613
-0.19323501
-0.51548797
0.06498738
-0.04628314
-0.17368782
-0.19075061
0.1014974
0.14367437
-0.04929421
0.16225564
-0.06162328
0.065685034
0.12643209
-0.18104981
-0.090656206
0.1288781
-0.04636399
0.117476
0.084057316
0.06043491
0.18714304
-0.23549873
0.060562734
0.0912352
-0.14508054
-0.13827597
0.10837082
0.29587978
-0.1101872
-0.22475688
-0.15321259
0.14438893
-0.0923587
-0.11841036
-0.22412416
-0.34632984
-0.2990299
0.072396025
0.071728915
0.12614144
-0.1320298
-0.036255214
0.049988713
0.01584538
0.15478182
0.30975917
-0.21485282
-0.09849498
0.0055176914
-0.15614864
0.023272999
0.10000621
0.11235956
-0.23072039
0.19051923
0.033566337
-0.06112889
-0.051236898
-0.07602355
-0.40444535
0.19637069
-0.28099868
-0.43353808
0.34844145
-0.09200617
-0.35287586
0.14277264
0.1494507
-0.052818943
-0.048831403
-0.12175407
-0.121204294
-0.16416113
-0.14854732
-0.1575273
-0.018004432
0.012119681
0.1782074
0.1263127
0.07759251
0.1711431
-0.009874479
0.23956169
0.019175367
-0.10278345
-0.15890564
0.016986614
0.058121596
-0.13351667
-0.12464708
0.11770715
-0.10583457
0.12543313
-0.5424703
0.1946587
0.0925452
-0.08840019
0.070003405
-0.101472326
-0.21838754
-0.3357198
0.14208065
-0.27691972
0.2515637
0.5287479
-0.09482665
-0.11148751
-0.47866568
-0.11576946
0.039373156
