81
2
80
1
relu
line
1
0
0.08415705
-0.006716182
0.054591656
0.063713744
-0.13434458
0.1887861
0.04625379
0.029245786
-0.12765406
0.18148728
-0.28314844
0.11775168
-0.0017077625
0.034791186
0.22881877
0.065975964
-0.09170162
-0.093820944
-0.13028124
0.06481714
-0.067106344
0.10947221
0.07214317
0.18274546
0.021725893
-0.017756078
0.04451585
0.030928532
-0.36436987
0.06198871
0.009009252
0.09339009
0.024037968
0.09027959
-0.044674844
0.0053460244
-0.19370416
-0.25878224
0.16115302
-0.06971605
0.22041447
0.012328974
-0.030323667
-0.046017945
0.0013352145
0.26101923
0.11798358
0.03410533
-0.1934249
-0.09681791
-0.021333573
0.2544994
-0.11505544
0.03448461
-0.22831142
-0.19383973
-0.05767882
-0.017582864
-0.11084029
-0.18914628
-0.09820549
-0.105632156
0.26563743
0.096704245
0.58384776
-0.11208881
0.014768826
0.11006523
0.051735073
0.15786757
0.20439592
0.15352547
-0.0014589593
0.06559315
-0.11504728
0.069077164
0.09985224
0.10858858
-0.080946095
0.00025560881
0.14490221
-0.0956086
-0.24882932
-0.22850043
0.061267406
-0.07972895
0.266605
-0.004877423
-0.065391935
-0.29546136
0.029017894
0.12174608
-0.05830273
0.15928403
0.037280202
-0.08944327
-0.11143979
0.20876634
0.16516207
-0.0015392833
-0.06686369
-0.19721761
-0.17644659
0.13646667
0.25832957
-0.025849033
-0.07920921
0.04274992
0.3575731
0.17376548
-0.24671666
0.013158365
-0.08968987
-0.01938492
0.052309416
-0.043477975
-0.2260692
-0.20884466
0.24540068
0.07081203
0.06944853
0.0027449168
-0.3653061
-0.20606142
-0.008883026
0.22534388
0.116427585
-0.24082881
-0.08525358
-0.14563482
-0.12294046
0.08878419
0.09904426
0.22055016
0.03958437
0.2874284
-0.12582663
-0.1714795
0.009408894
-0.13410553
0.17270179
0.14454609
-0.26293173
-0.07226542
0.010327319
0.07461427
0.09823106
-0.18907401
0.17661938
-0.17852978
-0.11040846
-0.18498683
0.064890735
-0.08921853
0.07509764
-0.04590675
-0.061336122
-0.19192223
0.01905216
-0.062144842
-0.15778743
-0.05658062
0.19211645
0.09229439
0.06625524
0.039767846
-0.22283193
-0.18299401
0.054660987
-0.10750136
-0.059082523
0.22734326
-0.18988355
0.023834111
0.17119932
-0.09906184
-0.11809806
-0.08978534
0.23953211
-0.16044192
0.2051907
-0.23009413
0.1635885
-0.18477924
-0.12854545
0.08347918
0.025316145
0.14640276
0.17022993
-0.22200388
0.07413767
-0.1623424
0.16189018
0.14998639
-0.18581405
0.19621016
0.11925489
-0.14407414
-0.14476925
-0.055229645
0.2011534
-0.028078932
-0.16469367
-0.2705825
-0.087993406
-0.23005837
-0.17494479
-0.15252177
0.20385394
0.007112953
-0.24217288
0.27444583
-0.010971218
-0.2586434
0.28997737
0.028096482
-0.06742662
0.08061442
0.01583363
-0.038515896
0.077962846
0.18386182
-0.13147862
-0.104785934
-0.05847765
-0.03482849
0.15085569
0.08349425
-0.011287183
0.143024
0.0016894337
0.058240443
-0.13515265
0.16544913
-0.0421155
0.19152306
-0.129193
0.050317585
-0.079855576
0.1660779
0.20195363
-0.075044304
-0.25334993
0.17686927
-0.09854086
-0.2273489
0.104416944
-0.06978594
-0.17169802
0.014613994
0.17464186
0.22298805
0.040164232
0.06760418
0.16438475
0.254033
-0.2007761
0.06548059
-0.10331179
0.039279327
0.2720318
-0.06406992
-0.2034125
-0.0009106667
-0.17768559
-0.26930678
0.0535262
0.20420015
-0.3017766
-0.15337318
0.09232563
-0.3120897
0.03307313
0.00089542335
-0.20018436
-0.09873398
0.22065848
-0.14266683
0.081014454
-0.17416938
0.028478941
0.15062799
0.100437865
0.14099106
-0.055935472
0.089760095
0.1788338
-0.073301405
-0.005735325
0.13833983
-0.12525561
0.10404478
-0.24449252
0.23166516
-0.08112386
0.16692282
-0.107825
0.15654236
-0.23370475
-0.08845037
0.087587394
-0.15685287
0.020875534
0.17310679
-0.25520098
-0.18365726
0.15031749
-0.23986231
-0.21393451
0.1946897
-0.19575517
-0.25815925
-0.15999046
-0.16075528
0.042841077
0.047721498
-0.043232556
-0.16579598
0.11404935
-0.19549854
0.032231953
-0.09000636
0.22524877
0.030239353
0.10274744
-0.04318511
-0.27368635
0.105445705
0.13876252
0.16860914
0.13358988
0.018900866
0.20917416
0.041784715
-0.15930223
0.11539957
0.04164247
-0.23765695
0.19824989
0.13792135
0.070553385
0.07090762
0.06272864
0.25441986
0.10859313
-0.16902764
0.10167692
-0.0147286095
-0.011263563
-0.098958805
-0.2563589
0.0069811624
-0.16983365
-0.08796473
0.25843614
0.25942704
-0.26971883
0.15119743
0.14158773
-0.639421
0.20746623
-0.21597166
0.10210157
-0.20461303
0.24251997
0.22446887
0.014602093
-0.10918541
0.0037093956
0.086583525
0.03642712
-0.1302299
-0.1831146
-0.21310762
0.05976576
0.21565437
0.13958725
0.057507396
0.073656976
-0.017746836
0.19317922
-0.0255865
-0.15933166
-0.20719075
0.108873434
-0.051425666
-0.08056767
-0.025035823
-0.24183185
0.22691333
-0.08620511
-0.26269585
-0.16129237
0.013939487
0.05331531
0.05121233
-0.16163974
0.043395847
-0.24589396
-0.2583764
0.18271127
-0.0052731265
-0.24598064
-0.078193106
-0.16145696
0.27178454
-0.06700287
0.07540563
0.036679443
0.013902974
0.15500021
0.03038801
0.0057718456
0.14338711
-0.14639433
-0.22333217
0.12988737
-0.05340521
-0.07689526
-0.05931256
-0.12855017
0.032003492
0.08558324
0.047106672
-0.28094083
0.124132976
-0.0013232616
-0.12486169
-0.1809473
-0.24244797
0.084100515
-0.0010041961
-0.02845984
-0.175166
0.106086075
0.14431864
-0.10941462
0.13203609
-0.056429982
0.026909662
0.16907667
0.1819159
0.124979384
0.058978617
0.19984765
-0.30935833
-0.21182208
-0.14190222
-0.21938933
-0.13582893
0.23516752
0.23633598
0.050866846
-0.2885814
-0.11269881
-0.06946349
-0.20406123
0.20064121
-0.097989485
-0.023067966
-0.15941593
0.1245566
-0.09287569
0.05563858
0.007959571
0.123462975
-0.14738463
-0.10469472
-0.26624587
0.03841168
-0.31668377
0.0399707
0.08991773
0.10158132
0.080900505
0.22849064
0.1134584
-0.22248095
0.053709455
0.13184582
0.020294188
-0.07560803
-0.011859043
0.00039524861
-0.24230938
-0.10557066
-0.07673303
0.14368115
0.013131798
-0.06139751
0.053837888
0.20204413
0.052008063
0.25620118
0.076815784
0.004856503
0.17986304
-0.21746883
-0.09333907
0.32612774
0.14537422
-0.0073941904
0.010030538
-0.14634265
0.3220026
0.31663755
-0.112012655
0.110650495
0.23069927
0.054757774
-0.09270408
0.023975916
0.090614736
0.16426812
-0.14452526
0.04323147
0.14630985
-0.21317609
0.023772359
-0.4556957
-0.14230712
-0.036199164
0.17115606
0.09442103
-0.10578561
-0.092472255
-0.052045304
0.17232788
-0.107204236
-0.11525449
0.14146549
-0.017894994
-0.021796854
-0.018579137
-0.13139068
0.07891062
0.021783633
-0.091935515
-0.044112246
-0.18416116
-0.11420379
-0.26705
0.2593629
-0.03174509
0.025286842
0.2321853
0.07219658
0.04865225
-0.0800326
-0.17725389
0.019568468
-0.226831
-0.2166413
0.06084131
-0.16498768
-0.17045766
-0.118115075
0.030382276
0.066853546
-0.2359633
-0.2180221
-0.32658532
-0.124657504
0.085245565
0.11696118
-0.1695518
-0.007363742
0.08907664
0.098926455
-0.21354018
0.036037646
0.15682979
-0.13977276
-0.124205954
-0.27038583
0.09979529
0.21179377
-0.14407414
0.21719225
-0.18336408
0.050063908
-0.15699345
0.034221917
-0.13496366
-0.22734217
-0.01272187
-0.031047847
-0.27450135
0.1679675
0.122957855
-0.009870934
-0.05703664
0.258615
0.06628975
0.24459259
0.11983577
-0.062418267
0.01675585
-0.015717162
-0.23567742
-0.17751683
-0.02478445
0.04717035
0.10155511
0.20974837
-0.13375929
-0.085890114
0.05263454
-0.035369962
0.2194498
-0.22010843
0.13766846
0.17527242
0.044957142
-0.12546183
-0.086434186
-0.45576385
0.062538
0.23518342
0.25358653
0.24944386
-0.010308385
-0.242487
0.20419851
-0.24319157
0.20337868
-0.069484375
-0.0040744436
-0.15276316
0.0034440872
-0.18177453
0.029479139
-0.16056836
-0.21694027
0.14141819
0.24826631
-0.18965328
0.26841092
0.20020351
0.27045497
0.20105019
0.22093749
-0.13876247
0.2632709
0.21628967
-0.17963327
-0.1968233
0.177362
-0.07767699
0.2357817
0.11938007
-0.052983433
0.25744843
0.11060942
-0.1871663
0.07054048
-0.20405634
-0.08616789
-0.08973135
0.21308222
0.07383626
-0.20509242
-0.20418268
-0.17173532
-0.16245958
0.009952533
-0.2503487
0.24826494
0.06333199
0.008859217
0.044560857
-0.05412822
-0.25014275
0.02786725
0.09545713
-0.15613866
0.17864594
-0.110212624
-0.0019392131
-0.18255717
-0.21246186
-0.15012974
0.057376422
-0.20648637
0.26055062
0.027988859
-0.22401354
0.17409015
0.033184994
-0.07564074
0.19288187
0.17532843
0.15842704
0.19330017
-0.11735147
-0.19152972
0.22253768
-0.18374819
0.11973916
-0.042309195
0.07812498
-0.12637131
0.17769083
-0.10950975
-0.20314644
0.20064394
-0.084338054
0.03695987
-0.11601186
-0.11331833
-0.13564028
-0.1253038
0.15281959
0.19772467
0.11157193
-0.10258374
-0.05052253
0.048191667
0.23558418
-0.1561971
0.035105523
-0.21060428
-0.25357738
-0.037870508
-0.07868394
0.1158507
-0.14280835
-0.14497246
0.11219189
-0.5364324
-0.23333518
-0.07494341
-0.09529328
0.12937477
0.19631413
-0.0012719602
0.0041481513
0.1436919
-0.106398895
-0.17533036
-0.08330356
0.18222006
-0.040788382
-0.026808707
0.25667834
0.1026778
-0.27759165
-0.18180923
0.038743034
0.16121364
-0.04763925
0.07207569
-0.035194382
-0.27736056
-0.05699289
-0.16476913
0.09203544
-0.26255894
0.10709256
-0.0053960835
-0.27000645
0.05425336
-0.13895464
-0.22158113
-0.24072441
-0.04906988
-0.03619208
0.067738175
0.10853231
0.024915602
-0.07138733
0.046838075
0.27068132
-0.11354755
-0.17815624
-0.098967835
0.21191703
0.19922403
0.019600254
-0.006083101
0.15090352
-0.07259707
0.07644364
0.08647898
0.0031372253
0.182589
-0.10089037
0.03361393
0.12273815
-0.23579024
0.16164106
-0.25875777
-0.30688336
-0.19694842
0.27396962
0.23402102
0.048134807
0.20376888
0.13059677
0.09951863
-0.08813314
0.09335028
0.18794763
0.028206456
0.14940843
-0.106349654
-0.09064177
-0.15831526
-0.12242692
-0.22316381
-0.2161744
0.17717975
-0.13138206
-0.3737197
0.057528198
-0.08141484
0.29533517
-0.017478585
-0.07534298
-0.01129942
0.3670895
0.21775447
0.010513037
-0.081231914
0.04081941
-0.38833743
0.111164555
0.09125953
-0.3792867
0.112727225
0.12140535
0.1502113
0.07793241
0.23186937
0.023582516
-0.19430827
-0.12819755
0.058977127
0.13482796
-0.10746486
0.20443308
0.22359248
-0.13895555
0.16813615
0.04796933
0.10114947
-0.04261352
-0.08469499
0.20820877
0.16514406
0.058035668
0.03864447
-0.14511627
-0.056845963
0.18763462
0.14210418
0.1748712
-0.22704858
-0.047282
-0.03807582
-0.20994261
0.115683585
-0.024588838
-0.14003031
0.005181647
-0.31480992
0.24028677
-0.06757186
0.06630403
0.03158063
-0.083114654
-0.17832127
-0.13435848
0.14566505
-0.10633305
0.2325812
-0.0057132444
0.18065953
-0.11204395
-0.08290064
-0.09878238
0.14972846
0.19189584
-0.16047212
0.038416177
0.11210254
0.2684918
0.04583598
-0.070816405
0.48916227
0.26034337
-0.25218016
-0.094362825
0.030844865
0.059995115
0.0685868
0.27917266
0.25721884
-0.23168226
-0.24556427
0.14001909
-0.16010024
0.19257995
0.29130587
0.2571362
-0.288022
-0.020750774
-0.30674088
-0.17493223
-0.0349492
0.09291886
0.19024196
-0.017353535
0.042884383
-0.30150068
-0.17374678
-0.0986184
0.015058875
-0.016582072
0.021318335
-0.23134565
0.048731063
0.22552434
-0.10200602
0.015046574
0.010251164
-0.17572495
-0.19654483
0.042235516
-0.1789992
-0.08113575
-0.09375321
0.17229167
0.12890418
-0.16790977
-0.18530975
-0.010396694
-0.12555772
-0.22680186
-0.013283551
0.21261391
0.13379866
-0.18728843
0.18450499
-0.27259067
0.25248447
-0.2710759
0.22962658
0.08005351
-0.19079265
0.04473886
-0.22645128
0.22458476
0.2323546
-0.038970783
0.13725014
0.24031025
-0.06761636
0.06502801
-0.089607514
-0.2565399
0.08206262
-0.08059641
0.2724158
-0.14235763
-0.082844034
0.09461131
0.081573024
-0.13398911
0.28102225
-0.23577924
-0.108442664
0.034531683
-0.21683587
0.1022751
0.21677122
-0.10110295
-0.12616086
-0.09429996
-0.009021396
0.06068237
-0.11359857
-0.016598761
-0.13196078
0.24088982
0.11456076
0.1305994
-0.060799293
-0.31526667
0.18330416
-0.3295241
0.35607722
-0.20755939
-0.14055885
-0.21043245
-0.10381019
-0.06926526
0.21328315
-0.3187011
-0.3008088
-0.0075127105
-0.11828909
0.047408335
-0.21508026
-0.07175571
-0.25132263
-0.19924147
0.23293278
-0.23788117
-0.14911436
-0.18073517
0.018065939
-0.104811236
-0.21992907
-0.0065438375
-0.3213709
-0.09035945
0.04081875
-0.22467372
-0.21468794
-0.12119889
0.03940171
0.028604444
-0.1525906
-0.03406354
-0.06386192
-0.32336095
0.19621025
-0.004916668
-0.044919513
-0.20628554
0.15713367
0.2624093
-0.043857552
0.0218374
0.088803746
-0.07549367
0.2318821
-0.22238629
-0.14492916
0.13074118
0.08889392
-0.24404086
-0.030070795
0.270707
0.31143722
0.21171759
0.15834847
0.23383668
0.10017933
-0.49050456
0.121057615
-0.0082362
-0.11114543
0.0762659
0.24174023
0.1252973
-0.15732461
-0.16117728
0.0064515485
0.030386042
0.07143001
0.048377514
0.013664292
-0.035698917
0.09462926
0.0592605
0.17017938
0.011968571
0.17411149
0.01130463
-0.17292395
-0.24308383
-0.13191769
0.20718244
-0.061841995
-0.24103735
-0.13173941
-0.46871734
0.43441066
-0.049652413
-0.14965683
0.06990026
0.23102689
-0.0025241731
0.10205071
-0.120012335
-0.043085635
-0.31203672
-0.1823873
0.14736448
0.027925553
0.19255719
-0.04579688
0.07144477
-0.1927803
0.12215706
0.13663658
0.061827146
0.17730337
-0.000864233
0.070055544
0.13321328
-0.21608773
0.058083396
-0.023525234
0.36269617
0.07123734
0.23222
0.09674231
-0.2792809
0.21302179
0.19965903
-0.17893733
-0.07972578
0.11179192
0.19416797
-0.1590321
-0.16831951
-0.31811163
0.17323321
-0.0037396222
-0.17221741
0.08100702
-0.18563336
0.0745301
-0.01413202
0.15401343
-0.1045695
0.07519985
-0.191593
-0.10817118
0.10080406
-0.22246353
0.22005832
-0.16678952
0.08778224
0.21747175
0.27847597
0.15034293
0.08464531
0.19627218
-0.08416483
0.29642048
-0.46734124
-0.047131903
0.025104478
-0.11076809
0.28477025
0.0043006837
-0.2032811
0.113492504
-0.14993688
-0.072627954
-0.033111576
-0.091641694
0.24537158
-0.15303789
-0.06489652
0.43373132
-0.20464684
-0.24765415
-0.025110247
0.09596217
0.24965373
0.16426018
0.14284536
0.254877
0.18439981
0.025379531
-0.04233784
-0.23352443
-0.17735797
0.22785902
0.0006307186
-0.08348188
0.028459564
0.025600523
-0.029722475
-0.2114961
-0.15813662
0.13071564
-0.020117737
0.20791933
-0.24057427
0.11712636
0.15867834
-0.15717803
0.15368894
0.18244323
0.42896187
-0.5936441
-0.12305139
-0.020744154
-0.28918713
-0.222427
0.21012613
0.20218015
-0.08812298
-0.23594756
0.0056890454
-0.14309746
0.019587243
-0.02068165
0.15086275
0.016885022
0.2150964
-0.043976884
-0.2403209
-0.062627986
-0.23342632
0.2033514
0.10108745
-0.05595278
-0.089557126
-0.033166952
-0.19136609
0.03907311
0.20703146
0.14169405
-0.06743975
0.090900436
-0.25366697
0.12636217
-0.07864903
-0.14951232
-0.052348703
-0.2368511
0.1832368
0.14424986
-0.20757793
0.1159544
-0.003266712
0.13452333
-0.0053702155
0.068946175
-0.24133344
0.066615045
-0.24356765
0.16491082
0.008987511
-0.036649816
-0.11759091
0.10401213
0.130902
0.0019787718
-0.14037451
0.08671257
0.13026077
0.10446692
0.23027709
-0.27695602
0.1615597
0.107437834
0.25934947
-0.36393815
-0.21628976
-0.096879825
0.046763446
0.2435081
-0.040428456
-0.09228195
-0.22599766
-0.25126344
0.119459644
0.11005036
-0.05469431
-0.24242479
-0.24458382
-0.025181567
0.020811176
-0.11576176
0.2140611
-0.08741292
-0.22646195
0.28668818
0.1794323
-0.014621913
0.19223677
0.19451566
-0.06998882
0.18416914
0.021530109
-0.023424989
0.12288323
0.013568291
0.22936527
0.028914856
-0.10404109
-0.19010933
0.09577944
0.15717646
-0.17318323
-0.17062801
0.14965585
-0.023468167
0.15528542
-0.15977198
0.09489334
0.19915012
0.04510272
-0.25721455
-0.012622327
-0.10372476
-0.10068004
0.055583112
-0.121754
-0.08932731
0.18325442
0.16396254
-0.023627905
0.1642826
-0.047747593
0.14278413
-0.092100196
0.2017108
-0.18950978
0.016786814
-0.1480479
-0.04420141
-0.049254876
-0.017185187
-0.1343566
0.0451971
0.058682673
-0.40751258
-0.18527918
0.2463009
0.123738095
0.14966755
-0.030687088
0.07939416
-0.08315878
0.09458027
0.050961625
-0.062791504
-0.42993557
-0.10785209
0.0058412882
-0.0908812
-0.1598719
0.06473234
-0.28042182
-0.21796426
-0.06393657
0.0038686628
0.10701425
-0.016191134
0.049094558
0.21074994
0.034872167
-0.07333446
-0.15429045
-0.13900697
0.2617835
-0.047970805
0.1361276
-0.044684798
-0.027532343
0.2419886
0.01665452
-0.060343325
-0.13608205
-0.04322764
-0.020873994
-0.10498867
-0.12386528
0.19067834
0.2159637
0.045278758
-0.039991666
0.20490628
-0.13261865
-0.042179365
0.108135134
-0.16594703
0.111708865
0.25595605
-0.18738084
0.069064766
0.17915231
0.16989936
-0.002960831
-0.23336956
-0.0707944
-0.011544282
-0.21356064
0.12220322
-0.14879513
-0.17550758
-0.18446167
-0.01601716
-0.007633382
-0.13714568
-0.03681974
-0.18017049
-0.13081479
0.184955
-0.13972335
0.100409634
-0.36962202
0.08062998
0.122695744
-0.2624285
0.24593079
0.097879186
0.051204693
-0.20102182
-0.16848001
0.23367669
0.014025616
0.014764764
-0.13967493
-0.104280785
0.1943036
-0.08696702
0.26787764
-0.16986585
-0.09079079
-0.25907865
-0.24670082
0.06558603
-0.24740757
-0.13804685
-0.15252171
-0.1551549
-0.03160568
0.06349165
0.22693995
0.08559192
0.13715893
-0.29587364
-0.25359002
0.20556614
-0.1706082
0.23401363
0.16997713
-0.038792327
0.056134894
0.2293392
0.0393483
-0.2338849
-0.22908446
-0.038489845
-0.1555301
-0.13181852
-0.02070708
-0.027491245
-0.12769893
-0.22217117
-0.1171414
-0.07483673
0.16385481
0.00832106
-0.17900011
0.26213318
0.2060571
0.14812383
0.07704096
-0.08045517
-0.27076796
-0.27606794
0.016513556
-0.21230033
0.23499124
-0.009815872
0.19994509
0.09328747
-0.14947069
0.05736068
-0.104952954
-0.102596514
-0.11072356
0.20898175
-0.06634203
0.2260786
0.061348557
0.016367227
0.087304026
0.20829916
0.25168347
0.26845402
-0.024283081
-0.16864865
-0.09036043
-0.14038908
-0.22608773
-0.18104203
-0.2401079
0.040304124
0.07840226
-0.14345011
-0.24224436
0.20156746
0.2212091
0.24664474
0.23111326
-0.10138093
0.2619328
0.09722853
-0.006824095
-0.115771174
0.1555273
-0.12521018
0.14256462
0.15466058
-0.24813747
0.20722851
0.23384815
-0.14244004
-0.041651607
-0.09379667
0.029889919
0.22824275
0.13276652
0.14368147
0.23486097
0.22714421
-0.2358909
-0.00055141264
0.14066696
0.009702717
-0.25168428
-0.14158237
-0.10305956
0.10860925
0.31289107
-0.32684407
0.2463323
0.074629724
-0.05536428
0.0012950599
0.012011021
-0.2546578
0.012159795
-0.08590827
0.04401799
-0.15346928
-0.12634748
-0.06923452
0.023745
-0.08807622
0.24090677
0.22055273
-0.1858605
0.23828252
-0.23272508
-0.24353796
-0.24723494
0.20764315
0.20636852
-0.27670145
-0.11770999
0.105198056
-0.15519014
-0.1423492
-0.24142338
0.25304663
-0.26562825
-0.055079505
-0.21154808
0.033367004
-0.24650855
-0.09635584
-0.1658791
0.0682646
-0.061857462
0.009619648
0.20211178
-0.040253565
-0.13840036
0.24640793
-0.08720353
0.10291348
-0.2001092
0.18694037
0.25122887
0.22825587
-0.060532145
-0.13688765
0.100396775
-0.015738636
0.17043856
-0.060578465
-0.056178875
0.2689489
0.23514509
0.1385431
-0.051929817
0.25248194
0.057866663
-0.10956095
0.2463008
0.012372442
0.07605743
-0.12284084
-0.0933738
0.23032689
-0.021183344
-0.15858063
0.022624692
-0.10488955
0.07041563
0.055585843
0.06694859
-0.16514522
0.028059768
-0.20029674
-0.20218384
-0.23222275
-0.15541106
-0.26803848
-0.26563215
-0.05470428
0.023780376
0.115007184
0.03490872
0.19434747
0.23261604
0.036869463
0.09030116
0.37095755
0.2156542
-0.08631723
0.2068571
0.24094193
-0.24195805
0.10669007
0.2374086
0.11981022
-0.19104367
-0.13115738
-0.043145698
-0.19102296
0.11602187
0.35867968
0.03231117
-0.24945116
0.05283153
-0.32399124
-0.20212731
0.074268974
0.43389142
-0.11807138
0.3484878
-0.19325714
0.17619583
0.16700986
-0.16040806
0.17486587
-0.06277983
0.050676346
-0.213291
-0.012111951
-0.20398733
-0.22493279
0.32255012
-0.1035997
0.053216647
0.06918228
0.111505575
0.14844587
-0.21332838
0.16739672
0.16469489
-0.019527137
-0.23176435
-0.15376234
-0.12300816
-0.21732843
0.21698347
0.19575655
-0.0058005634
0.115418315
0.04463143
-0.17453642
0.15756014
0.11529696
0.15820462
0.044138134
-0.061740544
0.21560255
0.24876681
-0.21666797
-0.14601675
0.1640654
0.2760791
0.077984735
0.098684825
0.0070646945
-0.006053771
-0.124741614
-0.2703956
-0.080012746
-0.21399486
-0.052210286
0.036087144
0.15290162
0.11480249
0.0968351
0.043928195
-0.0013205543
0.09032801
-0.07770022
-0.05241343
0.073778786
0.2256238
-0.10279815
0.19151354
-0.026059091
-0.096943654
0.08404691
0.076674595
0.13828328
-0.0817989
0.004731246
0.10675228
0.025544018
-0.012307614
-0.14170086
-0.24201757
-0.33449814
0.19009988
-0.021805853
0.10632351
-0.23746741
0.17756073
-0.23069051
0.18633243
-0.25229275
0.02732654
-0.09582465
0.06768131
-0.10823992
-0.16040793
-0.059268396
-0.033902235
0.13901693
0.2245215
0.23072785
0.23291758
0.12816036
0.12164283
0.06031072
0.3316388
-0.49220523
-0.33985484
-0.27826577
-0.15037704
-0.09126081
-0.03151934
-0.048847105
-0.14195779
0.24298163
-0.15868405
0.023066748
-0.09347813
0.21841025
-0.01236201
0.18510714
0.0373593
0.14905381
0.11764165
-0.0028525067
-0.14612478
0.3552677
-0.016394025
-0.24623539
-0.0900536
-0.0057541095
0.112157956
0.08467883
-0.19341332
0.122057766
0.090552926
-0.20702584
0.10145255
-0.24510176
-0.012522446
-0.1489712
-0.09600871
0.2825636
0.05253887
0.26551217
0.14175148
0.3090574
-0.03101636
-0.11622986
0.0701121
-0.1807583
0.068083934
0.10447823
-0.016637063
-0.26334026
-0.0004029453
-0.022880042
-0.16078556
-0.20748717
-0.5836274
0.09193642
0.21192737
-0.03524197
0.17198814
-0.26470834
-0.18265061
-0.3920597
-0.2537245
0.056595005
-0.03256436
-0.13461973
0.017386457
-0.20802361
0.02178405
0.11112728
-0.26411113
0.16369288
0.07768846
0.24214822
0.065447174
0.027923167
-0.03270503
-0.17217785
-0.09869185
0.10757759
-0.10274842
0.14701605
0.010690852
0.011933324
0.13237098
0.12119681
0.2092649
-0.561321
0.2231261
-0.10425266
0.15181707
-0.1267894
-0.21471901
-0.14585069
-0.11884295
0.097908944
0.14864412
0.12104706
0.21175727
0.14073043
-0.21137534
0.33311823
0.08559465
0.18803649
-0.0023535034
0.08745175
-0.030651424
0.2554699
0.1568155
0.029183282
-0.15652466
0.2347189
-0.12340435
0.17479327
0.10031835
0.050269034
-0.22124757
0.24445595
0.01681152
0.018916808
0.22387634
0.0010066619
0.06341831
-0.026430912
0.11288892
-0.087722644
-0.273161
-0.16640955
0.04430613
-0.10533162
0.1426819
-0.07728363
0.16523468
0.022531837
0.2313578
-0.09276664
-0.09071771
0.10941212
-0.17769207
0.02746284
-0.22703087
-0.29097676
-0.06415175
0.08564992
0.047045793
-0.13541105
0.18564463
0.16760314
-0.09454072
-0.014923846
0.19394812
0.3158498
0.26468256
0.04534039
-0.14000347
-0.21847813
-0.28549993
0.04951206
-0.079862505
-0.2687458
0.14923106
0.18774784
-0.16350323
0.1355426
-0.016426027
-0.26126438
0.13378975
0.31198406
0.027316598
-0.11245077
0.015521939
-0.052489016
0.2229529
0.23631626
0.034183778
0.14729239
0.21996285
-0.33868372
-0.25027707
-0.055234406
0.12986106
-0.23415653
0.1750692
-0.20506425
-0.06709726
0.26453012
0.011375324
-0.21373464
-0.13637795
0.18403429
-0.212904
-0.101675384
0.257492
-0.118412435
0.11180353
0.10288095
-0.14672612
0.2506722
-0.022360593
-0.034013163
-0.23570824
0.1317076
0.17346244
0.18225385
0.15442304
0.018924505
0.30208188
-0.22559641
0.053572632
0.10288218
0.16609256
-0.1491939
-0.06136459
0.26299787
0.10644957
-0.13775028
0.07757064
0.010028015
0.099403426
-0.24831371
0.033695407
0.3684946
-0.24032792
-0.08006211
0.19687429
0.11732103
0.08221117
-0.21985902
-0.24408503
-0.07945077
-0.16010766
0.12063569
0.13737598
0.19634128
0.201045
0.1735056
-0.005651351
-0.06869955
-0.28964388
0.027549595
-0.19239771
-0.20258538
-0.24566454
-0.17325597
0.13221166
-0.1981854
0.10945073
-0.0326956
0.14953935
-0.21795553
0.0407957
0.20941895
-0.14245044
0.053806543
-0.06646132
-0.099234566
-0.1623532
0.31139717
-0.38060802
0.077967316
0.04136488
-0.09483886
0.09432603
0.21276322
0.1022658
0.1318988
0.12717488
-0.07438063
-0.010558069
0.06589196
0.0053907335
-0.023453606
0.15786868
-0.02432169
-0.16793796
0.09801357
-0.07013786
0.31104818
-0.09738323
0.073364645
-0.12761915
-0.13023111
-0.063140735
-0.043343466
0.059018847
0.18692556
-0.18698022
0.057047322
-0.15145922
-0.21285309
0.1241982
0.079067655
-0.15232794
-0.08424561
-0.09516403
0.13088994
0.04056946
0.14552322
-0.22070901
-0.1958727
-0.16948454
-0.412752
0.19005863
0.12532431
-0.08831862
0.006924382
-0.27432352
-0.09123594
0.19587527
0.20410614
-0.021171607
-0.20284057
0.12868236
-0.22762434
-0.19491929
0.13187593
0.020511487
-0.23098242
0.22115587
-0.0029287934
-0.02563909
-0.07628846
0.050529502
0.14694367
0.101649135
0.0116995
-0.051168643
0.05151298
-0.071186714
-0.21373342
0.037984755
-0.035667777
0.19133858
-0.17113689
-0.0048813885
0.20425473
-0.013905835
0.15002231
0.043997753
-0.15892762
-0.20629054
0.065719925
0.13929379
-0.13973479
-0.18495204
-0.30387092
-0.017923448
0.06707195
-0.23800929
0.057950888
-0.23692381
0.16208678
-0.12710659
-0.2090976
0.1129155
-0.21984905
-0.087482415
0.1375329
0.18044877
-0.081641
-0.07766137
0.13074194
0.07708066
0.18773752
0.21684706
-0.22272804
-0.14565778
-0.1742907
-0.10184211
-0.122430086
-0.18517229
0.0659602
0.25076908
-0.24035355
-0.15684414
0.18791772
-0.36020958
-0.10276184
-0.19792506
0.15045154
-0.020238826
-0.12297539
-0.10708358
-0.22733694
-0.17990354
0.062033243
0.24963114
0.118515536
-0.11857479
0.09232821
-0.3272892
0.11996349
0.038573712
0.056470573
0.13845514
-0.21273354
0.09602321
-0.19589633
-0.08997841
-0.19882542
-0.13576199
-0.057377942
0.20585172
0.14322113
0.12121916
0.16379923
0.044965617
0.052237656
-0.2311276
0.2403712
0.010393958
-0.25048667
0.15532778
-0.1045526
-0.008288426
-0.14238581
-0.058344454
-0.19138703
0.12654105
0.15988055
-0.2583726
-0.1901518
-0.009878039
0.16009414
-0.21061009
-0.024972662
-0.047863528
0.048381746
-0.2665179
0.20061734
-0.24099588
0.25601214
-0.22490904
0.13281837
0.22118396
0.10554299
-0.1113822
-0.1423152
0.061085433
-0.019344151
0.1899248
0.13959691
0.112082094
0.15757042
0.19844577
0.16555193
-0.18443906
0.19533548
-0.17387262
-0.20032236
-0.25336632
-0.18965545
0.23483354
0.1344952
0.15633518
0.17101634
-0.24526587
-0.08504531
0.26157618
-0.11822283
0.08900258
0.019956112
-0.2263669
0.23038936
-0.06490366
-0.16434492
-0.15058106
-0.24222535
-0.12195416
-0.025954112
0.11912018
0.20650831
-0.2142158
0.2579192
0.095665544
-0.19772679
-0.039907902
0.16585314
-0.009207785
-0.2580734
-0.22616109
-0.058234796
0.09361175
0.24167359
0.13522759
0.036052316
0.022510946
0.06913087
-0.09192993
0.1305941
-0.005454272
-0.27029386
0.10189363
-0.0065784156
0.11723027
0.24899656
-0.13512358
0.10777655
0.24691021
-0.24513614
-0.023558453
-0.2539559
0.11985052
0.1825454
-0.08967191
-0.21189335
-0.031048045
-0.209645
-0.22978431
0.08693871
-0.23934491
-0.15782401
-0.20212251
0.19101411
-0.24903145
-0.17632225
-0.15232399
0.16424635
-0.031778052
0.064355224
0.1530253
-0.26215118
0.06466013
0.24159497
-0.035697952
-0.1856434
0.083696514
-0.022314206
0.1092951
-0.08132234
0.029666692
0.2005775
0.03688556
-0.21431729
-0.2606781
0.037972182
0.02211389
0.26327634
-0.18672058
-0.23546784
-0.083639994
-0.22781207
-0.1891416
0.0780727
0.113432646
0.19605353
-0.21377878
-0.074810505
-0.09659301
0.14091215
-0.18246767
0.23033625
-0.19351676
0.10471386
0.1523973
0.104387134
-0.10719535
-0.24953623
0.26885617
-0.12141383
0.17253059
0.17399046
-0.25785413
0.040667683
0.13677508
-0.23484555
-0.1712158
0.044804394
0.08490905
-0.097000316
0.18334913
-0.13212231
-0.20183116
-0.14960933
-0.19071192
0.24818164
0.0062350975
-0.2575772
-0.05662839
-0.11616815
0.27124977
-0.03288202
0.15575716
-0.19298743
0.09043387
0.15033063
-0.23242524
-0.102269866
0.09681663
0.10039565
-0.10965815
0.051327564
-0.011923739
0.16047835
0.016541768
0.13162535
0.2609128
0.091662474
-0.044689864
0.09500699
-0.019864038
0.086590566
0.021521637
-0.24760832
0.04922132
-0.08232027
-0.18373612
-0.25688592
0.43287
-0.15384497
-0.27888343
-0.27060106
-0.08255355
-0.15920828
0.1699019
0.16181093
-0.086254
0.10704756
0.10542709
0.05723369
0.12921515
-0.1451188
-0.002873785
0.041050646
0.14207646
-0.24548896
0.034124233
-0.16916406
-0.006946206
0.16706063
-0.13835093
-0.20034721
0.10700002
0.1973547
0.31420308
0.124993384
-0.08245359
0.2168076
0.27078867
0.10492155
0.054174468
-0.25932986
-0.26938316
-0.117353186
0.024440378
-0.12186359
0.12882906
0.16016534
-0.24421531
0.019364323
0.06885375
-0.06984406
0.016370092
0.25723165
0.1410259
0.25893667
-0.14440627
-0.38618588
-0.17688152
-0.32435212
0.26205772
-0.19561796
-0.28474206
0.010965262
-0.066155635
-0.20483275
0.076072454
0.10165215
-0.0018402636
0.35390905
0.14894831
-0.2534262
0.10261672
0.10983944
0.18393432
-0.36915618
-0.09700111
-0.061202575
0.2632774
0.19396092
0.34755927
-0.08095073
-0.0073655383
0.17286529
0.26663595
-0.023186445
-0.02106946
-0.26569435
-0.12681887
-0.1384278
0.18515113
0.102377914
-0.1626578
-0.10019073
0.12968397
-0.5401347
0.21605125
0.19341516
-0.12125568
0.17872077
0.19987956
-0.11295241
0.13686019
0.008797609
-0.04771293
0.37787506
0.11336874
-0.14608428
0.13209215
-0.1905211
0.029911892
0.03698206
0.3907977
-0.25196537
-0.027466612
0.07446563
-0.08685333
0.24671519
-0.16867605
-0.095566064
0.3328223
-0.04391887
-0.0034827343
0.06938622
0.17256892
-0.065614335
-0.37352717
-0.17929368
-0.23051757
-0.080519676
0.34894893
-0.28908065
0.16320594
0.038181514
-0.2116626
-0.1620582
-0.11098772
-0.21294497
-0.09538104
0.042853367
0.034620672
0.16049317
-0.031335097
0.19136506
0.110727966
-0.18001457
0.09882444
-0.22561671
-0.09691921
0.036472272
0.1227203
0.18468463
0.07776957
0.07618129
0.22224042
-0.09410899
-0.14622127
-0.022808952
0.23502243
-0.18954621
0.068019316
-0.06417981
-0.07179396
0.06299604
0.19064042
-0.059551656
0.051685017
0.05761181
0.11466346
0.0077209068
0.28428334
0.037975885
0.14462209
-0.23212916
-0.38762555
-0.32293943
-0.20223501
0.05631037
-0.37101322
-0.052282825
0.14659455
0.25185236
0.26205674
0.2138899
-0.1579026
0.15109734
-0.11268099
-0.14661193
-0.1798828
-0.17626464
-0.16350178
-0.08276953
0.15284602
0.09867051
-0.010961819
0.09602335
0.24457142
-0.21774402
-0.15469794
0.14390615
-0.19108042
0.1289928
-0.12296254
0.2049475
0.25722778
0.021875897
-0.25146055
-0.14530978
0.12244452
-0.015340108
-0.037775926
-0.1557772
-0.010126094
-0.07114634
-0.2671396
-0.08719053
0.09063025
0.077152625
-0.042166147
-0.018406225
-0.017488003
-0.15318939
0.27094516
0.15862018
0.022682482
-0.15038648
-0.09503254
-0.11442513
0.16387188
0.01494274
0.2624842
0.043680843
-0.2378145
-0.25474203
-0.19535857
0.24062835
0.33031344
0.14134385
0.19225538
0.07342505
0.22073175
-0.27264512
-0.019405099
0.23887254
-0.23123565
0.2264826
0.051838774
-0.016658127
-0.096457765
-0.21004823
-0.17160624
-0.07334371
0.15163097
-0.2278959
-0.123307124
-0.0956633
0.16604802
-0.18493085
-0.19370176
-0.25240558
0.042224344
-0.36060792
0.16633672
0.13357157
0.18947294
0.10339889
-0.16015062
-0.21258713
0.12435187
-0.12776852
-0.19578445
0.0905921
0.089439824
-0.0975561
-0.25825498
0.11720654
-0.11381833
-0.24451515
-0.12555304
-0.19508871
-0.1360348
0.10254967
-0.16136925
0.21102275
0.24501663
0.03899786
-0.10893693
0.06473291
-0.0053568454
-0.07844156
0.22049701
0.0050637173
0.03296836
-0.1722602
-0.040417336
0.006513873
0.06766122
0.16255976
0.01706064
-0.12063456
0.2076751
-0.06777972
-0.21787249
-0.16676913
-0.1165477
-0.18729845
-0.13712515
0.08183143
-0.015187085
-0.1371502
-0.16032165
0.20992732
-0.22650468
-0.17485388
0.19117749
-0.24149664
0.1742297
-0.25010628
-0.007002026
0.20563535
-0.057314076
0.10133563
-0.08116592
-0.017019805
0.11372214
0.2123647
0.24827464
0.054423627
0.19300471
-0.059621267
-0.015925912
-0.29418936
0.15086967
-0.0007199347
0.092926376
-0.21681774
-0.19939236
-0.09563579
-0.09728701
-0.22350413
-0.05774372
-0.058601007
-0.24150959
0.2507715
0.14677215
0.21591623
0.060796376
0.16536996
-0.018469902
0.21189718
0.16477574
0.20889848
-0.039382808
-0.21399498
-0.11017118
0.017600387
-0.028764462
-0.1457751
0.076690406
0.17659634
0.18603508
-0.0049533998
0.009826482
0.25087047
0.12306908
0.05484364
0.24767458
-0.05475044
-0.06360844
0.14363603
-0.16901244
0.037722465
0.06026183
0.2635485
0.2795866
0.048499975
0.116767384
0.13028137
-0.28634796
-0.041179124
-0.26136082
-0.15764333
0.22290547
0.24497437
0.2663194
0.25594595
0.09493946
0.12425746
-0.13378245
0.21739851
0.16831064
0.1517617
0.19914575
-0.13571978
0.027192606
-0.04737308
-0.3908329
-0.2027409
0.044932485
-0.16743419
-0.008748895
-0.27300635
-0.22801666
-0.0773247
-0.22291277
-0.090396985
-0.16794889
0.16462716
-0.12951326
0.19906534
0.017282372
0.21583055
-0.16852185
-0.1440942
0.065697126
-0.10849007
-0.0078118835
-0.1542987
-0.12539314
0.15069285
0.044488158
-0.24461408
0.017245729
-0.14093363
0.102587506
-0.0010150953
0.1886445
-0.042374708
-0.091919295
0.081165165
-0.18007119
-0.26494628
0.118407466
-0.0019253194
-0.028687866
-0.18057516
0.07163809
0.26526147
0.20975347
-0.010022551
0.09791879
-0.13570045
0.16272871
-0.2238166
-0.07094699
0.19933704
-0.043694198
-0.017044537
0.09849195
0.22639576
0.041021347
0.26995787
-0.05308313
-0.18627441
0.0923427
-0.16208185
0.043392636
-0.13821574
-0.16332448
0.27857655
-0.23694894
-0.20885172
0.13174699
0.20432696
-0.08331213
0.047461532
0.15999758
-0.13817523
-0.016441971
-0.10812523
-0.20197308
-0.15005042
-0.17249322
0.23631942
0.10573888
0.08081223
0.1468786
0.020918207
-0.11766881
0.008758308
0.070484325
0.18799624
0.15316291
-0.19080754
0.06369517
-0.03608352
-0.14304852
0.14518358
-0.10228458
-0.25518692
0.021633208
-0.14728566
0.014092088
-0.21050848
-0.13607876
0.29302946
-0.30387145
-0.11151316
-0.10679216
0.14244056
0.043142766
-0.04268352
0.23642759
-0.0986294
-0.22401561
0.24857885
-0.02556763
0.05287636
0.10354758
0.02715325
0.11204277
0.048614
0.159259
-0.17047489
-0.1084928
0.0987457
-0.21718407
-0.26726297
0.035779558
-0.19546649
-0.27564466
0.17899491
-0.18473475
0.2406389
-0.02254878
-0.18492267
0.18164554
-0.13565403
-0.09590511
-0.060131393
-0.19041748
0.030614588
0.23013182
-0.018161029
-0.02078766
0.137008
-0.18770242
0.20938478
0.18037954
-0.20000228
0.20150527
-0.24294123
-0.014783887
0.13049205
0.18713273
0.1883547
0.09034468
-0.18415025
-0.06489925
-0.1817305
-0.07965723
0.25167912
-0.13874155
0.27165353
0.27407387
0.051604982
-0.23642509
0.123480596
-0.24612571
-0.18526314
0.15074554
-0.11120554
0.18069093
-0.23819683
-0.10011273
-0.20891383
0.20234126
-0.25437966
-0.14082365
-0.08788496
0.18588224
-0.15174055
0.13352197
-0.042822152
0.24465579
0.19795811
-0.08878085
-0.11206059
-0.07110916
-0.073226035
-0.07798417
-0.13937429
0.21915711
-0.08525313
-0.20750818
-0.20019211
-0.15187979
0.1744084
-0.09661786
0.19242446
-0.17963812
0.2665448
-0.08580282
0.26961017
-0.28283653
-0.11981924
-0.13319643
0.20427611
0.03867963
0.11658198
-0.2676191
0.062898636
0.26534426
-0.01675987
-0.24408813
-0.25387466
0.19493634
0.16484335
-0.13553588
-0.0854164
0.16376181
-0.1831292
0.17771138
0.07114568
-0.026441272
-0.09652974
-0.13606259
0.120737016
-0.26258665
0.22485097
-0.12828346
0.116762824
-0.16443266
0.071535334
-0.11593494
0.0048264577
-0.12874492
-0.231733
-0.17254661
0.13653162
-0.03393458
0.19008204
0.3063636
-0.25121006
-0.08497434
0.18712133
-0.11256707
0.020186594
-0.055754393
0.0068125394
-0.26722714
-0.0152670285
-0.01995474
0.20172888
0.06186842
0.0851686
-0.24073452
-0.00799033
-0.30309355
0.21787813
0.14833884
-0.20592898
0.07209256
-0.18584347
-0.028697684
-0.0559697
-0.10485108
0.07882213
-0.10235002
-0.14126912
-0.01673273
-0.18084775
-0.092521295
-0.047405697
0.029599018
0.2523278
0.08660549
-0.16276136
0.071739435
0.05771651
0.08549107
-0.006442706
-0.24909188
-0.09891611
-0.23151758
0.052452177
-0.13080011
0.23234463
0.08224943
0.0950225
0.14931896
-0.0064440966
0.17506951
-0.08814232
-0.20698921
-0.009632945
0.2360965
-0.16743521
-0.16170153
-0.19705538
0.020408543
-0.21538155
0.3387104
-0.10085948
0.32315728
-0.16406645
-0.11187531
0.20665555
-0.23859613
0.20135973
-0.20917715
0.2046659
-0.1260751
0.12854707
-0.18343885
0.05541921
-0.01006336
-0.17766908
0.13200188
-0.042561866
-0.03856106
0.20769352
-0.20158452
-0.0492377
-0.1332868
0.34948045
0.17791794
-0.5977411
-0.052280217
-0.27414382
0.07288715
-0.21217176
-0.024742274
0.1476254
-0.18557346
0.010736793
-0.011272243
-0.039229877
0.047782447
-0.11956108
0.25000033
0.51382166
0.08896521
-0.14434351
0.11203666
0.4681307
0.060890466
-0.09184178
-0.11375314
0.2468676
0.058495946
-0.13772826
-0.040360738
0.34248245
0.10360327
-0.32394683
0.1622374
0.14381549
0.002372086
-0.08002717
0.23540756
-0.1549927
0.08705564
0.044906974
-0.009304243
0.266702
-0.12738013
-0.2600252
0.08096445
-0.20095631
0.20355488
0.23019314
0.1674801
-0.17295776
-0.22702652
0.24671486
-0.26561463
-0.2706309
-0.018748475
0.26687497
-0.080563135
-0.3278642
-0.16037543
0.20557585
-0.1424389
0.270751
0.26916382
0.15041727
-0.24871807
-0.1467749
-0.05982977
0.11041113
-0.23428853
0.20591666
-0.101555884
-0.7118478
0.1838934
-0.053191423
-0.10570943
-0.27946353
-0.24034096
0.22206686
0.04667458
-0.2612393
0.104816064
0.110245496
0.0071410714
-0.13442522
0.26747996
0.09419405
0.38104552
-0.048794117
-0.05177083
-0.19663765
0.049117144
-0.25209144
-0.08997424
0.118988484
-0.11951974
-0.27988815
-0.20226927
0.19870731
-0.109503254
-0.12695058
0.044644922
0.16677798
-0.14019392
0.09467361
-0.060306687
-0.2412426
-0.21130882
-0.6609656
-0.1222923
0.13189894
-0.12482723
0.12059304
0.09474818
-0.08017932
0.09622672
0.24350165
0.27734095
0.30781633
-0.32702982
0.24480844
0.14740436
0.12732938
0.2253887
0.24092805
0.079679996
-0.07383685
0.08578532
0.22133835
0.17586228
0.19247013
0.08807421
0.2628639
-0.33835292
-0.10725542
0.024746181
-0.1378366
0.28992262
-0.16863874
0.12722567
-0.18855369
-0.17160074
-0.036953107
0.13529956
-0.054121844
-0.19928661
0.014981893
-0.119466946
0.023994423
0.03236728
0.22638923
0.011968
-0.23508467
0.017679887
0.2677947
0.06580356
0.014816506
0.08282694
0.010340688
0.14847039
-0.22605401
0.18131688
-0.110063836
0.17598534
-0.21865918
-0.069305226
-0.067511626
0.039240517
0.088000685
-0.009497769
-0.02637648
0.30966455
0.061763227
0.24476902
0.11655141
0.31007197
-0.15507148
0.055505734
0.09486633
-0.19827002
0.1710504
0.10384122
-0.026788471
-0.20759194
0.081267886
-0.2469649
-0.07009669
0.16600947
0.03599315
0.19774671
0.099217735
0.0882206
0.028935893
0.27729434
0.06024661
-0.21670985
-0.024913492
0.13314965
-0.052165583
0.18705484
0.08593616
0.009617425
0.04466203
-0.15983826
0.13501665
-0.14541726
-0.06731865
0.17778897
-0.1415302
0.19571611
0.13048524
-0.24503298
-0.006180481
-0.22766273
-0.34075195
-0.18035653
0.012012467
-0.024494136
0.21542707
-0.07350873
-0.008241713
-0.19982605
-0.09572037
0.25890642
-0.043799818
0.003874555
0.23329045
-0.10083644
-0.18370521
0.0051614214
0.21064098
-0.0012141229
-0.14952116
0.2393172
-0.105922125
0.19384757
-0.18233351
0.065806925
-0.14580913
0.23605609
0.11951867
-0.13422474
-0.05742541
0.20237608
0.09019839
-0.13667656
0.14385647
0.18731618
0.030073073
-0.12163988
0.08094756
-0.161778
-0.08351359
0.011804273
0.07465612
-0.05541331
-0.16539131
-0.11847776
-0.14185728
-0.09012438
-0.07648751
-0.17295444
-0.20468947
-0.1693391
0.25978786
0.096813925
-0.2703066
0.15553783
0.20298429
0.19893
-0.18291576
0.22921988
-0.046838116
0.2452827
-0.19092844
-0.075432755
0.1717039
-0.14936121
-0.043056875
0.25593624
0.15419492
0.26697594
0.10393575
0.12029359
0.016046941
-0.10939453
-0.20848459
-0.27274993
-0.26388514
-0.0986076
-0.03893209
0.076100886
0.21574196
-0.057924498
-0.19440715
0.103410386
0.01750593
0.16530353
0.06294173
0.24005651
-0.14075902
0.13995323
0.26922458
0.02762386
0.2138316
0.257503
-0.2714383
-0.2540097
0.19954029
-0.067318685
0.14515673
0.23410125
-0.06336377
-0.22057468
-0.03792947
0.2507062
0.13656937
0.16042787
0.058919687
0.08083158
-0.04413435
0.14919864
-0.24912839
0.12169615
-0.19831388
-0.15883484
-0.12088456
-0.0808528
0.19873708
0.0030311847
-0.05798985
0.06805732
-0.15291104
0.13449346
0.13342337
0.21442282
0.23882376
0.1798572
0.06797765
0.18767497
-0.11879982
0.21970436
0.105449796
-0.18707545
0.10185483
0.14649697
0.25956678
-0.17314152
0.083521105
0.06373207
0.18717818
0.06959671
-0.09255364
-0.1177663
0.18958712
0.14099766
0.24718972
-0.17544375
-0.21489586
-0.09233785
-0.17219095
-0.02052309
-0.19187376
0.21794112
0.08391631
-0.042895745
-0.22270833
0.23594391
-0.21446538
0.19717914
0.00049850665
0.054515213
-0.15756896
0.26371798
-0.15960273
0.038384125
0.13074239
0.32294166
-0.030277004
-0.2541291
0.0973033
0.043050822
0.19283412
0.20221272
0.10552942
0.08267191
0.025508644
-0.015484661
0.2964019
0.059349522
0.1436601
-0.025615748
0.18772328
-0.006566251
0.03932758
-0.25709563
0.12238202
0.052536935
0.15377747
0.0915771
-0.049727738
-0.12009321
-0.10979104
0.26760307
-0.212687
-0.25523728
0.21283878
-0.13926195
0.15368873
0.14988197
0.08139824
-0.20183471
0.14364782
0.20934498
-0.04458816
0.20983563
-0.032430634
0.031433716
-0.15863912
-0.08634822
0.26135868
-0.105555385
-0.046701763
-0.020458791
-0.074985504
-0.15599437
-0.11618608
0.16460519
0.22428598
0.060896073
-0.11418806
0.03481221
-0.12041158
0.044404514
0.22077397
-0.1655729
-0.2783657
-0.12888063
0.031016251
-0.25313854
0.20572868
-0.09537998
-0.12586614
-0.26140487
0.014383435
0.112100184
-0.18466955
-0.04576515
-0.037185222
-0.12243025
-0.11384205
-0.23158266
-0.24650303
-0.14078143
-0.026465781
-0.1679193
-0.08934617
0.22511888
0.22819959
-0.25111565
-0.26167566
0.21570662
-0.26974294
0.17872435
-0.062666126
0.26178783
0.13320999
-0.21916193
-0.11655355
0.23007481
0.077206954
-0.15850411
0.0011174182
0.07638626
-0.20096175
0.0185965
-0.24416119
0.052090228
-0.06498493
-0.19958317
-0.086317524
-0.15228613
0.26223603
-0.2509252
-0.2119626
-0.20613578
0.2083261
0.032649588
0.2168794
-0.026824448
-0.02909035
-0.035304524
0.07457852
-0.028065287
-0.23498553
-0.14026915
-0.22829244
-0.00887376
-0.06517509
-0.19783509
0.19106862
-0.071110465
-0.036691505
-0.18252264
0.014636287
0.12396846
-0.07678354
0.23271169
0.20833595
0.048469517
0.11472604
-0.029411925
-0.0026747258
-0.09498445
0.2561393
-0.09296829
0.008494863
0.2533388
-0.24986789
0.23984687
0.10740137
0.25971815
-0.14965853
0.08425624
-0.18664679
-0.17504151
-0.16582161
0.27039608
-0.085182294
0.2993423
0.036429543
-0.10953882
-0.26446456
0.0075281053
-0.13967563
0.041612588
0.14425471
0.07838799
-0.079803586
-0.11595318
-0.16340351
0.26880816
-0.12204012
-0.21475673
0.16879754
-0.03760885
-0.039598484
0.002269894
0.13831994
-0.115411066
-0.21294545
-0.11830378
-0.040938884
0.06268077
0.2680735
-0.2363358
-0.1942685
0.11488524
0.15684538
-0.06513865
-0.04606448
-0.20643896
0.008767846
-0.0047032535
0.06736314
0.044005394
0.012914798
0.08021191
0.10598067
0.033631243
0.19619867
0.24670017
0.25823522
-0.066823356
-0.22141813
0.24421808
0.051058043
-0.2416331
-0.10683548
0.07247299
-0.25662008
-0.026587173
0.13868336
0.082158625
-0.17738849
-0.27145064
-0.16278517
0.05654061
0.049302757
0.05299627
-0.076062344
-0.12348079
0.085059196
0.0960139
-0.121558204
-0.22245358
-0.27674022
-0.18113145
0.21255793
0.06529654
-0.033128336
0.15465774
-0.010659754
0.05261426
0.10694429
-0.037105333
-0.016287923
-0.2433023
-0.17431724
0.08502966
-0.23358056
0.030999184
0.095876366
-0.0952625
0.10004914
-0.14072518
0.012446602
-0.06787668
-0.019881492
-0.050498776
-0.067441165
0.050317906
0.18247919
-0.16113056
-0.09397534
-0.16293238
0.17424333
0.12365413
0.15583144
-0.020135613
0.13204256
0.033047426
0.54177016
0.29389402
0.20574126
-0.24064463
0.095286615
-0.23100683
0.053543393
-0.032291118
0.053897917
-0.20092414
0.1372161
-0.123669684
0.49595845
-0.10806219
0.17944606
-0.36782515
-0.6710297
-0.037798762
0.18505095
-0.06758757
-0.18224198
-0.0021279375
0.053687327
-0.004627061
0.04790819
-0.26533157
0.14740753
0.20084459
-0.05060056
0.0756446
-0.35745716
-0.20413882
0.18161179
-0.108365
0.15312341
-0.120463364
-0.04505233
0.14748912
-0.3517487
0.006553581
0.19847633
-0.25518504
0.13014908
-0.05967644
-0.14526507
-0.39896107
0.11951323
0.60970575
-0.0063241124
-0.26793745
-0.12862925
-0.11849728
-0.006249815
-0.11061827
0.20721373
-0.1200439
0.12645632
-0.24014156
0.1886551
0.23242295
-0.15073627
0.01955606
-0.43905854
0.066706434
0.050289266
-0.065905645
-0.029236859
-0.053518128
-0.084572524
0.16419917
-0.241454
-0.25605837
0.13539256
0.246292
-0.068217166
-0.24747068
-0.056671176
-0.17598961
-0.13782787
-0.20278768
0.31316593
-0.01638464
-0.23749143
-0.21244757
-0.07754894
-0.25496435
-0.21270925
-0.13313945
0.18611768
-0.15063065
0.17548653
0.04172995
-0.28395408
-0.23940526
-0.08452369
-0.10541553
0.6282556
0.0635753
-0.18374015
-0.049534522
-0.029021755
-0.028457256
0.44522652
-0.16722
-0.12826934
-0.20429991
0.1147135
0.2092965
0.22682777
0.29055005
0.17522112
0.008164704
0.118447244
0.25561
0.086738735
0.17703167
0.36323527
-0.036101963
0.30071574
-0.19710343
-0.374817
0.009501282
0.173441
-0.26796907
0.18344875
0.24448663
0.021842465
0.04792016
-0.20750436
0.041632272
-0.20284078
-0.28030384
0.24408048
-0.07370172
-0.25828597
0.14329827
0.097506404
-0.2343518
-0.25873125
-0.032286003
-0.27125567
-0.10394565
-0.36297998
-0.08927017
-0.16091317
-0.12226348
0.20566861
0.10737705
0.13602898
0.16658285
-0.025649555
-0.0133681195
-0.16566858
0.035611555
0.25630805
-0.050918326
0.30056503
0.0018346733
-0.1539578
0.052000463
-0.35294163
0.17416616
0.18480897
0.18510497
-0.50253224
0.20243981
0.07730054
-0.20921396
-0.13356006
-0.21368675
0.095769614
-0.08911783
0.032900818
-0.004880011
0.10204088
-0.10068261
0.10412019
0.2819938
0.23122302
0.21614441
0.2621436
-0.20246862
0.22830066
-0.19443429
0.27332917
-0.05111703
-0.033324495
0.11175227
0.26533717
-0.1307194
-0.012920918
0.13265105
0.22036426
0.29348123
0.101290464
-0.20017068
0.02275466
-0.1390776
0.21730706
0.17624085
-0.051215336
-0.0825572
-0.09184834
-0.14286833
0.24144767
0.24740951
0.1791589
-0.020328928
0.009727627
-0.21532017
0.003662169
-0.03976355
0.03505522
-0.008773809
0.04818961
-0.12930682
0.026664834
-0.08403036
0.15830544
-0.25165135
0.13990197
-0.37281632
0.059855167
0.026934585
0.20620593
0.045115132
-0.0599143
0.22594656
-0.044011965
-0.24787039
0.06413328
-0.1709445
-0.19641782
0.16077644
-0.07843222
0.20994896
-0.030251505
0.06900105
0.17302833
0.19530575
0.102711804
-0.030541023
0.1698136
-0.11983299
-0.26471666
0.14015082
-0.104660705
-0.0993432
-0.013409704
0.1817582
0.13364491
-0.023156768
0.06217837
0.10649124
0.27503404
0.18183964
0.012553897
0.4062104
0.29223916
0.11532546
0.13580152
-0.082686804
0.28963414
0.034693614
0.0835847
-0.043908443
0.12900516
-0.19927648
-0.14951868
-0.10237021
-0.20213664
-0.2086751
0.12335008
-0.0856102
0.109464645
-0.142662
0.01999705
-0.05302353
-0.033293225
0.0075342664
-0.040870663
0.11430358
-0.09716989
0.14126183
-0.23574641
-0.05342047
0.10567525
0.08111508
-0.20209636
0.2306163
0.08766568
-0.15358517
0.14495224
-0.061561286
0.08186144
0.027458377
-0.19774851
-0.06878324
-0.047353357
-0.06807564
0.1101056
0.024731789
0.04482205
-0.012837089
-0.25302482
0.01776328
-0.024477985
-0.14491542
-0.21546122
-0.05595122
0.24707115
0.049498215
-0.067647144
0.03889924
-0.077167265
0.1871841
0.26739413
-0.07090706
0.21235272
0.11953427
-0.27692917
-0.201319
-0.15780024
0.19609344
-0.22300594
-0.027809039
-0.12133999
0.1567997
-0.21121928
0.16618386
0.3287214
0.07812079
0.1613145
0.020102054
0.23230681
0.2359481
0.09026441
0.1974986
0.20013769
0.18884811
0.13842398
-0.13826084
0.12125702
0.20834841
-0.14049464
0.21306726
0.20704149
-0.19493277
0.23724067
0.18379012
-0.08305601
-0.07112235
0.020729028
-0.026662115
-0.19039
0.14872539
0.22091714
-0.18007885
-0.2921683
0.19153221
0.16778208
0.12454517
0.08864866
0.03490063
-0.17167482
-0.17873766
0.26694226
-0.19156954
0.013624042
0.088843286
0.02728045
0.23085532
-0.26240075
-0.2151186
0.17925882
0.16081093
0.0074091284
0.013444883
-0.046689723
-0.23919274
0.14540103
-0.0065550595
0.24713163
0.17727748
0.20481668
0.21723056
-0.00406091
0.23387146
-0.19293237
-0.19900937
-0.21135783
0.037858803
-0.06835548
0.08253051
0.2585943
-0.038632512
0.124468826
-0.25847307
0.078976914
0.15103886
0.13066423
-0.013195582
0.0061253253
-0.03036204
0.25665462
-0.070956856
0.030786045
0.19161138
0.023900688
0.26532066
-0.0012967054
-0.12817773
-0.046094444
-0.12132999
-0.19516243
0.15665363
-0.091375016
0.047156125
-0.14757591
-0.15872537
-0.1806396
0.19584022
0.115042284
-0.09050001
0.14961775
-0.024873625
-0.23804016
0.08858845
-0.2067824
0.17421614
0.11396537
0.035857484
0.25396436
0.30367306
-0.09325212
0.17792152
-0.10004284
0.103009656
0.0438137
-0.23066445
-0.15628156
-0.26128778
-0.26631096
0.1742694
0.057930276
-0.04086525
0.2016735
-0.0022411994
-0.071648315
0.106881574
-0.14725716
0.03988495
-0.1895827
-0.056196105
0.065198064
-0.16223004
0.14363758
0.018011305
0.26286003
-0.18419567
-0.27119133
0.12802982
0.14025182
-0.08246436
-0.035370298
-0.21783784
-0.069810584
0.13155362
0.08397049
-0.039186675
0.21102946
-0.12215934
-0.17810413
0.053291168
-0.2375686
-0.22916208
0.26252994
0.15900205
-0.24432786
-0.22587655
0.26013005
-0.26063314
-0.026163442
-0.2718873
-0.020028215
-0.22220913
-0.023312915
0.19441864
-0.07076031
-0.0546963
-0.1911166
0.19569302
0.2121569
0.19931877
0.09822599
-0.11875473
0.025590647
-0.17083402
-0.20223966
-0.124783576
-0.1003553
0.20093235
-0.1715123
0.16853808
0.07543614
-0.009625558
0.061308924
-0.10583766
-0.24917239
-0.049999166
-0.06876829
0.15352134
-0.009298439
0.21838714
-0.22708109
-0.20527898
0.25643378
0.24225765
-0.017907623
0.14143665
-0.22456595
-0.11625228
-0.22714481
-0.19923367
0.12200563
0.12744811
-0.23839901
-0.20348783
-0.2253693
0.09038754
-0.007890284
0.112379
-0.07146643
0.056413442
-0.18153255
0.08478514
-0.11937553
0.13458489
-0.040543064
0.061025172
0.10450746
-0.14627218
0.1569038
-0.26019192
0.16396274
0.072617315
-0.21820478
-0.013175907
-0.22700348
0.056641795
0.25109166
0.07776479
-0.20167056
0.06395857
0.054591227
-0.16546369
0.14316668
-0.20991607
0.13857265
-0.053597644
0.2512284
0.088184685
0.18614171
-0.20696774
-0.18150124
-0.16667673
-0.2207876
-0.08231041
0.101065844
-0.07490561
-0.26462665
-0.06462488
0.283948
0.22731727
0.16071467
-0.10554634
-0.1949352
-0.011349174
0.25995433
0.18090385
-0.25810188
0.11001002
0.0019860016
0.0758011
0.24043255
-0.23379971
-0.13330962
-0.119722486
-0.096428186
0.15418445
-0.05575274
0.14613412
-0.050817583
-0.16622777
0.25018173
-0.023672717
-0.22298527
-0.1149276
0.009743944
0.101511866
0.16482136
-0.0817106
-0.052176215
-0.07932577
0.15698688
0.15513659
0.09682634
-0.12824042
-0.23855482
0.08689292
-0.15705733
-0.016639482
0.039597422
-0.04642804
-0.23898269
0.16550805
-0.06260729
0.34176162
-0.21257451
-0.2517722
0.009255052
-0.22646177
-0.15267414
0.23930737
-0.2031218
-0.034121618
-0.11285135
-0.0017513081
-0.09043741
-0.22136989
0.23656411
0.103954434
0.062182233
0.10927864
-0.04046667
0.035723895
-0.07295556
-0.20961232
-0.018963188
-0.17584443
0.054313622
0.10518316
-0.5329771
0.07505533
0.06986941
-0.1478014
0.16720997
0.087233916
0.0917483
-0.13301146
0.037675273
0.26417744
-0.012926842
0.1266942
0.11610897
-0.0010761209
-0.20063354
-0.19997895
0.10414379
-0.036998108
0.013486475
0.05908398
-0.12721948
-0.09736806
0.121130556
0.12025904
0.23771322
0.009665787
0.23389041
-0.26653865
-0.1546174
0.25623447
0.060570035
-0.19992918
-0.24477614
0.25061837
0.042808063
-0.08022112
-0.124525286
0.057068072
0.14452004
-0.19258009
-0.22558415
0.08695424
-0.06611555
-0.2418752
0.23843192
0.19115333
0.085867375
0.091374144
0.07132211
0.24725083
-0.06628445
-0.2564294
-0.22001937
0.19992015
-0.2551147
0.16219702
0.21705753
-0.11078632
0.04932624
0.09821844
0.16094418
0.10804366
-0.2417504
0.07681177
0.081014246
0.03573579
0.08942339
0.2030952
-0.18377453
-0.061103553
-0.14289314
-0.25825116
-0.095386334
-0.12357958
0.097016215
0.016241556
0.08000406
0.0956959
0.19953786
0.083259635
-0.21181726
-0.1891959
0.2634713
0.23331511
0.092217095
-0.10417515
0.16605055
-0.19437644
0.046113603
-0.20169729
0.3646649
0.07635948
0.025003944
-0.46201766
-0.19130106
0.34180924
-0.093089454
-0.13445234
0.086749434
0.038683668
-0.41843444
0.010864044
0.20504588
-0.061937284
-0.251084
0.14490104
-0.17115149
-0.09711324
-0.089035094
0.10806925
0.21240619
-0.220875
0.18089572
-0.09218705
0.3280444
-0.22076488
-0.14952953
0.0038606771
0.005554403
-0.20741253
0.102395326
0.09761565
-0.013416984
-0.03608193
-0.04926295
0.020800382
0.16615772
0.010288142
0.13293603
0.06271111
-0.050567925
0.17102385
0.06733298
0.15475158
-0.21818087
-0.2887663
-0.0002866292
0.021511078
0.2544428
0.20509568
-0.021652704
0.21296208
0.20608464
-0.038030207
0.17514913
0.04212392
0.07798231
0.08954629
-0.11230541
-0.0751592
0.13645484
0.18341304
0.10290323
-0.09425472
0.15289663
0.28996482
0.13642502
-0.085062444
-0.015750691
-0.098588526
0.17007208
0.103819996
-0.14967908
0.18599984
-0.19125593
-0.10533627
0.16281042
0.13426818
-0.07191405
0.20474671
-0.18776529
-0.17974472
0.20331083
-0.03345862
0.071159616
0.24551691
-0.13491072
-0.05584475
-0.24751584
0.031966366
0.10858367
0.12539342
-0.014740868
-0.093988135
-0.27741674
-0.22505608
0.06648865
0.2139553
0.045032
-0.17079844
-0.22608875
0.3224116
0.06652328
-0.10304002
-0.25041333
0.08252685
-0.25458243
-0.27591443
0.038243745
-0.21324474
0.12677409
0.055163875
0.037346404
0.23461413
-0.013466292
-0.06793428
-0.23616792
0.116506405
0.16032296
-0.12318959
0.022966206
0.13271098
-0.061449215
0.18290415
-0.20210025
-0.12155584
-0.1424476
-0.16825658
-0.1213101
0.10468351
-0.2652828
-0.19238828
0.044034064
-0.07423171
0.01741568
0.004381789
-0.16294195
-0.07115149
-0.29860213
0.23145936
-0.071428716
0.020507667
0.17641942
-0.052417457
-0.21933769
0.09073954
0.18279554
0.079762086
-0.3250433
-0.044217743
0.1807023
-0.14360455
0.19590916
-0.24346194
-0.2888495
0.010738945
-0.13179748
-0.08934366
-0.0023465175
0.14379291
-0.28551173
-0.19623478
0.018582458
0.054988734
0.106481776
0.102890186
0.02714259
0.03495734
0.008333206
0.086858176
-0.11467404
0.042283878
0.2145646
0.11500379
0.25398982
0.23912287
0.2328285
-0.31665808
0.26072544
-0.38093123
-0.21915367
0.21756947
0.13560194
0.15834141
0.03601978
-0.14260073
-0.26858214
0.21062991
0.021053834
0.11028075
-0.01621161
-0.005567279
-0.006274966
-0.18749103
0.2287908
-0.073889084
-0.0035108328
-0.17311744
0.20123458
0.031525265
-0.1154464
-0.09521947
-0.06857717
0.19744644
-0.13018902
-0.51403314
0.097485155
0.14385146
-0.0324937
-0.07861759
0.024962645
0.14283669
-0.05081437
-0.042969424
0.03321915
0.12020094
0.1342527
0.20879537
-0.027515987
0.1961072
-0.0663098
-0.07049504
0.12596922
-0.064312905
0.111752935
-0.10121375
0.19980323
-0.0031039352
0.20596036
0.18194735
0.010385959
0.22616938
-0.05905816
0.1400666
0.27289233
0.27644068
0.25837797
-0.10279056
-0.07800871
0.22889489
-0.056742217
-0.21266073
-0.011460479
0.11157628
0.16100296
0.16460921
0.14588964
-0.17182632
0.16512483
0.014645316
-0.09372021
-0.2433599
0.18851036
0.14793646
0.1906913
-0.14873904
0.016440094
-0.11460122
-0.20373069
-0.031498
-0.07961922
0.16314635
-0.053920686
-0.105829805
-0.034693543
0.04447514
0.20786993
-0.06383984
-0.0029355502
-0.007153682
0.05872944
-0.011131219
0.020026866
0.12317722
0.20192899
-0.23591177
0.22411245
-0.03188117
0.123218775
0.1959183
0.15016577
-0.23433228
0.019431442
-0.03694773
-0.14742014
0.019539839
0.17345743
0.15815681
-0.04525088
-0.107482605
-0.065766945
0.21496251
0.17451294
-0.03100978
-0.07617564
0.21707368
0.23560631
-0.012087936
-0.16328721
-0.10876182
0.027465614
-0.0068503064
0.0055921664
0.22667411
-0.2209228
-0.14144059
0.11799696
0.14382981
0.12516312
-0.03527809
-0.21106456
-0.26611364
0.14042944
0.12205356
0.23936433
0.04082788
0.05600086
0.009561746
-0.17991221
0.04372826
-0.15667996
0.05476114
0.24244496
0.08250507
-0.17304334
0.14465286
0.07457552
0.12581193
-0.08569011
0.044660915
-0.17945713
-0.16313912
0.038533233
0.1663115
-0.11020598
0.18919298
-0.22719723
-0.2512629
-0.15026239
0.035193175
0.22112268
0.30138198
0.17615283
0.1128066
0.019584192
0.025795031
0.15114087
-0.14732444
-0.16069676
-0.11434478
-0.056550693
-0.113999486
-0.1265975
0.067714386
0.15417124
-0.004908682
0.09449294
0.15808694
0.023322582
0.19383918
-0.12722622
0.16407813
-0.15241554
0.15551397
0.037328664
0.17389168
-0.06377479
-0.17376503
-0.09084119
0.08736415
0.042150654
-0.21576963
0.2563339
-0.028734121
-0.14299884
0.23250096
0.13674802
0.07219324
-0.21753666
-0.20360574
-0.09669308
0.08323456
0.06987934
0.13286135
-0.085183546
0.12361062
0.20387343
-0.08311314
-0.21708143
0.18560907
-0.021742558
-0.19314696
-0.1097883
0.05061555
0.19093148
0.12044377
-0.06301616
-0.05803515
0.2134787
-0.20309722
0.12244131
-0.2465497
0.035013728
0.12888794
-0.11732089
-0.20823954
-0.16508207
-0.115540005
0.16994157
0.069331594
0.08415196
-0.09244187
-0.20551643
0.17322944
-0.013900518
-0.24699166
-0.15821275
0.0030865555
-0.22186993
0.045389667
0.24466442
0.2430851
0.0018178225
0.18247248
-0.11271956
-0.0068276087
-0.010778026
0.1650101
-0.089870855
-0.21739964
0.067315355
0.016881334
0.09071735
0.080706984
-0.15371199
0.0021124387
-0.2187959
0.25280824
-0.05323592
0.070669234
-0.14332837
0.10054825
-0.12561586
0.0027287125
-0.07325541
-0.20372954
0.25218907
-0.097650126
-0.1919204
-0.28274477
0.0969612
-0.036120992
0.23217303
-0.17865928
-0.054014258
-0.17358042
-0.23315355
0.055528775
0.112744406
0.21356095
-0.037536524
-0.21407652
0.14555138
-0.123036444
0.1377924
0.15759002
-0.042689417
-0.1305506
-0.061042048
-0.115760446
-0.108238675
-0.18665893
0.20647398
-0.20130017
0.18386026
-0.1538804
-0.2227446
0.22356987
0.17052515
-0.26483253
0.2710686
-0.21179244
-0.23107688
0.14528035
-0.10313814
-0.07127757
0.13388297
-0.10203382
-0.23052523
-0.15559024
-0.12967986
-0.03705567
0.23043686
0.21101762
0.23155971
-0.252619
-0.15265822
-0.18088347
0.064064026
0.06507233
-0.15943696
-0.102812044
0.13697812
0.03910416
-0.21017066
0.12072669
-0.26851237
-0.22093493
0.082252614
-0.1538282
-0.17305198
-0.17175281
-0.1112236
-0.007061179
-0.010819034
-0.14616893
0.0897516
0.06865541
-0.25002316
0.09390469
-0.028818652
0.15401253
-0.15450102
0.1600567
0.26273867
-0.1006092
-0.04934859
-0.023006573
-0.17989206
-0.05491504
-0.13753274
0.24979739
-0.2445529
0.28153345
0.12745847
-0.20368215
-0.17289948
-0.11460621
0.07491942
-0.110859275
0.10864551
-0.04712077
-0.19985631
-0.2599853
-0.10195303
-0.15502353
-0.13682842
-0.024271363
-0.21164039
-0.018073581
-0.03604478
-0.2338055
-0.20713973
0.03644657
-0.045790084
0.21265896
0.10024655
-0.11814733
-0.089092836
0.23484936
0.16809866
0.050761998
-0.1786997
-0.12116625
-0.26622316
0.14783405
-0.25137705
0.2593658
-0.19670197
0.20773195
0.11195784
-0.09955688
0.078570805
-0.08814667
0.09876094
-0.24675158
-0.062215105
0.32316014
-0.09791687
0.12551105
0.094817854
-0.034780927
-0.14399135
0.16436625
-0.19050774
0.11747278
0.07682893
0.006540226
-0.094492726
0.16537829
-0.16684198
0.06556279
-0.075530395
-0.10978636
-0.23920931
-0.24822666
-0.14660957
0.27553257
-0.08946687
0.21221943
-0.05518733
-0.09550127
0.13287088
-0.25945503
0.09811023
0.18700044
-0.046551928
0.18587026
0.017944356
0.19566956
0.2386547
-0.037500042
0.043571673
-0.20174164
-0.119925305
0.05433446
0.022927076
-0.1542074
-0.19429295
0.01849533
-0.21038027
-0.10109434
0.02966801
0.049745053
-0.0022388978
0.016053857
-0.033376325
0.08207956
0.07762181
-0.04276254
0.012743563
0.20927688
0.01981131
0.19555974
0.22900757
0.2388579
0.21818158
0.054574464
0.18045287
-0.07174982
-0.08433773
0.1337797
0.03206318
0.2171708
-0.07997484
0.3170324
-0.07283797
0.08904407
-0.22487316
-0.07712054
0.5546158
0.08598571
0.010469782
0.11964901
-0.040585365
0.13574049
-0.14292657
-0.17653497
0.12504822
-0.28916955
0.18569048
-0.19768412
0.12599695
0.15031178
0.1782774
-0.019605076
-0.30780458
0.05147293
0.08900579
0.09495415
-0.23992722
0.12511814
0.09434384
-0.20233752
0.21210594
0.016875755
0.18403259
-0.019222196
0.23440617
0.2156605
0.24166697
-0.048797194
-0.1208356
-0.059157047
0.12639195
0.0445996
-0.0016627867
0.22906357
-0.18589863
-0.08130476
-0.07007994
-0.17864104
0.27803576
0.17978492
0.0035774526
0.26211414
-0.114374235
-0.052917108
-0.0053658676
0.22699314
-0.22079207
-0.20078221
0.2772928
-0.18029049
0.21180156
-0.050918307
0.16430034
-0.028914787
0.021312146
-0.0022055295
0.2043842
0.07392067
-0.85380274
-0.0785321
0.2101424
0.0847799
-0.20479563
-0.14177099
-0.12079072
-0.103041224
-0.13138829
0.21925044
0.2609358
0.48060122
-0.114038326
0.22046529
0.1661909
-0.030526534
-0.03493485
0.11762184
-0.44536301
-0.10822868
0.185757
-0.05184042
0.054108217
0.096291274
-0.10811144
-0.050370526
0.11561907
-0.18099634
-0.05001201
-0.2757359
-0.16257715
0.068710744
0.32608837
-0.12683627
-0.08579076
-0.014962048
0.12603737
-0.27028427
-0.27768838
0.09075581
-0.022164678
0.043939956
0.16611616
0.060457084
0.14300212
0.15733497
-0.04790312
-0.08006609
0.24273825
0.15630482
-0.24452586
0.048716087
-0.11988829
-0.17566606
0.106159456
0.20466208
-0.042412564
0.046291336
0.15501513
0.2593657
-0.10674095
-0.18853864
0.25383762
-0.14077559
-0.08258477
-0.082746476
0.1812762
-0.17534186
0.06723313
0.27679104
-0.12874672
0.07990205
0.18891534
-0.15766296
0.109047316
-0.10801216
0.22203109
0.018404366
0.4424537
0.059001982
0.08509149
-0.26358923
-0.23793875
0.14386477
0.1091609
-0.09116715
-0.108760186
0.3139022
-0.17274274
0.23070568
0.28507727
0.024821438
0.28774986
-0.12663221
0.22976212
-0.09090648
0.1455679
-0.28892767
-0.60893995
0.10396329
-0.009997517
-0.068093464
-0.22109723
0.11053461
0.23929179
0.18558232
0.1793679
0.0072794305
0.21775758
0.0042045536
-0.07719247
0.19780678
-0.025420658
0.21735649
0.18495287
0.00509519
-0.09749641
0.065057024
0.15063086
-0.11323155
-0.11964949
0.08709306
0.009052034
0.12198551
-0.17760137
-0.009984191
-0.1814009
-0.09975728
-0.23773131
-0.049563155
-0.18159036
-0.23982345
-0.095735855
0.07638401
-0.2816115
-0.051570922
-0.16122071
-0.2671873
0.05997915
0.027600927
-0.24193206
-0.064911015
0.23260999
0.056361552
-0.2637612
0.033254553
-0.048529092
-0.079651535
-0.02834919
-0.06810993
0.2456771
0.01823026
0.08349478
-0.21126868
-0.1928878
0.23516959
-0.1210152
-0.059765417
0.21732442
-0.13397938
0.058196682
-0.2648123
0.05153298
0.14206754
-0.17140637
-0.011193269
0.19323704
-0.03678206
0.056744106
-0.11010316
-0.012842676
-0.302273
0.08515645
-0.029991606
0.13817455
0.0022448767
-0.1878126
-0.39204675
-0.4666801
0.08109733
0.0116635095
0.058605537
-0.25192624
0.2646072
-0.2525721
-0.1135871
-0.14174871
0.1023952
0.25514993
0.06516138
-0.16694485
0.15949272
0.1600324
0.059290472
0.14469422
-0.051367737
-0.16053495
0.06442135
0.042255413
0.03656395
0.08025044
-0.16840951
-0.09302699
0.029527627
0.21619654
0.13533446
0.15981546
-0.04267341
0.057272494
0.14189157
-0.04006909
0.009804763
-0.7396771
-0.32037848
0.023745166
-0.25861275
0.19465381
0.21425806
0.07250859
0.078659914
-0.09330773
-0.04076783
0.22066537
0.02420702
-0.20155174
0.20499489
0.16763556
-0.08389847
-0.037334118
0.06741917
0.10627917
0.024241298
-0.16786213
-0.03842894
-0.003881505
0.0442199
0.18762389
-0.023581792
0.005529816
-0.02399464
-0.1362375
0.048933804
0.0294502
0.15615241
0.011772543
0.2509678
-0.0038928294
0.14762743
-0.2242443
-0.14887324
-0.1626514
-0.2566519
-0.0528855
0.06598631
0.15501082
0.08635949
-0.13298145
-0.103744134
-0.055430964
0.16108711
0.21148352
0.2644958
-0.1316474
0.1767118
-0.14121246
-0.0023464772
0.27300164
-0.24276982
-0.23009115
-0.043969397
0.08069968
0.16038787
-0.09199535
-0.10641946
-0.030753175
0.03335212
-0.1959972
0.016325427
-0.25615975
-0.16995865
-0.05115166
-0.21492243
-0.09851716
0.034038745
-0.24582773
0.04465896
0.22088793
0.084299095
-0.09623158
0.01829598
-0.031777337
0.095918484
0.14318386
0.14220792
-0.16395235
0.019518316
-0.21816307
-0.16749588
0.040868185
0.10782723
0.2672612
0.30044383
0.21025532
0.19701242
-0.023815542
0.15983728
-0.17686631
-0.17951395
0.22816502
0.25478837
-0.2082057
-0.17374095
0.09584522
-0.17336248
-0.14363581
-0.17474921
0.083567284
-0.18778616
0.32380566
-0.04423505
-0.1582529
-0.15374558
0.22950852
-0.06693369
0.078950524
0.048781335
-0.20317012
0.09273015
0.33404663
0.22828496
-0.15221274
-0.25484467
0.16794176
0.05531392
-0.14966622
0.11964555
0.26627028
-0.19801311
-0.2213351
-0.22933206
0.061482515
-0.23920976
0.14185122
0.12957191
0.0656299
0.18046932
-0.007632346
0.17007232
0.15280594
0.06049957
-0.0065576434
-0.12961084
0.16887073
-0.09475124
-0.05454578
-0.17320573
-0.31728303
0.026878506
-0.18924285
0.08115693
0.09113592
0.08314941
-0.034447182
-0.08135968
-0.22340737
-0.2472682
-0.15623552
-0.15756242
0.07774946
-0.16744344
0.08449376
-0.0049871895
-0.22974257
-0.108915195
0.122927316
0.1196897
0.13162833
0.114270374
0.2664676
0.049363595
0.051320493
0.20561467
-0.08158234
-0.15998153
0.26702613
-0.012184444
-0.25578845
-0.23027557
0.22643122
0.25762373
-0.21965769
0.11756706
0.029424774
0.07765863
-0.23261954
0.24255309
-0.08160037
-0.087400034
-0.23027256
0.24404168
0.27265325
-0.22041611
-0.030386344
0.14717305
-0.11913517
-0.089647524
0.15060818
-0.104427025
0.2144339
0.011302292
-0.22115019
0.01323331
-0.2219033
0.11170168
0.12016566
-0.18640105
-0.25567845
-0.264393
0.2351757
0.046076532
0.18722352
0.101087496
0.016380602
0.022850394
-0.09991203
-0.105514206
-0.0795063
0.15469432
0.1553582
0.016023662
0.11133224
0.12025036
-0.10897171
0.12547237
0.048345774
0.11736824
-0.21666463
0.24766502
0.08485913
-0.01561924
0.15945944
0.0375814
-0.11217914
0.06702118
0.039741665
-0.08990632
-0.1355083
-0.16319105
-0.06715669
-0.040325526
0.16590694
0.21393909
-0.0772264
-0.16572231
0.021557158
-0.025850803
-0.15327162
-0.3329667
0.1365343
-0.24286911
0.0058489884
-0.2267843
-0.1229489
-0.22158177
0.023923904
-0.08174249
0.18006916
0.04683879
0.06332573
-0.082430914
0.24527843
0.2147764
0.20806395
-0.21676919
0.1455062
-0.06556622
0.16096349
0.24540383
-0.0013237958
0.11153424
-0.011796479
-0.15987581
0.14464515
-0.0347468
-0.13156453
-0.20598237
-0.100462414
-0.13263363
-0.23062925
0.06914392
-0.040137433
-0.15279618
-0.0076217707
-0.29613763
-0.15146855
-0.09283796
-0.005403787
-0.07948754
-0.20291428
0.17519613
-0.02479268
-0.21967857
-0.18062581
0.0698002
-0.08113092
-0.1251722
0.22389315
-0.100785986
0.09163627
-0.22155146
0.0686464
-0.042125497
-0.1076834
0.13876723
-0.22051784
0.18160477
-0.29726234
-0.07354174
-0.27485725
-0.21224713
0.1016464
0.1290977
0.0025561738
0.18331544
-0.11052604
-0.25241703
-0.0058333576
-0.23870735
0.15724623
0.041608054
-0.17382494
0.064977735
-0.042192288
0.056033194
-0.2609989
-0.11687197
0.13624638
0.1780907
0.22534002
0.15684932
-0.14093311
-0.21099395
0.1828434
-0.2504878
-0.22507846
0.13836934
-0.008137639
0.114993356
0.040077128
-0.022865994
0.07694564
-0.017077953
0.04650546
-0.047765054
-0.19829926
0.25820673
-0.0026946843
0.051935423
0.06122885
0.2243663
0.26817548
-0.21361461
0.083527274
-0.22866547
-0.19020987
0.27453372
-0.08464725
-0.044950362
0.20537588
-0.12264542
-0.11030298
-0.21676697
0.050755113
-0.041128587
-0.035102013
0.16125539
0.0686982
-0.0764382
0.056411106
-0.041678544
-0.06895862
-0.00829865
0.24071418
-0.109325066
-0.1994339
-0.27041003
0.11393479
0.07944372
0.09090172
-0.1987954
-0.19238581
0.2807348
0.2684579
0.15454236
-0.09601121
0.15007187
-0.19306299
0.17226335
0.23364058
-0.18580529
-0.034621738
0.1029389
0.24778752
0.033482764
-0.14120494
0.15280925
0.079420954
0.18286529
-0.012321562
-0.04777836
0.046447784
0.038531657
0.10627133
0.12150202
-0.030965706
-0.15746951
-0.08950564
0.09620797
-0.008961503
-0.16146685
-0.100796044
0.18118057
-0.22369811
0.13764411
0.1532144
0.048848435
-0.024631592
0.02363927
-0.013155553
-0.014172145
-0.16556634
0.25642532
0.1418276
-0.015845278
-0.20744756
0.20628572
0.0419947
-0.10622401
-0.18256196
0.15824339
-0.009373246
-0.24454248
-0.214233
0.048360314
-0.18562882
0.105523504
-0.06372146
-0.051202003
-0.02856002
0.14909238
-0.14531091
0.21731372
-0.051536378
0.051713947
0.1035806
-0.11522919
0.020078957
0.035235584
0.42932993
0.2603245
0.001086224
0.06095541
-0.08463458
0.08682412
0.14164996
0.1671249
-0.041714538
0.23919727
-0.055943716
0.0034217893
0.1674903
-0.07408421
0.09951662
0.0848778
-0.09815129
-0.18436877
0.01581493
0.20623519
0.21041155
0.10501007
-0.24815154
-0.021477532
-0.016534701
0.10597395
0.014540911
0.050334506
-0.17260599
0.19696124
0.2187722
0.08255621
0.112710744
0.0517016
-0.21903597
-0.19229704
0.2181434
-0.07257539
0.19563177
-0.02057738
-0.36993057
0.09803139
-0.031124467
-0.07135175
0.19069783
-0.0733617
0.103119045
0.064871565
-0.17843176
0.11724765
-0.17860122
-0.08822479
-0.25009242
0.15579951
0.12999023
-0.11861929
-0.102533504
0.09232845
-0.016323866
0.0024810922
-0.047544803
-0.23836657
-0.2660898
0.25675184
0.060297236
0.19350003
-0.2550657
0.17618258
0.15968072
-0.23140498
0.03234668
-0.1468947
-0.035520293
-0.21000262
-0.18605258
0.1546239
0.1346712
0.081608124
0.19330606
0.056378677
0.25377166
-0.078796454
-0.16237664
-0.1053672
0.23789303
-0.18305367
-0.040852636
-0.23216851
-0.10319921
0.247926
0.25133625
-0.16111581
-0.22695884
0.13179262
-0.08127481
0.0451411
0.15041755
0.30002207
0.19442299
0.08688965
0.23786733
0.22547008
-0.07033516
-0.13209674
-0.075995326
-0.10970692
-0.0022746325
0.01088371
-0.14833096
0.04040484
-0.1985122
-0.18611445
-0.119639814
0.28766537
0.224205
0.041158997
0.13522877
-0.1531301
0.16447802
-0.19647221
0.29072058
-0.051509615
-0.16981678
-0.10241664
0.17890935
-0.07294566
0.18984616
0.14502226
0.2627492
0.15423968
-0.082491145
0.061254777
-0.13920726
0.216589
0.112234175
-0.09124887
0.08950999
0.13381547
0.2194278
-0.084492005
-0.34173658
0.16478461
-0.23518439
-0.21346328
0.21829674
-0.07763003
-0.22781733
0.0914366
0.08276665
-0.17739624
0.09707939
-0.16262457
0.027863964
-0.09903929
-0.23118699
0.011794843
0.038014088
-0.29842365
0.12014562
0.23252124
-0.18791538
-0.16681021
-0.12609713
0.17001596
0.1770794
-0.17588666
0.13688305
0.087003976
0.061232924
0.07453586
-0.16561343
-0.08424062
-0.04457754
0.058186583
-0.084240764
0.18532836
0.1703214
0.088544086
0.10901195
-0.03519539
-0.07583345
0.20373233
0.13881502
0.08368308
-0.12066608
-0.019228961
-0.22860248
-0.22092965
-0.052223444
-0.107129596
-0.2514186
-0.18800291
0.1784893
-0.17592372
0.05725024
-0.20608608
-0.16523372
-0.14096634
-0.13740973
0.12719321
-0.18964937
0.08350196
0.038557835
-0.15443282
-0.02775792
-0.01140784
-0.19245744
-0.020178284
0.16040769
-0.103768006
-0.1404253
0.108880885
0.12151774
-0.1366503
-0.029032173
0.114133194
-0.106482565
0.17398667
0.1278296
-0.10017381
-0.1967756
0.25881886
-0.095259845
-0.1373718
0.038059063
0.21584947
0.17308551
0.07668233
0.03290344
0.092069246
-0.1336846
-0.24824856
0.072977826
0.0024240639
0.24263847
0.013882365
-0.08699607
-0.037708465
0.00038349628
0.25979075
0.07358113
0.18532418
-0.08216817
-0.11050631
0.18743154
-0.02496007
0.2338816
0.12896012
-0.082500525
-0.015347146
-0.20871352
-0.049037725
0.22457
-0.20331709
-0.059577852
0.097307116
-0.146884
-0.062742345
0.14697145
0.20979159
-0.19727391
-0.123424105
-0.1739807
0.2795886
-0.17289437
0.012415901
-0.01746884
-0.16148336
0.26576817
0.14328802
-0.15562335
-0.08983776
0.20617336
-0.035018086
-0.0448148
0.049060702
0.115441866
-0.058097035
0.19829214
0.05697927
-0.22769524
0.26945162
0.01507906
-0.17800581
-0.2629481
-0.23645669
-0.24240924
0.1050915
0.038136896
-0.029633801
0.018239519
-0.020541951
0.1877926
0.10534495
-0.0005508157
0.21322396
-0.11909959
-0.013547776
-0.15076806
-0.12321959
-0.6151908
-0.19157976
0.11208901
0.017423302
0.13795751
0.12029109
-0.05126542
-0.10522946
-0.27991378
-0.089728385
-0.0056747296
0.20455658
0.11379607
0.10311369
-0.045217507
-0.026723882
-0.35532314
-0.14902131
0.014171898
0.17862767
-0.16036208
-0.06526183
0.20804007
0.13395035
0.017788043
0.0631451
0.19822475
0.08944759
0.13642299
-0.0015995818
-0.009326623
-0.029325783
-0.17972621
-0.016838238
-0.017612869
-0.027207926
0.13489036
-0.14340375
0.1314511
0.06694662
0.095548905
-0.06490285
0.09977084
0.15766978
-0.10447567
0.014390046
-0.26770186
0.011790398
-0.19912988
0.1919479
-0.064862385
0.14161867
0.17124707
0.008306285
-0.19264749
-0.15050201
-0.12064948
0.076049685
-0.08533813
-0.26748776
0.127565
-0.00732869
0.00932928
0.04398442
-0.16609667
-0.0070500863
0.19726807
-0.07214249
0.24889858
0.21662086
0.046397284
-0.11727052
-0.121521786
-0.012817383
0.2916237
0.13641706
-0.14320844
-0.18516454
-0.30269194
-0.24361323
-0.18457058
-0.20721982
0.20001093
-0.085709184
-0.19773223
0.21745254
0.15512449
0.22770062
0.09865273
0.009156048
-0.1169788
-0.23079458
0.17568706
0.056707606
-0.20797488
0.15018432
0.014643648
0.1223551
-0.16583063
0.068781264
0.03469144
0.29500645
0.01300738
0.15443413
0.11667029
0.25487125
-0.085470915
0.01699197
0.17147145
0.050604485
0.103372954
-0.02537419
-0.13711724
0.23546593
0.057935763
-0.07475353
0.022924619
0.23496735
-0.11040599
-0.16576263
0.1614272
-0.2140643
-0.09958925
-0.04621508
-0.13540505
-0.04175351
-0.019498587
-0.02822624
-0.1237109
0.10656075
-0.08651888
-0.10514217
0.19240677
-0.12902664
0.029042039
-0.18449372
-0.021438109
0.079769105
-0.105770856
-0.17938332
0.10670596
0.049518242
0.10840703
0.14632863
0.17296988
0.19578607
-0.039203078
0.2411247
0.26680887
0.24298498
-0.10765977
0.23143865
-0.052811153
-0.20078313
0.14098567
0.06696281
-0.1987517
-0.037489466
-0.12446913
0.033070635
0.13992634
-0.12012428
-0.012156793
-0.11901617
-0.11576107
0.12898095
0.22304142
0.12885134
0.05735159
-0.36489683
-0.08010708
0.10195571
0.23933135
-0.019715236
0.09718634
-0.2685272
-0.19630198
-0.1714965
-0.12919581
-0.22226459
0.14620748
-0.17337146
0.25500128
-0.13088398
-0.20955573
0.0013557374
0.17232892
0.1886259
0.072334655
-0.06377475
0.24958807
0.28302953
-0.14967117
-0.047374576
0.23332103
-0.16691384
0.04935314
0.12570857
0.0043636286
0.26216173
-0.1298933
0.18223684
-0.17278796
0.012956702
0.13930522
0.032262303
-0.008623987
0.02856838
-0.17159715
0.020273048
0.03441131
0.19415703
-0.037082106
0.1715326
0.06567351
-0.36735982
0.058490936
-0.2379675
-0.09244266
-0.10298594
0.026535964
0.20004016
0.1270651
0.27345064
-0.024949824
-0.134693
-0.13078547
0.022696082
0.2014312
0.16263303
0.24958389
-0.14275047
0.22861713
-0.06443691
-0.07136795
0.1999124
0.03255875
0.07195936
-0.15226871
0.23917198
-0.23315878
-0.06325184
0.059043746
-0.19306974
0.08920035
-0.23596576
0.207012
-0.07749962
0.11390356
-0.10068567
-0.039587606
-0.12720889
-0.21412577
0.021874651
0.11880106
0.20976207
0.097908854
-0.21280241
-0.24035698
0.21949758
0.22554739
0.20811693
-0.049302407
-0.21104588
0.23449178
-0.25037894
0.056988716
-0.03136399
0.21230392
0.2119434
-0.2384159
-0.23342381
-0.031847745
0.083733864
-0.18601874
-0.13158968
0.1675753
0.02042766
0.1688965
0.16967002
-0.040410206
0.10221676
-0.08338041
0.153431
-0.06689008
-0.05262616
0.23077166
-0.13577905
0.0077950954
0.036711793
-0.18211046
-0.18541166
0.0014264584
0.052265737
0.08314441
-0.26000872
-0.14031675
-0.07136807
0.14668033
-0.16539907
-0.19628905
0.1318451
0.06901765
-0.104677744
0.28973246
0.08948451
-0.26851052
-0.13648874
0.1711895
0.09099017
-0.016747424
0.0013932211
0.26002863
0.17829633
-0.23192388
0.06543931
0.054397807
-0.040681746
-0.14382073
0.11687572
-0.3241574
-0.08013876
-0.12026671
-0.11370504
-0.25926727
-0.14056247
-0.1507312
0.23639053
-0.28519633
-0.37417814
-0.1777479
-0.0764465
-0.095092565
0.21856932
-0.24324487
-0.29691544
0.07624244
-0.19883397
-0.2543098
0.20246206
-0.11354773
0.26225978
-0.026479172
0.16482896
-0.1184812
-0.1375337
-0.11020796
0.2581303
-0.014461478
0.1413795
-0.23894283
-0.007845744
0.044382036
0.26026222
-0.06368675
0.25886965
-0.22518168
-0.026804138
0.14421104
-0.00075715716
-0.13819326
-0.061169658
0.23423368
-0.04582975
0.30329326
-0.19675247
-0.24950255
-0.20925528
0.08564767
-0.07600241
-0.17496133
-0.02435422
-0.12989499
-0.058186244
-0.23962851
-0.13092664
0.18904196
-0.25792864
-0.06566306
-0.104896195
-0.16134064
-0.07941616
-0.09620334
-0.17685093
0.22754224
0.23624068
0.22183868
-0.084664345
0.09560712
-0.007043857
0.033918396
0.018163418
0.0034790568
0.0
0.028877808
0.005928729
-0.0072682425
0.0019963407
0.008113347
-0.018160578
-0.012457027
0.0
0.018167544
0.0
0.003928148
0.012483637
0.0
0.005408763
-0.00484418
0.0004732373
0.024312034
0.0
0.015328614
0.003972473
-0.020862792
-0.02523735
0.014066867
0.001983293
0.0
0.012338809
-0.0053290348
0.022241017
0.0051256963
0.01876614
0.0032194601
0.0
0.0
0.06330164
0.0067804083
0.018400561
-0.0065141274
0.03206476
0.0
0.004643945
0.046022438
0.0022176101
-0.028849341
0.029771132
0.0059967204
-0.011024587
-0.011957844
-0.0037720937
-0.007280816
-0.0030818183
0.007336422
0.013159807
0.0
0.018856144
0.0
-0.0013694208
0.0
-0.041613773
0.0
0.0007012279
0.007380743
0.07216105
0.004004616
0.0
-0.007992156
0.009729257
-0.007090484
-0.011070422
0.0036031774
0.04191567
0.005993558
0.009536659
0.0
0.012106972
-0.006975165
0.1936695
-0.08791129
0.077342555
-0.06415487
-0.13518162
-0.07713415
-0.08334814
0.13360699
-0.10868558
0.06283631
-0.09358109
-0.036877874
-0.0017184019
-0.06021786
0.23024446
-0.068288036
-0.1877075
-0.0944055
-0.22875012
-0.02443504
-0.12453567
-0.050241593
0.072592676
-0.054293394
-0.07661366
0.05817516
-0.034709256
-0.040455267
0.03411327
0.06237492
0.06329444
0.07109513
0.25540787
-0.12372734
0.055692233
0.13056326
-0.19491106
-0.2603946
0.08006462
-0.03802156
0.08218106
0.10925705
0.083512
-0.046304673
-0.11454238
0.0622973
0.1858628
0.035133064
0.05481144
0.10386417
0.081028014
0.23341228
-0.11325109
0.08067914
0.039976943
-0.05727467
-0.08583536
-0.017692417
0.25875837
-0.19032475
0.03305002
-0.10629031
0.23914455
0.09730676
0.026688099
-0.047274254
0.07368292
0.13370855
0.052057415
0.16570456
0.08347158
0.039564464
-0.035151064
0.13392675
0.14167215
-0.036543682
-0.07865049
0.10926515
-0.18840148
0.1064411
-0.006171564
