81
2
80
1
relu
line
1
0
0.056847475
-0.019434612
0.054591656
0.090598285
-0.13434458
0.13011776
0.06086495
0.0019617311
-0.115982816
-0.09461392
-0.20783289
-0.011103094
-0.0017077625
-0.14924641
0.22881877
0.08912445
-0.06377434
-0.093820944
-0.10318283
0.08219634
-0.04455301
0.2658818
0.07214317
-0.02675964
0.14976475
-0.08460942
0.082071334
0.04022841
0.16235225
0.06198871
0.10972535
-0.016362453
-0.096732125
-0.008906688
-0.076403186
0.18437248
-0.19370416
-0.25878224
0.14061716
-0.28413782
0.23226345
0.31247225
0.14877206
-0.046017945
0.029208353
0.25987718
0.04954714
-0.009991095
0.09036875
0.21808445
-0.048717104
0.08935103
-0.11505544
-0.0040895278
-0.061638292
-0.23281717
-0.05767882
-0.017582864
0.32838494
-0.18914628
-0.1154593
-0.105632156
0.26935726
0.096704245
0.12697661
0.03775399
0.01742524
-0.07425205
0.051735073
0.021812368
0.20439592
0.06634898
0.24452855
0.016061036
-0.080879495
0.092489466
0.06306744
0.10858858
-0.20465411
-0.028161637
0.12403729
-0.015392016
-0.24806577
-0.20654175
0.061267406
-0.098759584
0.2773562
-0.02531673
-0.107378416
-0.05584411
-0.098802984
-0.04557599
-0.05830273
-0.025110096
0.037280202
-0.06736228
-0.091134235
0.20876634
0.18603624
0.0030267132
-0.14657348
-0.026871867
-0.17644659
0.022943884
0.29773316
0.047104247
0.014781108
0.0006491094
0.24149652
0.17376548
0.05014457
-0.061874144
-0.032589085
0.016954077
0.029907089
-0.04915139
-0.2260692
-0.20884466
0.09367052
-0.010145299
0.07957104
0.03492028
-0.17709309
-0.20606142
0.012329759
0.22421537
0.12895611
-0.24453853
0.04635389
0.1396485
-0.14349411
0.021043027
0.09904426
0.18681674
-0.040398203
0.12675422
-0.12582663
-0.1714795
-0.2402757
-0.13410553
0.15276806
0.14454609
-0.26053333
-0.07226542
0.31185403
0.059869666
0.14513412
0.0016324726
0.17661938
-0.21339367
-0.1083004
-0.27002934
0.25260314
-0.12452592
0.06766328
-0.027273785
0.046441372
-0.19192223
0.05264025
-0.08977557
-0.14372438
0.11504554
0.19291317
0.07935253
0.06625524
0.02353232
-0.23872387
-0.16876622
0.022276156
-0.11951761
-0.061833404
0.10355413
-0.18988355
-0.0069338083
0.17119932
-0.11135468
-0.13180551
-0.08978534
0.22580525
-0.18682204
0.16445473
-0.045991585
0.1635885
-0.22068216
-0.14061685
-0.052407414
0.29651454
0.037670918
0.010127584
-0.22200388
0.24550907
-0.04694428
0.01122619
0.1615978
-0.17116284
0.08058041
0.11925489
-0.14407414
-0.2631445
0.13731904
0.21312118
0.054171488
-0.021134764
-0.2705825
-0.10151793
-0.23363148
-0.15351482
-0.16102487
0.22371379
0.023656124
-0.2279166
0.25388518
-0.010971218
-0.25865823
0.14679585
0.12676966
-0.06742662
0.08061442
-0.011734049
-0.038515896
0.09049224
0.18386182
-0.12951162
-0.104785934
0.08379968
0.030690355
0.20710602
0.12405537
-0.011287183
0.16143483
0.004475087
0.04700379
-0.2027966
0.17727768
-0.033114802
0.17821829
-0.037232872
0.050317585
-0.10918022
0.16707602
0.1550796
-0.1270789
-0.2525593
0.22505875
-0.09854086
-0.14240675
0.14723687
-0.1163164
-0.19812596
-0.13323474
-0.052445706
0.12681529
0.040164232
-0.09347184
0.16438475
0.30248606
-0.15487826
0.06548059
-0.056217253
0.08648276
0.085146025
0.0070534437
-0.2034125
-0.039342716
-0.09384911
0.07732149
0.62513626
0.21537161
-0.013319219
-0.15337318
-0.033198398
-0.012854954
-0.046892527
0.14882565
-0.2503371
-0.20284623
0.22065848
-0.14266683
-0.009205224
0.008767467
0.04059872
0.023112375
0.08480236
0.14099106
-0.008331475
-0.10798183
0.13968153
-0.06294184
0.061178915
0.10899229
-0.1724903
0.0015304091
-0.24449252
0.17843604
-0.26926687
0.18914539
-0.12719014
0.15654236
-0.15654023
-0.08845037
0.04017737
-0.15685287
0.024810888
0.17310679
-0.026028998
-0.06622862
0.20868412
-0.051789805
-0.21393451
0.14558704
-0.24630992
-0.11862115
-0.3063765
-0.2521749
0.000785293
0.09042574
-0.014252198
-0.16579598
0.16824767
-0.25049978
0.027376888
-0.10479394
0.22625667
0.034430344
0.10274744
-0.025932826
-0.27248654
0.10032161
0.14905767
0.11785108
0.002797465
0.06435159
0.20917416
-0.019940883
-0.15930223
0.12697308
0.047176372
-0.23765695
0.20259543
0.15197425
0.09112029
-0.07367599
0.06272864
0.25070155
0.19181804
-0.0684205
-0.13075602
0.043538928
0.20095824
-0.098958805
-0.23341031
0.16942286
-0.25664037
-0.04078868
0.2588366
0.11682966
-0.26971883
0.15119743
-0.06238354
-0.09134678
0.219585
-0.26751667
0.08924222
-0.20461303
0.2466595
-0.14615323
-0.04640396
-0.10475591
0.0016428647
-0.11597211
0.031835858
-0.10809078
-0.18317845
-0.22050871
-0.02636393
0.24552438
-0.2624099
0.057507396
0.030527474
-0.017746836
0.17327145
-0.0255865
-0.15003464
-0.20719075
-0.07484592
-0.07017335
-0.021859318
-0.02336157
-0.24183185
0.17837884
-0.07146944
-0.007167469
-0.24375202
-0.0038834563
0.18481116
0.05763151
-0.19504891
0.043395847
-0.20623556
-0.2669371
0.17251487
0.04623417
-0.14264338
-0.06807269
-0.16145696
0.324103
-0.055703778
0.06533846
0.117476426
-0.008901505
0.09766914
0.17733446
0.0057718456
0.08608094
-0.14639433
-0.21148536
0.13837683
-0.05340521
-0.06736498
-0.017405318
-0.10749695
-0.2037972
0.08558324
0.027677786
-0.17081498
0.110016674
0.010993059
-0.14536014
-0.25943553
-0.24244797
-0.020639835
0.18887165
-0.0820355
-0.15059102
0.09363701
0.069471456
-0.10941462
0.13203609
0.06380178
-0.06240405
0.18119544
0.16075984
0.1977027
0.058978617
0.20961966
-0.10067356
-0.2405624
-0.002551731
-0.17553438
0.024045298
0.22413145
0.17626786
0.05220449
-0.29994303
-0.08800088
0.056666736
-0.26465297
0.20064121
-0.011748649
-0.023067966
-0.23340635
0.1245566
-0.081337884
0.05563858
-0.008282891
0.2085289
-0.101577744
-0.058449183
-0.26624587
-0.06509175
-0.10121845
-0.1206239
0.18558107
0.08351295
0.08281198
0.23172833
0.07678868
-0.22248095
0.07805006
0.11911558
0.0013401101
-0.11020694
-0.13741751
0.01821404
-0.24310203
-0.21768153
-0.054461945
0.124469616
0.09325962
-0.19176057
0.057762705
-0.081566334
0.052008063
0.23759621
0.076815784
0.021480981
0.19847895
-0.21746883
-0.07533499
0.16853604
0.1676745
-0.11436366
0.010030538
-0.16252236
0.006547816
-0.050746415
-0.17012304
0.17574406
-0.06260334
0.054757774
-0.16483293
-0.22443108
0.060979195
0.18468568
-0.16607566
-0.2831729
0.14630985
-0.21317609
0.0654961
-0.15661548
-0.13018958
-0.0670416
0.2102811
0.09442103
-0.08795119
-0.087294966
-0.0832903
0.24763523
-0.19947197
-0.076355785
0.12547734
-0.009200272
-0.021037351
-0.038433775
-0.20513682
0.17230129
0.1736108
-0.091935515
-0.022021092
-0.18416116
-0.16413473
-0.26705
0.2687729
-0.03174509
0.004349178
0.14229509
0.1941931
0.08516938
-0.0800326
-0.17694706
-0.111079894
0.042329784
-0.20226991
0.039742026
-0.098752
-0.16309777
-0.17521879
0.030382276
0.08728077
-0.2567729
-0.23121291
-0.08204662
-0.13367954
0.097391434
0.11522885
-0.11645686
0.0008260121
0.075611584
0.123740055
-0.21591203
-0.1737132
-0.022355601
-0.13977276
-0.10524444
-0.27038583
0.11073734
0.22195984
-0.14407414
0.22969213
-0.20094171
0.07247324
-0.1778928
0.034221917
-0.058298282
-0.2637058
0.090032116
0.08153143
-0.16625617
0.19443354
0.122957855
-0.17066973
0.017260823
0.24073693
0.06392773
0.22473527
-0.048318055
-0.062418267
0.01675585
-0.031851772
-0.1921297
-0.16332343
-0.04826021
0.11238557
0.10155511
0.22210743
-0.12117628
-0.109525815
0.009308728
-0.109657325
0.2368188
-0.25500506
0.18475972
0.17707512
0.03104311
-0.09061352
0.004075511
-0.21308939
0.062538
0.21157031
0.25358653
0.2289421
-0.010308385
-0.22809097
0.20419851
-0.17611037
0.21692215
-0.17770115
-0.081284076
-0.15276316
0.098323144
-0.061838623
-0.037649583
-0.15743832
-0.2293483
0.16149032
0.24564575
-0.15547758
0.26841092
0.21004462
0.25546786
0.19599545
0.1925116
-0.33047077
0.26810902
0.21455662
-0.13558832
-0.19096884
0.17227457
-0.04147584
0.08252956
0.27297732
-0.110669
0.25744843
0.12480995
-0.1871663
0.07426395
-0.20953366
-0.08616789
-0.08522404
0.27470776
0.033941876
-0.1298891
-0.20418268
-0.13358697
0.075049944
-0.028032908
-0.006887984
0.3077987
0.010515375
0.008859217
0.060644902
-0.113730974
-0.2640912
0.046760663
0.07286377
-0.2292937
0.17864594
-0.110212624
0.22154237
-0.05189931
-0.14396541
-0.14744692
-0.17753239
-0.20648637
0.2652879
-0.03715951
-0.23729073
0.12834458
0.04238987
-0.20362961
0.18090305
0.18174702
0.16054702
0.1874088
-0.09485519
0.037110455
0.15011412
-0.18374819
0.13165368
-0.042309195
0.059144806
-0.12637131
0.2614267
-0.10950975
-0.25897625
0.19073871
-0.24003386
-0.018890994
-0.11601186
-0.102631606
-0.11416673
-0.117890656
0.18963498
0.19403295
0.11846808
-0.11632248
-0.027721735
0.048191667
0.24707466
-0.16293271
-0.05834135
-0.19662055
-0.18668184
0.037088674
-0.07868394
0.20468095
-0.06418438
-0.23106515
0.19114722
-0.2646373
-0.23687924
-0.07494341
-0.09529328
0.13976932
0.19631413
0.07471715
0.09645271
0.1436919
-0.009541217
0.044166178
-0.05857365
0.22630584
-0.040788382
0.008870363
0.13469769
0.08396859
-0.13814877
0.046509117
0.16297951
0.16121364
-0.05835311
0.03534898
-0.14765874
-0.032953296
-0.14402333
-0.09428139
0.09203544
-0.26255894
0.10709256
0.03867379
-0.26256528
-0.12810484
-0.13895464
-0.22158113
-0.15577562
-0.04906988
-0.12598614
-0.17711216
0.02894983
0.025819778
-0.15066038
-0.012466627
0.27068132
-0.19893722
-0.30804902
-0.098967835
0.25063848
0.19922403
-0.070783734
-0.006083101
0.08047759
-0.07259707
0.07644364
0.08647898
-0.082073435
0.23872752
-0.10089037
-0.043937296
0.12273815
-0.280567
0.16164106
-0.2572428
-0.23678046
-0.2867281
0.16557102
0.29206288
0.12106726
0.20376888
0.2595048
0.019927667
-0.06015827
0.08254641
0.2189467
-0.0025770266
0.14940843
-0.14010434
-0.12033368
-0.12904145
-0.10036561
0.10689912
-0.21203695
0.17648378
-0.13138206
-0.20281184
0.057528198
-0.11281394
0.26742154
-0.017478585
-0.10272946
-0.19894882
-0.09629439
0.16292964
0.010513037
-0.1419533
-0.09978161
-0.09212905
-0.05533593
-0.07641675
-0.17956421
0.112727225
0.15294692
0.13200954
0.11021344
0.09980726
0.050769765
0.08337876
-0.12819755
0.058977127
0.12241447
-0.11350492
0.20494482
0.18302134
0.00087171793
0.16813615
0.018640028
0.10114947
-0.013975383
-0.14588316
0.25021577
0.1668261
0.08847301
0.020114005
-0.14511627
-0.028078053
0.09582444
0.14210418
0.22880888
-0.22704858
0.18836066
-0.03807582
-0.1783238
0.115683585
-0.024588838
-0.14003031
-0.063918464
-0.23918338
0.24153626
-0.018309928
0.06630403
0.017065758
-0.083114654
-0.17651019
-0.1790584
0.17309698
-0.09016447
0.20026982
-0.05573184
0.18065953
-0.08526459
-0.05218994
0.010393288
0.2488337
0.2464168
-0.2694231
0.038416177
-0.0304055
0.16166124
0.15448779
-0.29730168
0.21558975
0.102975436
-0.20754084
-0.094362825
0.13879481
0.059995115
-0.043408427
0.17098185
0.25721884
-0.340697
-0.30938956
0.01662153
-0.12088704
0.19257995
0.22351885
0.12851739
-0.00801966
-0.011240063
-0.22826682
0.074485004
-0.0349492
-0.009666244
0.14628887
0.16151094
-0.23755695
-0.19113122
-0.1371515
-0.0986184
0.015058875
-0.016582072
-0.052706964
-0.21638149
-0.13362394
0.15111515
-0.10200602
-0.094128154
0.010251164
-0.057047516
-0.16220686
0.15652676
-0.32964832
0.027417405
-0.026807357
0.17229167
0.23106888
-0.037803613
-0.20059949
0.018547565
-0.12555772
-0.16982806
-0.013283551
0.32584378
0.13379866
-0.18728843
0.18450499
-0.374736
0.20066507
-0.26295152
0.30818608
0.08005351
-0.11473971
0.04473886
-0.229927
0.18311387
0.32943356
0.10328634
0.034140203
0.09332009
-0.06761636
-0.16068727
0.019289998
-0.16247748
0.07480079
0.02011004
0.17812179
-0.14235763
-0.19105016
0.0028557505
0.17541327
-0.21337727
0.1949724
0.013275741
-0.1896589
0.034531683
-0.1482695
0.1022751
0.12171349
-0.19432735
-0.12616086
-0.18838108
0.0014712877
-0.0021720887
0.0034501476
-0.016598761
-0.17406158
0.13532718
-0.11463047
0.16641538
-0.15324664
-0.11137462
0.18330416
-0.20416838
0.22646274
-0.16693933
-0.19994853
-0.113466814
-0.18701796
-0.06926526
0.21328315
-0.2659931
-0.15835251
0.045086145
0.012046975
-0.03273776
-0.21508026
-0.16609374
-0.28137654
-0.0759466
0.25282645
-0.14973879
-0.19857211
-0.08650879
0.08856173
-0.104811236
-0.13697015
0.22422574
-0.47056913
-0.1729196
0.04081875
-0.16120695
-0.21468794
-0.026110545
0.03940171
0.028844357
-0.1525906
0.07417762
0.020901933
-0.26009405
0.1985702
-0.004916668
0.039300926
-0.20568699
0.28968942
0.3656145
0.0035264029
0.117632255
-0.0015354312
-0.12150824
0.2318821
-0.27028942
-0.060647786
0.22773376
-0.10754978
-0.23837708
-0.12781627
0.270707
0.16759105
0.11062376
0.25522056
0.13119273
0.027501686
-0.04390412
0.22002995
-0.0082362
-0.06738977
0.0762659
0.14317855
0.02743766
-0.15732461
-0.25890082
-0.084166296
0.046304215
-0.025679205
0.048377514
-0.07982776
-0.2471792
0.27121785
-0.03994772
0.003525501
0.15778944
0.17411149
0.18286985
0.19423671
-0.18763751
-0.19072822
0.3047472
-0.01388514
-0.24103735
-0.13173941
-0.017813303
-0.08210532
0.015355468
-0.16726547
0.05363679
0.23102689
-0.10034382
0.22357275
-0.10634857
-0.06134219
-0.10024273
-0.14487556
0.243961
0.07120677
0.19255719
0.047424536
0.0975502
-0.24023037
-0.18565574
0.13663658
0.13340506
0.17730337
0.044366624
0.070055544
0.13694936
-0.21608773
0.26184294
-0.15614522
0.23191524
0.17083064
0.23222
0.18633519
0.15852775
0.19390772
-0.09463422
-0.11519219
0.08261647
0.021191118
0.11697713
-0.1590321
-0.23898248
-0.22537005
0.25872818
-0.13896124
-0.24646583
-0.0064164796
-0.18563336
-0.025803532
-0.09813055
0.23905177
-0.1406768
0.105994985
-0.15143321
-0.17189343
0.10080406
-0.08570342
0.22005832
-0.2506022
0.0017740821
0.21747175
0.19200478
0.07983733
0.107541904
0.0033250402
-0.08416483
0.21283695
0.09162292
0.0698383
0.0422621
-0.2202721
0.17891401
0.0043006837
-0.09998706
0.09217366
-0.062290054
-0.11320356
0.056222554
-0.10240022
0.24537158
-0.15303789
0.13634364
-0.107330576
-0.13953859
-0.1904902
-0.0947292
0.09596217
0.16265137
0.21735553
0.24464788
0.26501432
0.3311608
0.24126267
0.04267076
-0.1339913
-0.17178819
0.3118736
0.053336553
-0.22400412
0.23017365
0.025600523
0.13818374
-0.2114961
-0.105819546
0.13071564
-0.011500075
0.20791933
-0.09791367
0.0655042
-0.21196349
-0.16894716
0.15368894
0.18318804
0.18071516
-0.106121115
-0.2529259
0.051885545
-0.1465756
-0.31018385
0.102710135
0.20218015
-0.1770278
-0.15277405
0.059866827
-0.27247617
0.06546529
-0.07704016
0.14939001
-0.14728352
0.16223782
0.009514615
-0.28659698
-0.049205158
-0.2620351
0.2012968
0.10108745
-0.09569566
-0.089557126
-0.091914475
-0.24746513
0.03907311
0.15174714
0.07656873
-0.029521227
0.015933828
-0.25366697
0.11492842
0.11634909
-0.19915412
-0.056230117
-0.18611327
0.23382908
0.14424986
-0.11511307
0.06752476
0.06334221
0.06801245
0.037994616
0.09428199
-0.24133344
0.066615045
-0.2149747
-0.101749316
-0.026617408
0.0036076366
-0.04107195
0.10401213
0.07513546
0.1299353
-0.0955973
0.1918669
0.12318043
0.22426659
0.284263
-0.18303329
0.16394721
0.16015883
0.29755202
-0.2327389
-0.19003206
-0.096879825
0.10546359
0.2435081
0.00039033842
-0.09228195
-0.21928161
-0.25126344
0.08028264
0.12972216
0.017148467
-0.195893
-0.24458382
-0.0040679597
0.083338186
0.1402138
0.22462441
-0.03867367
-0.13391474
0.23153274
0.09314108
-0.014621913
0.13765077
0.24698731
-0.06958691
0.12559886
-0.2645586
-0.02534415
0.1211502
0.012721776
0.22625671
0.028719842
-0.119252324
-0.18580334
0.10023546
0.20864615
-0.17318323
-0.222784
0.14965585
-0.026554054
0.1459278
-0.15977198
0.09367622
0.28902972
-0.021599472
-0.28623316
-0.012622327
0.019004863
-0.2256882
-0.010528301
-0.2896398
0.027043339
0.12912169
0.16396254
-0.15865937
0.15587147
-0.04520547
0.1294284
-0.100803815
0.2559485
-0.18950978
0.016786814
-0.23557125
-0.089483455
-0.24370296
-0.022853501
-0.7702545
0.0451971
0.05705445
-0.25085112
-0.19392453
0.20263438
0.05078807
0.1314038
-0.031963952
0.20185307
-0.081005156
0.094780944
0.0349363
-0.27056295
-0.22343457
-0.10785209
-0.047913406
-0.0908812
-0.15852347
0.06473234
-0.16215767
-0.21796426
-0.13016218
0.02234746
0.15276274
-0.049369913
0.049094558
0.20587343
0.08693341
0.10627464
-0.044027943
-0.14500864
0.24670848
-0.06292567
0.15152015
-0.044684798
-0.031068325
0.24080612
0.0017729788
-0.08930726
-0.41134125
-0.028987154
-0.022607053
-0.098121
-0.100158714
0.17547578
0.22794473
0.05239555
-0.013121857
0.2076368
-0.13261865
-0.1854471
0.108135134
-0.15265825
0.11743355
0.25595605
-0.17320503
0.07656178
0.1766539
0.24028166
-0.002960831
-0.2198147
-0.12310762
-0.019930487
-0.20298569
0.2607184
-0.17110357
-0.17550758
-0.21882376
-0.009306192
-0.02632412
-0.14904112
-0.0641177
-0.06958155
-0.13081479
0.184955
-0.20123702
0.19974919
-0.2552769
0.06342513
-0.12501927
-0.2624285
0.26006088
0.049669024
0.028438943
-0.26426622
-0.2548154
0.16660488
0.0021189055
0.13065448
-0.13752149
-0.11942944
0.19905634
-0.00885463
0.07569027
-0.16986585
-0.11429073
-0.25907865
-0.26259154
0.06558603
-0.69229364
-0.13804685
-0.20080808
-0.02238093
0.1700357
0.041005496
0.22693995
0.017569402
0.06794661
-0.08717516
-0.14484529
0.18479268
-0.19051099
0.24970415
0.2031771
-0.038792327
0.07529302
0.21303214
0.011815488
-0.22021112
-0.21416059
-0.030264124
-0.1555301
-0.11942211
-0.009358138
-0.04685223
-0.12207687
-0.22217117
-0.11785905
-0.07483673
0.16385481
0.0048461854
-0.17900011
0.27172375
0.23290807
0.14812383
0.10927343
-0.08045517
-0.27076796
-0.26843038
0.016513556
-0.20477358
0.25714034
-0.009815872
0.19994509
0.09328747
-0.13675359
0.05736068
-0.1048457
-0.11147849
-0.14670469
0.20835248
-0.07559171
0.2260786
0.061348557
0.016367227
0.087304026
0.21451995
0.25168347
0.2455535
-0.024283081
-0.16864865
-0.0743023
-0.14038908
-0.25377
-0.18054597
-0.24737969
0.040304124
0.06709322
-0.14345011
-0.24224436
0.1901527
0.21801326
0.24664474
0.24724644
-0.10138093
0.24170083
0.09722853
-0.011924326
-0.115771174
0.1555273
-0.12521018
0.13780233
0.15466058
-0.24813747
0.1855346
0.23384815
-0.14244004
-0.041651607
-0.09379667
0.029657334
0.20803523
0.11145726
0.14640498
0.24745834
0.22714421
-0.21858662
-0.01571393
0.23474264
-0.059035197
-0.23570773
-0.18508413
-0.10305956
0.050344586
0.2593087
-0.25171527
0.1744352
0.074629724
-0.05536428
0.0012950599
0.012011021
-0.2546578
0.012159795
-0.1343913
-0.049090266
-0.15346928
-0.23176941
-0.07184526
0.023745
-0.14066188
0.24090677
0.17150584
-0.22913821
0.24399579
-0.23062254
-0.24868008
-0.21595217
0.20764315
0.20993033
-0.22467856
-0.0054558814
0.10424897
-0.11230655
-0.1423492
-0.24142338
0.25304663
-0.26562825
-0.055409893
-0.21154808
0.098584205
-0.24650855
-0.09635584
-0.23271361
0.0682646
0.033263057
0.04054299
0.24461925
-0.040253565
-0.08352676
0.24640793
-0.08720353
0.16222855
-0.17310822
0.18694037
0.18534687
0.22825587
0.05791995
-0.13688765
0.13384533
-0.015738636
0.17043856
-0.060578465
-0.026746333
0.2689489
0.23514509
0.22434425
-0.051929817
0.25248194
0.057866663
-0.10956095
0.20625427
0.09015384
0.1579724
-0.15324432
-0.1538926
0.23032689
-0.049588814
-0.09382437
0.19389525
-0.27089748
-0.13134429
-0.06639413
0.06694859
-0.33445477
-0.10101705
-0.050050624
-0.32402527
-0.18545654
-0.2135058
-0.10841857
-0.26563215
-0.051926702
0.023780376
-0.0045342166
-0.13385336
0.19434747
0.05116018
0.014188109
0.18689546
0.22715968
0.2156542
-0.17093197
0.031664114
0.23373896
-0.20354357
0.12051413
0.1884288
0.11981022
-0.2534831
0.014437864
-0.02371314
-0.25825492
0.25908348
0.2690273
0.03231117
-0.24945116
0.05283153
-0.25171185
-0.20212731
0.15046488
-0.11433992
-0.11807138
0.20126276
-0.19325714
0.32611704
0.27747405
-0.026465435
0.17486587
0.06888571
0.15196319
-0.213291
0.13793805
-0.19314022
-0.22493279
0.16359818
-0.1035997
0.080299556
0.06918228
0.21881858
0.14844587
-0.21332838
0.16739672
0.22628072
-0.10512573
-0.23176435
-0.026116334
-0.12300816
-0.15740478
0.21698347
0.19575655
-0.118390396
0.27946478
0.21951759
-0.2634241
0.025998328
0.11529696
-0.1348149
0.17565039
0.035105843
0.23442481
0.21602926
-0.31289306
-0.14601675
0.0720255
0.18277301
0.17448853
-0.0037307679
0.009057852
0.07446762
0.011319548
-0.2703956
0.019488215
-0.21399486
-0.14874385
-0.05849672
0.15290162
0.018262304
-0.07227794
0.19613388
-0.10257414
0.09032801
-0.06783076
-0.3130878
0.13222003
0.17492856
-0.0937883
0.14529411
-0.026059091
-0.1525298
-0.09948149
0.31046775
0.15176481
0.020056905
-0.18892792
0.10675228
0.025544018
-0.012307614
-0.016929967
-0.2402762
-0.1317287
0.15111756
-0.021805853
0.009848409
-0.23859388
0.33263564
-0.1638114
0.02142666
-0.26352096
0.12468779
-0.014031056
0.06768131
-0.018206604
-0.03695995
0.18342596
-0.04543732
0.13901693
-0.15939257
0.23072785
0.30266336
0.12816036
0.12164283
0.06031072
-0.1718529
-0.06632876
0.019019902
-0.30487412
-0.15037704
-0.0062560444
-0.03151934
-0.06677614
-0.087594315
0.35971534
-0.09454332
0.043695845
-0.1556994
0.21841025
0.01504376
0.27818617
0.11228166
-0.0011047815
-0.13684551
-0.080000624
-0.14612478
0.24508479
-0.09165877
-0.17191726
-0.10721043
0.088936895
0.04275346
0.06370294
-0.19341332
0.13726777
0.090552926
-0.28653774
0.027185656
-0.24510176
-0.08829047
-0.21871826
-0.10770402
0.20770468
0.05253887
0.26860029
0.020345042
0.14979403
-0.31693885
-0.28154916
-0.06715638
-0.1807583
-0.17570102
-0.16073143
0.05572503
-0.22591797
0.07866644
-0.104153246
-0.16078556
-0.20748717
0.03988826
0.13826226
0.26615262
0.018685674
0.09172833
-0.26470834
-0.2589314
-0.16544229
-0.23371579
0.08624131
0.109577
0.04281873
0.09201844
-0.14165089
0.02297926
0.18169683
-0.19805248
-0.1346808
-0.1731436
0.24214822
0.18325916
0.027923167
-0.05661371
-0.17217785
-0.10167468
0.10757759
-0.09899921
0.07805296
0.030356653
-0.098768815
0.13237098
0.14189096
0.01640967
-0.34278846
0.32068223
-0.04778863
0.2589169
-0.17874347
-0.27189198
-0.14585069
-0.17256561
0.1687231
0.19949797
0.14289089
-0.7419017
0.088909484
-0.211735
0.28974077
0.03436137
0.23868608
-0.076082475
0.16176116
-0.07498061
0.23143554
0.1568155
-0.02904851
-0.15652466
0.18490924
-0.17553447
0.17479327
0.048744798
0.04412721
-0.24985471
0.24837236
0.01681152
-0.06583887
0.22879831
0.19025518
-0.2508082
-0.17642972
0.23333384
-0.087722644
-0.108940355
-0.102217875
0.09253941
-0.12656125
0.1967477
0.017076181
0.16523468
0.022531837
0.18208426
-0.05320524
-0.20743006
0.1617664
-0.28247818
0.02746284
-0.27876514
0.055298757
-0.0013277858
0.15250027
0.082944475
-0.014728033
0.2372514
0.207289
-0.08692513
0.034712642
0.20986284
0.19497368
0.021306545
0.04534039
-0.027714847
-0.21847813
-0.22415158
0.04951206
0.03236863
-0.2687458
0.23957734
0.26143584
0.02828157
0.114807196
-0.016426027
-0.31194293
0.14761308
-0.06988865
-0.10378695
-0.0688948
0.14335296
-0.10450374
0.17761919
0.23631626
-0.012165006
0.19621156
0.28358635
-0.45893323
0.1352523
-0.12104127
0.12815335
-0.33091474
0.11306287
-0.14218514
-0.18237391
0.35046163
-0.022743816
-0.21341267
-0.13637795
0.25733733
-0.212904
-0.16931291
0.18909118
-0.118412435
0.04737242
0.08020447
-0.19804539
0.16053681
-0.022360593
-0.040267102
-0.22029021
0.1950733
-0.037635233
0.2165739
0.17791758
0.018924505
0.12374951
-0.045193706
0.12653978
0.033697665
0.24120887
-0.24061011
-0.06136459
0.26299787
-0.14697811
-0.2552592
0.16045624
0.06526408
0.24561916
-0.24831371
-0.031385392
-0.12378417
-0.18699066
0.0012792273
0.21315952
0.109620854
0.15179162
-0.08156416
-0.24183396
-0.016450757
-0.06857485
0.0034925845
0.24097836
0.19634128
0.1802479
0.1735056
0.05927964
-0.06869955
0.13695797
0.027549595
-0.091552235
-0.20051219
-0.25111067
-0.102256805
0.13221166
-0.15575103
0.13592368
-0.046526663
0.13533106
-0.16040325
0.11561754
0.13046628
-0.20718937
0.053806543
-0.13466977
-0.03720599
-0.12676193
0.16391169
-0.17485262
0.041031133
0.039631844
-0.16971558
0.056018602
0.24791953
0.05626851
0.14849164
0.11975347
-0.061925694
-0.010558069
0.010384867
0.0053907335
-0.062357184
0.11368334
-0.02432169
-0.20428747
0.11271228
-0.23856722
0.19788575
-0.09738323
0.008691343
-0.12049024
-0.11019378
-0.04586494
0.038794983
0.06612086
0.18692556
-0.040046304
0.18661791
-0.09723305
-0.2551631
0.16441137
0.047751814
-0.15232794
-0.08424561
-0.024237404
0.07576681
0.18255685
0.18078944
-0.117727
-0.1958727
-0.20602009
-0.16900721
0.21837851
0.1350061
-0.038857464
-0.022839652
-0.23663582
-0.046251755
0.19802871
0.23862064
0.0827937
-0.117059566
0.13345942
-0.22762434
-0.18212135
0.13187593
0.058290154
-0.23098242
0.21853752
-0.0029287934
0.009030703
-0.016877325
0.059243817
0.1791032
0.101649135
-0.033639204
-0.081198305
0.06267921
-0.11350275
-0.18355724
0.13779128
-0.085156254
0.16783038
-0.17113689
-0.046933647
0.23850258
-0.022553716
0.09279221
-0.06100455
-0.15096396
-0.2080236
0.067321986
0.15565647
-0.14868961
-0.18208468
-0.17884162
0.06947388
0.07952726
-0.23800929
0.08369421
-0.23692381
0.16901372
-0.12678601
-0.20980892
0.12098796
-0.19194186
-0.08931737
0.06070009
0.18044877
-0.107132174
-0.052947167
0.05283028
0.19628224
0.26732308
0.25237396
-0.22272804
-0.14608629
-0.23128837
-0.11370058
-0.11727549
-0.18854026
0.10230962
0.25076908
-0.24035355
-0.19151592
0.2349482
-0.2030951
-0.11294265
-0.10084734
0.15045154
-0.012214592
-0.2548535
-0.12320143
-0.2319904
-0.20585442
0.031832907
0.24395493
0.14896576
-0.11642116
0.083413124
-0.25159094
0.26692215
0.03084299
0.056470573
0.11766453
-0.21273354
0.086752586
-0.19589633
-0.20024261
-0.19882542
-0.16429342
0.0020337913
0.18983404
0.11686734
0.12121916
0.11944774
0.014785445
0.11750033
-0.2445857
0.22601703
0.022675069
-0.26332846
0.18315774
-0.1045526
-0.004715997
-0.15237117
-0.058344454
-0.19138703
0.12654105
0.15988055
-0.2583726
-0.1901518
-0.009878039
0.16009414
-0.21061009
-0.024972662
-0.047863528
0.048381746
-0.2665179
0.20061734
-0.24099588
0.25601214
-0.22490904
0.13281837
0.22118396
0.10554299
-0.1113822
-0.1423152
0.061085433
-0.019344151
0.1899248
0.13959691
0.112082094
0.15757042
0.19844577
0.16555193
-0.18443906
0.19533548
-0.17387262
-0.20032236
-0.25336632
-0.18965545
0.23483354
0.1344952
0.15633518
0.17101634
-0.24526587
-0.08504531
0.26157618
-0.11822283
0.08900258
0.019956112
-0.2263669
0.23038936
-0.06490366
-0.16434492
-0.15058106
-0.24222535
-0.12195416
-0.025954112
0.11912018
0.20650831
-0.2142158
0.2579192
0.095665544
-0.19772679
-0.039907902
0.16585314
-0.009207785
-0.2580734
-0.22616109
-0.058234796
0.09361175
0.24167359
0.13522759
0.036052316
0.022510946
0.06913087
-0.09192993
0.1305941
-0.005454272
-0.27029386
0.10189363
-0.0065784156
0.11723027
0.24899656
-0.13512358
0.10777655
0.24691021
-0.24513614
-0.023558453
-0.2539559
0.11985052
0.1825454
-0.08967191
-0.21189335
-0.031048045
-0.209645
-0.22978431
0.08693871
-0.23934491
-0.15782401
-0.20212251
0.19101411
-0.24903145
-0.17632225
-0.15232399
0.16424635
-0.031778052
0.064355224
0.1530253
-0.26215118
0.06466013
0.24159497
-0.035697952
-0.1856434
0.083696514
-0.022314206
0.1092951
-0.08132234
0.029666692
0.2005775
0.03688556
-0.21431729
-0.2606781
0.037972182
0.02211389
0.26327634
-0.18672058
-0.23546784
-0.083639994
-0.22781207
-0.1891416
0.0780727
0.113432646
0.19605353
-0.21377878
-0.074810505
-0.09659301
0.14091215
-0.18246767
0.23033625
-0.19351676
0.10471386
0.1523973
0.104387134
-0.10719535
-0.24953623
0.26885617
-0.12141383
0.17253059
0.17399046
-0.25785413
0.040667683
0.13677508
-0.23484555
-0.1712158
0.044804394
0.08490905
-0.097000316
0.18334913
-0.13212231
-0.20183116
-0.14960933
-0.19071192
0.24818164
0.013382256
-0.26689595
-0.05662839
-0.13032638
0.27124977
-0.047499567
0.14215231
-0.18248694
0.07894266
0.15033063
-0.23314252
-0.09520769
0.09681663
0.10039565
-0.10965815
0.037390143
-0.019192696
0.16047835
0.01165244
0.116876036
0.2648564
0.07343039
-0.044689864
0.079363674
-0.015655965
0.09925082
0.012385488
-0.2627961
0.06547931
-0.08232027
-0.18373612
-0.25688592
0.15203011
-0.13914457
-0.26478392
-0.26229742
-0.08255355
-0.15920828
0.1699019
0.16181093
-0.086254
0.1189394
0.069883645
0.05723369
0.11737791
-0.1451188
-0.0070732534
0.0564892
0.1552464
-0.24548896
0.047480166
-0.16916406
-0.006946206
0.17988616
-0.1447654
-0.20034721
0.10700002
0.1973547
0.26568455
0.124993384
-0.068400085
0.2168076
0.27078867
0.10492155
0.0655092
-0.25932986
-0.26938316
-0.108722255
0.024440378
-0.12131214
0.12882906
0.16016534
-0.25768977
0.029838443
0.081139624
-0.08407839
0.0035657883
0.25723165
0.06428221
0.2710753
-0.26583728
-0.18154715
-0.24639967
-0.20658255
0.26205772
-0.056226805
-0.17223442
-0.10914236
0.043929398
0.11230644
-0.22390336
0.23138666
-0.0018402636
-0.05488643
0.14894831
-0.13437721
0.2261085
0.10983944
0.3067084
-0.18009064
0.2196885
-0.0810395
0.2632774
0.2409851
-0.21787564
0.03764352
-0.17989889
0.26865813
0.21284312
-0.023186445
0.31688106
0.06253524
-0.11454789
-0.0954602
0.07021129
0.033925444
-0.1626578
-0.10019073
0.055063635
-0.13161503
0.21605125
0.1080786
-0.1693961
0.17872077
0.3211595
0.030674994
-0.0033354312
-0.123319305
-0.303153
0.23291248
-0.0039640767
-0.19834696
0.13209215
-0.31060714
-0.15694243
-0.031781614
-0.14608805
-0.25196537
-0.10534751
0.07446563
-0.2801778
0.24671519
-0.17361963
-0.095566064
-0.020998634
-0.078856505
-0.009514004
-0.09756517
0.17256892
-0.11361998
-0.26178116
-0.18277232
-0.0017961814
-0.15743007
0.22865883
0.004456054
0.21790822
0.038181514
0.03700696
-0.28067175
-0.13681842
-0.1560288
0.20855731
0.067887805
0.034620672
0.22610965
-0.0011980865
0.16518623
0.09121808
-0.0103719365
0.13235159
-0.24518695
-0.09691921
0.07944405
0.1227203
0.20966284
0.10412819
0.07618129
0.24773425
-0.08992022
-0.24546035
0.009544021
0.23502243
-0.2070079
0.052840434
-0.22481374
-0.5476003
-0.18653607
0.22395773
-0.059551656
0.09410949
-0.006226365
0.10355826
0.2242795
0.28013644
-0.17324898
0.14462209
-0.23212916
-0.19361617
-0.14683779
-0.017677158
0.07302626
-0.5982791
-0.052282825
0.17182672
0.05178206
0.20930018
0.2733959
-0.2390785
-0.028327188
-0.13825396
-0.072907336
-0.17577589
-0.20359983
-0.16018265
-0.06408627
0.14741427
0.09867051
-0.0077625765
0.09602335
0.19015667
-0.21774402
-0.27138916
0.14390615
-0.2858586
0.19715174
0.22682375
-0.046067826
0.25722778
0.026936185
-0.12116008
-0.07897563
0.15371224
-0.04598227
-0.053507354
-0.11688072
0.034818955
-0.07114634
-0.22041571
-0.11606885
0.07110899
0.22356543
0.19124672
0.0010276054
-0.018912412
-0.09473145
0.29205164
0.13909176
0.014881904
-0.17635623
-0.13403171
-0.13944586
0.16387188
0.018942578
0.2624842
0.063819446
-0.21924543
-0.25474203
-0.17620373
0.30116743
0.25076804
0.24449944
0.19225538
-0.01787384
0.166327
-0.17500468
-0.15832473
0.23208934
-0.20293976
0.2264826
0.03514577
-0.0883573
-0.12608412
-0.20314991
-0.18807064
-0.16732395
0.15163097
-0.2278959
-0.16062282
0.09697814
-0.15341198
-0.2027939
-0.064275995
-0.25240558
0.06153933
-0.19401748
0.1556398
0.11865095
0.14800435
-0.052131675
-0.17662872
-0.24404302
0.12923464
-0.1478336
-0.26050872
0.063258596
0.19471526
-0.0975561
-0.2578414
0.11720654
-0.11748813
-0.24451515
-0.07168404
-0.19508871
-0.061101615
0.27701196
-0.12691577
0.23310994
0.24501663
-0.044635486
-0.21316248
-0.004366798
-0.1304042
-0.103505194
0.22689198
0.005909624
0.049280718
-0.1722602
-0.026368655
-0.014495164
0.08766632
0.1361146
0.16492504
-0.14116195
0.20594205
-0.06728565
-0.23611265
-0.14700972
-0.16105415
-0.17665625
-0.17385064
0.09254715
-0.015187085
-0.09981037
-0.16032165
0.18833984
-0.25396854
-0.17776388
0.17078485
-0.22577994
0.11463152
-0.25465158
-0.007002026
0.1188946
-0.21353464
0.15096354
-0.13914461
-0.020976158
0.1384954
0.2123647
0.26935515
0.017691502
0.22104652
-0.082970284
0.009143999
-0.21231703
0.15086967
-0.0007199347
0.1766162
-0.19544937
-0.25926992
-0.079072304
0.19439377
-0.22350413
-0.078125864
0.18382105
-0.23019095
0.30005047
0.16642252
0.21005827
0.08587128
0.18770501
-0.016315741
0.23152854
0.18069734
0.21591517
-0.069821626
-0.21399498
-0.11570895
0.017600387
-0.007603251
-0.1457751
0.089025356
0.17659634
0.22182386
0.015490297
-0.2466465
0.25214556
0.12306908
0.067635015
0.24917684
0.006174175
-0.1446754
0.15817042
-0.1440675
0.007141332
0.026773114
0.2635485
0.25437084
0.06711471
0.14680149
0.11052138
-0.18912706
-0.07210643
-0.26309374
-0.1799572
0.19583619
0.2746487
0.22909056
0.29085225
0.044287696
0.13670993
-0.13378245
0.17434888
0.16831064
0.119387984
0.16108574
-0.13873024
-0.0033034286
-0.01808829
-0.26385272
-0.2337173
0.044932485
-0.22402322
0.031714983
-0.2526729
-0.26921612
-0.073282756
-0.18977045
-0.090396985
-0.12216461
0.15760499
-0.09891669
0.16508539
0.047323707
0.39061454
-0.16852185
-0.1440942
0.07861351
-0.16426831
0.101836234
-0.12342739
0.11166825
0.15069285
0.013887131
-0.1420769
0.039982833
-0.08066356
0.08263431
-0.030776432
0.22133505
-0.0063065435
-0.08976567
0.11065613
-0.1519412
-0.20269139
0.11466247
-0.0019253194
-0.028660452
-0.18057516
0.10391921
0.26526147
0.23818648
-0.010022551
0.13612963
-0.09818958
0.08848795
-0.22499475
-0.07094699
0.24288864
-0.07387454
0.0704088
0.057082843
0.25109223
0.06837255
0.25178188
-0.07789767
-0.18627441
0.056901406
-0.13342199
0.048906606
-0.1582424
-0.10730143
0.27224305
-0.23868199
-0.20264931
0.1328436
0.20949729
-0.092918634
0.05491668
0.14632036
-0.12571916
-0.016441971
-0.16305386
-0.20197308
-0.15779254
-0.18601091
0.23329309
0.09977031
0.110753365
0.14504494
0.014263458
-0.11766881
-0.039943762
0.10938693
0.2062861
0.1604282
-0.16151935
0.09745166
-0.03608352
-0.08887314
0.14736454
-0.09993294
-0.26414326
0.027098717
-0.0628357
0.014092088
-0.21050848
-0.026540523
0.29500535
-0.1412258
-0.10685253
-0.0233367
0.14244056
0.037098113
0.081052594
0.23457895
-0.06861668
-0.261432
0.21881154
-0.017368862
0.06588119
0.10570121
0.03216175
0.114975154
0.0725261
0.14610273
-0.17047489
-0.13051872
0.0987457
-0.20997867
-0.26726297
-0.06608864
-0.19546649
-0.28105292
0.24044925
-0.25874287
0.23173033
-0.02254878
-0.15344626
0.15145895
-0.037853748
-0.10032938
-0.060095835
-0.19422822
0.02826036
0.23307566
-0.018161029
-0.03160083
0.14118674
-0.15802883
0.21404281
0.18037954
-0.22073002
0.20150527
-0.26978543
-0.03553093
0.15938538
0.15399086
0.10965247
0.058180045
-0.18415025
-0.06489925
-0.17989123
-0.07965723
0.22773317
-0.16866294
0.27165353
0.2445225
0.039995655
-0.23642509
0.10044113
-0.24612571
-0.21236679
0.15139104
-0.115401566
0.15346259
-0.25357252
-0.07383083
-0.20891383
0.20279406
-0.21878685
-0.11094046
-0.11955244
0.20841245
-0.11266337
0.13352197
-0.042822152
0.24465579
0.19795811
-0.08878085
-0.08348713
-0.07110916
-0.073226035
-0.10547737
-0.14135377
0.24973394
-0.08660403
-0.18503253
-0.16550678
-0.12665668
0.17250684
-0.09661786
0.22000602
-0.16238134
0.25649485
-0.09644279
0.26961017
-0.25329614
-0.11981924
-0.11437959
0.20427611
0.03867963
0.11658198
-0.25002474
0.06374122
0.26534426
0.016176865
-0.24408813
-0.25492522
0.19493634
0.1648302
-0.15837103
-0.0559014
0.19616735
-0.19920443
0.14973609
0.07114568
-0.0562977
-0.068870075
0.009354502
0.120737016
-0.26258665
0.15938362
-0.12828346
0.029575646
-0.24489404
0.18645993
-0.23366372
0.025265813
-0.23410243
-0.231733
-0.17254661
0.13653162
-0.03393458
0.11711952
0.16274422
-0.25121006
-0.2484246
0.14749971
-0.11256707
-0.019756466
-0.055754393
-0.06524193
-0.26722714
0.007537335
-0.067670286
0.15375662
0.09597787
0.0851686
-0.16342026
-0.00799033
-0.12872906
0.09697637
0.20108253
-0.06416081
0.07209256
-0.18584347
-0.028697684
-0.0559697
-0.10485108
0.18328163
-0.049300894
-0.14126912
-0.11857718
-0.17910847
0.05411452
-0.029338673
0.09311196
0.25974524
0.1692468
-0.16276136
0.071739435
0.14630687
0.12952939
-0.009552956
-0.25521964
-0.09891611
-0.05545409
0.052452177
-0.081201
0.23234463
0.08224943
0.0950225
0.19173524
-0.0064440966
0.17506951
0.041722327
-0.20698921
-0.009632945
0.2360965
-0.16743521
-0.2172329
-0.07828675
0.049171686
-0.2595698
0.2484597
-0.10085948
0.17900887
-0.065637365
0.024828764
-0.2224125
0.10283038
0.13879474
-0.20917715
0.08270017
-0.31383204
0.23913465
-0.35766307
0.3672875
-0.33843917
-0.16185668
0.13200188
-0.03935939
-0.03856106
0.14430816
-0.33489493
-0.0492377
-0.28250146
-0.103383176
0.08990362
0.15824422
-0.052280217
-0.21405494
0.0012962527
-0.008172087
-0.18509321
0.12217695
0.08133311
0.010736793
0.017120497
-0.13010228
0.31178534
-0.41583005
0.35371634
0.03390351
0.08896521
-0.14434351
-0.0060433447
0.2290736
0.060890466
-0.024197664
-0.17281875
0.2468676
-0.046722256
0.11526888
0.11458059
0.30930158
0.17154752
-0.000102039325
0.24746108
0.35707235
0.002372086
0.033822354
0.16036183
-0.28014067
-0.21546784
0.044906974
0.05806506
0.266702
-0.06497158
-0.2600252
0.080549
-0.20095631
0.3673223
0.032351412
0.17289078
-0.07712499
-0.22702652
0.41049185
-0.26561463
-0.26932135
-0.090900004
0.40913132
0.04753248
-0.31128442
-0.23774165
0.20557585
-0.24106914
0.35843006
0.14893222
0.14027065
-0.05332818
-0.026509747
-0.05982977
0.27055413
-0.081205875
0.085927404
0.030553117
-0.28899187
0.061905134
-0.09716962
-0.10570943
-0.24337584
-0.24034096
0.34390083
0.16717781
-0.2612393
0.2254827
0.16066709
0.028131604
-0.27978987
0.26747996
0.07547179
0.3179659
-0.15888278
0.27061415
-0.29582658
-0.05542848
-0.25209144
-0.015047185
0.119773656
-0.1811009
-0.17566441
-0.3182816
0.5167389
-0.109503254
-0.12695058
0.009698997
0.4881979
-0.13928759
-0.05422248
-0.1018977
-0.2412426
-0.09060511
-0.36574426
-0.27293158
-0.22237839
-0.22052848
0.074184224
-0.02438757
0.07964014
0.09622672
0.12424921
0.024699705
-0.12700841
-0.26308513
0.24480844
-0.31931978
0.12732938
0.030558344
0.24092805
-0.5696472
-0.07383685
-0.5713074
0.2822867
0.26668692
0.23345223
0.08807421
0.07694705
0.055776406
0.23233037
0.29960048
-0.22904244
0.15058924
0.047454875
0.23555747
-0.18855369
-0.0016519605
-0.15813915
0.0126680285
0.2889267
-0.20032571
0.13895263
-0.12016807
0.23921765
0.15885282
0.104080684
0.044132818
-0.1627772
0.03644572
0.265401
0.06580356
0.10848869
0.08282694
0.13603549
0.2700242
-0.22622912
0.30397254
0.047512524
-0.019382881
-0.07529606
-0.069305226
-0.1990566
0.16107848
-0.025092881
-0.16899525
-0.14773287
0.23129341
0.061763227
0.35160562
-0.028358858
0.17444094
0.06018916
-0.054827686
-0.07563079
-0.19827002
0.1710504
0.2446842
0.16961795
-0.12793162
-0.03900362
-0.39918014
-0.07009669
0.28928602
0.028887253
0.061824948
0.14463104
-0.07133795
-0.6425019
0.1548209
-0.04105007
-0.21590814
-0.14779507
-0.022455433
0.038580243
0.18453088
0.08593616
-0.035111982
0.04466203
-0.29727903
0.13501665
-0.14791892
-0.06731865
0.12481311
0.035843264
0.022643246
0.02531148
-0.24503298
-0.1663245
-0.11757483
-0.2138466
-0.22729233
-0.11786361
-0.20534244
0.32022423
0.03152094
-0.008241713
-0.07590365
-0.22021447
0.20401885
0.094453536
-0.14764848
0.28864917
-0.10255228
-0.04152332
0.065294266
0.15583451
0.061805584
-0.23886667
0.27592432
-0.12784727
0.19384757
-0.17750779
0.065806925
-0.090469174
0.29021624
0.1165289
-0.07944973
-0.09469177
0.19187124
0.23549506
-0.13667656
0.149121
0.18153366
0.038543023
-0.09816442
0.083675586
-0.12267501
-0.08351359
-0.032577977
-0.051269326
-0.12568517
-0.11251052
-0.17145465
-0.24804212
-0.09012438
-0.07648751
-0.015643064
0.110634
-0.19552536
0.20320319
-0.056579802
-0.2703066
0.21063085
0.24176088
0.15292498
-0.24737681
0.18836854
-0.12977679
0.19286042
-0.24578892
-0.0730075
0.11693735
-0.2246841
-0.023530757
0.2531997
0.15419492
0.20754735
0.10393575
0.0787663
0.016046941
-0.16393667
-0.20848459
-0.32465386
-0.10940388
-0.003182846
-0.07678939
0.076100886
0.19695097
-0.11450986
-0.36163902
0.118938096
-0.042440783
0.09719746
0.094512984
0.2881759
-0.14075902
0.19047149
0.21299541
0.0042332946
0.24881507
0.22750352
-0.24823755
-0.2557426
0.26134446
-0.03619844
0.12158061
0.25508162
-0.07975019
-0.13665138
-0.025468081
0.2507062
0.17971946
0.16042787
0.08143791
0.09606216
-0.04716257
0.17228058
-0.21961048
0.11985977
-0.15490673
-0.15883484
-0.13939483
-0.047443874
0.20942341
0.054497115
-0.0670901
0.09820515
-0.15291104
0.12169542
0.09364825
0.18091372
0.26047546
0.15471224
0.049394514
0.18767497
-0.11879982
0.02768579
0.22785145
-0.20020972
0.077359565
0.11953874
0.25956678
-0.14993972
0.039027303
0.032724977
0.22711141
0.026556363
-0.12107929
-0.13837661
0.19863644
0.1431511
0.22374488
-0.2074948
-0.21698911
-0.105498746
-0.17219095
-0.08535975
-0.19187376
0.19428433
0.08391631
-0.022246614
-0.22270833
0.19571795
-0.15109065
0.05413105
-0.0369728
0.054515213
-0.115064934
0.23484066
-0.18545358
0.048039645
0.10177371
0.26249954
-0.011950987
-0.22375627
0.0973033
0.061703656
0.16810217
0.19305079
0.11870737
0.057709955
0.03443909
-0.01721772
0.34156543
0.075784385
0.13429973
-0.015833354
0.17745262
0.029685676
0.051784664
-0.25709563
0.101224475
0.052536935
0.16196078
0.09259577
-0.052756
-0.11124985
-0.07988582
0.26106706
-0.18959075
-0.25523728
0.19450329
-0.10340945
0.16542228
0.20578754
0.07751875
-0.16807367
0.14364782
0.23808095
-0.06583326
0.18870121
-0.025545737
0.019492745
-0.17109397
-0.08634822
0.26135868
-0.18931785
0.02068454
-0.048447978
-0.084919535
-0.18774047
-0.11618608
0.17355573
0.17431653
0.044622313
-0.079449676
-0.0040833405
-0.15017974
0.03798335
0.23105156
-0.16341946
-0.28766438
-0.14146772
0.028643446
-0.26629546
0.20572868
-0.14603531
-0.12586614
-0.27039367
0.014383435
0.13374145
-0.18466955
-0.06825747
0.028532268
-0.1964352
-0.1368094
-0.23158266
-0.20403874
-0.17096806
-0.030171521
-0.15094835
-0.10406057
0.17622358
0.23687261
-0.23146313
-0.26167566
0.22004701
-0.2802468
0.16972975
-0.049796317
0.2375088
0.14197838
-0.22089498
-0.07156942
0.24634202
0.06801219
-0.1488965
-0.009145412
0.11313792
-0.18850568
0.0185965
-0.2664749
0.052090228
-0.05697224
-0.19873697
-0.08934578
-0.14360757
0.29213578
-0.2527593
-0.18918115
-0.20613578
0.18977
0.06671852
0.22758023
0.028678557
-0.03268289
-0.00154798
0.07457852
0.0010465813
-0.25622332
-0.16123107
-0.2215822
-0.020649072
-0.07711577
-0.19783509
0.19106862
-0.15101655
0.02998521
-0.18516053
0.0048706876
0.093584694
-0.07678354
0.24149585
0.16118637
0.03236156
0.149464
-0.06813974
-0.03243609
-0.1012396
0.26640967
-0.090814665
-0.0006382585
0.24098624
-0.25215188
0.22669059
0.10740137
0.2092354
-0.14965853
0.07545203
-0.18664679
-0.15339966
-0.16582161
0.24814418
-0.019463992
0.22533505
0.0132313585
-0.10953882
-0.22200173
-0.02265317
-0.14102037
0.058367893
0.12970261
0.02968226
-0.071407154
-0.09645437
-0.16340351
0.27296886
-0.13237847
-0.2137616
0.19019851
0.01763472
-0.038930207
0.002269894
0.12323526
-0.06572728
-0.21179667
-0.09818078
0.005322439
0.23321646
0.2680735
-0.2363358
-0.17971611
0.11488524
0.15668865
-0.06597409
-0.04606448
-0.20722006
0.0060396134
-0.0047032535
-0.23764117
0.044005394
0.02240941
0.15715496
0.09560919
0.07281759
0.1933311
0.23553908
0.25823522
0.024863446
0.049486473
0.24316007
0.050073605
-0.23883086
-0.10711904
0.07247299
-0.25662008
-0.026587173
-0.14568408
0.082158625
-0.17750667
-0.27145064
-0.16278517
0.056168005
0.049169533
0.046055585
-0.2064246
-0.11636498
-0.053207215
0.09757647
-0.10521352
-0.22295165
-0.27574098
0.0009421055
0.06668426
0.027715534
-0.033128336
0.15379898
-0.010659754
0.052712522
0.10694429
-0.036316443
-0.016287923
-0.24259481
-0.052078277
0.08502966
-0.2310931
0.030999184
0.112917885
-0.10030805
0.11414228
-0.13981041
0.013387825
-0.034828126
-0.022022285
-0.04849653
-0.067441165
0.050087504
0.18346347
-0.050524026
-0.028866723
-0.2088455
0.06148041
0.12365413
-0.05320296
-0.11215781
0.24191
-0.05650181
0.2472415
0.19627897
0.20574126
-0.24064463
0.05992508
-0.23100683
-0.06380851
-0.14108953
0.053897917
-0.3123071
0.013341718
-0.108738795
0.039352834
-0.10806219
0.08392376
-0.30441698
-0.14076218
-0.09570714
0.09656459
-0.011185509
-0.18224198
0.014584916
0.2383549
0.11907178
-0.059808027
-0.17362133
0.2120099
0.20084459
-0.05060056
0.0741269
-0.12060206
-0.20413882
0.28913277
-0.024492279
0.15312341
-0.23266962
-0.092493534
0.25448418
0.30727574
0.07585585
-0.103466146
-0.10487791
0.23859075
-0.060355112
-0.036924616
0.047047034
-0.11533268
0.2619056
-0.0063241124
-0.15541704
-0.12862925
-0.0026681412
-0.006249815
-0.097158775
0.20721373
-0.016597902
0.066627055
-0.24014156
0.32550555
0.23242295
-0.052433833
0.02295209
-0.36019808
-0.043209676
0.16031826
-0.0068833358
-0.13693899
-0.14704089
-0.084572524
0.055804886
-0.13056107
-0.16904445
0.2399522
-0.058397494
-0.15628143
-0.24747068
-0.17544076
-0.26840284
-0.05124032
-0.29621062
0.21321745
0.15025482
-0.09394105
-0.21244757
-0.1278803
-0.25496435
-0.3021668
-0.21930867
0.18611768
-0.23797762
0.026262622
-0.12152828
-0.24463047
-0.23940526
-0.14831343
0.17428675
0.11879699
-0.19527112
-0.2580775
-0.5412457
-0.029021755
0.17769945
-0.07113309
-0.008208952
-0.26582396
-0.12001105
-0.12122344
0.2092965
0.22682777
0.23048908
-0.119617715
0.008164704
0.20214413
-0.1235486
0.086738735
0.08902732
0.3587087
0.06393078
0.009657788
-0.1100362
0.054244805
0.10364831
0.24253371
-0.26858023
0.27063498
0.26618087
0.07609847
0.21962243
-0.20750436
0.2447946
-0.20284078
-0.17783508
0.24408048
-0.06865758
-0.25828597
0.16201545
0.10967364
-0.2343518
-0.12524852
-0.032286003
-0.20330384
-0.103867754
-0.21010865
-0.16474643
-0.061330073
0.012940926
0.1212231
0.028324123
0.13602898
0.075014316
0.06116011
-0.040335275
0.52670985
0.058294307
0.2831625
-0.051090434
0.34118116
0.039599642
-0.18099473
0.06370096
-0.13556619
0.07817629
0.016444713
0.18510497
0.04916808
0.20243981
0.105338976
-0.18249527
-0.13356006
-0.18661486
0.16735244
-0.13822924
0.47699842
-0.004880011
-0.028169794
-0.058910355
0.026785431
0.12313175
0.13596827
0.25715813
0.2621436
-0.053485155
0.42158595
-0.18260173
0.30444
-0.079391085
0.020187872
0.11175227
0.26533717
-0.046776704
0.20714554
0.16738383
0.2448512
0.12703322
0.101290464
-0.17304586
-0.14068182
-0.19328079
0.16482484
0.17564367
0.30939272
-0.10971978
-0.08104088
-0.14293362
0.21397513
0.1436729
0.14088152
0.108320445
0.009727627
-0.18879911
0.003662169
-0.07836531
0.03505522
0.04042364
0.04818961
0.04766606
0.12639964
-0.071906775
0.31757885
-0.25165135
0.06805269
-0.40147275
0.5313104
0.056452677
0.18536225
-0.02915621
0.0073833372
0.21740662
-0.044011965
-0.20869884
0.03490558
-0.19271205
-0.0399934
-0.00947257
-0.05619244
0.20832047
0.055499665
0.09573441
0.15137658
0.17318933
0.18043464
0.010038182
0.12927872
-0.11983299
-0.26199004
0.14015082
-0.0823836
-0.07830919
-0.016377978
0.2033557
0.15581189
-0.078311905
0.08881824
0.10649124
0.2108848
0.19664231
0.010200065
0.23957777
0.14654146
-0.12589933
0.13580152
-0.09089735
0.14437139
-0.023567501
0.15744819
-0.049428314
0.10846754
-0.19927648
-0.14951868
-0.08089016
-0.07175116
-0.25628284
0.07436375
-0.22562136
0.109464645
-0.12073699
0.09747232
-0.083553985
0.0130696595
-0.001675483
-0.3351678
0.08973205
-0.10993372
0.14107521
-0.25776058
-0.09897434
0.1307988
-0.010489047
-0.20209636
0.19416086
0.08766568
-0.18387666
0.14495224
-0.06280209
0.08186144
-0.03432668
0.017312065
-0.07498983
-0.0029591431
-0.06807564
0.12950063
0.2828718
-0.27925524
-0.06324007
-0.28784367
-0.021379195
-0.032639045
-0.14750652
-0.21546122
-0.03547887
0.22370024
0.045368705
-0.034148127
-0.02677009
-0.07293051
0.18545105
0.3326318
-0.05536704
0.20812595
0.11757035
-0.2052714
-0.14894168
-0.18322033
0.19609344
-0.13946904
-0.027809039
-0.11742515
0.16073646
-0.21424751
0.17013031
0.24444054
0.07421996
0.20848495
0.020102054
0.2173651
0.26466665
0.09875
0.24660404
0.17871322
0.1930464
0.13842398
-0.20043375
0.09163685
0.18820153
-0.12526621
0.21049136
0.16917375
-0.19493277
0.23724067
0.20907581
0.073634654
-0.13177201
0.0032908802
-0.069705546
-0.19039
0.15284353
0.18795595
-0.17349802
-0.24492373
0.18800777
0.24319047
0.11697741
0.08912461
0.035913534
-0.17567676
-0.18460791
0.2699259
-0.20676813
0.013624042
0.05531101
0.02728045
0.2417602
-0.26240075
-0.20886867
0.17925882
0.14716466
0.09600592
-0.042396035
-0.052660234
-0.23919274
0.18844378
-0.044923
0.23770054
0.15219718
0.19540213
0.19636692
-0.010411551
0.24234568
-0.19293237
-0.19929889
-0.21689105
0.028665913
-0.05521703
0.056629956
0.2675452
-0.040365547
0.16906491
-0.24201864
0.069584675
0.16112022
0.121618666
0.023001384
0.01713553
-0.03036204
0.23482625
-0.070956856
0.038994085
0.1928483
0.020872423
0.2741969
0.028609632
-0.13000973
-0.023097847
-0.12132999
-0.21320988
0.1925087
-0.0806584
0.10360529
-0.15116985
-0.12475326
-0.1806396
0.22451767
0.09364524
-0.111639954
0.15653186
-0.036989678
-0.25049514
0.08858845
-0.2067824
0.09045028
0.18111786
0.007869295
0.243831
0.27008453
-0.09325212
0.18690354
-0.15365484
0.08670699
0.078551866
-0.2697516
-0.18525898
-0.26800597
-0.25603887
0.17642283
0.04859926
-0.053538647
0.19982477
-0.015401036
-0.071648315
0.056209452
-0.14725716
0.03088167
-0.1895827
-0.034551624
0.065198064
-0.1850491
0.20958288
-0.053678732
0.23986568
-0.18419567
-0.22872835
0.09896002
0.13653843
-0.06519961
-0.04997707
-0.2668765
-0.061267048
0.15104339
0.08397049
-0.034829568
0.20049383
-0.13154416
-0.16461782
0.02739011
-0.22840776
-0.23089513
0.30793166
0.17566258
-0.25392517
-0.21584852
0.24986728
-0.22388393
-0.0137063265
-0.2718873
-0.041185934
-0.22220913
-0.014903836
0.19565651
-0.07378857
-0.045625996
-0.16121101
0.19385935
0.23541632
0.19931877
0.08018141
-0.08290293
0.036293592
-0.11438391
-0.20583357
-0.091025814
-0.1003553
0.22917911
-0.19275127
0.14717269
0.082557045
-0.021794036
0.04885633
-0.10583766
-0.24917239
-0.13376416
-0.00046331884
0.12553564
-0.019459656
0.18479502
-0.22708109
-0.19610256
0.20282045
0.22575615
0.016829696
0.1023132
-0.25432914
-0.1229006
-0.21686721
-0.19708022
0.11248285
0.114546925
-0.24024494
-0.2166441
-0.2253693
0.039498
-0.007890284
0.10317277
-0.07146643
0.07805488
-0.18153255
0.061964627
-0.053657424
0.060576756
-0.06374278
0.061025172
0.14697194
-0.17645878
0.15319042
-0.24291816
0.14901695
0.02349364
-0.20946229
0.0067090257
-0.22700348
0.061198924
0.2403558
0.06837394
-0.18818425
0.03805928
0.06374817
-0.16719674
0.18856823
-0.19325554
0.12898585
-0.043574043
0.24095473
0.124942124
0.19859779
-0.20696774
-0.20265976
-0.16667673
-0.21237865
-0.08106533
0.098037586
-0.0658361
-0.23472193
-0.06646004
0.30722022
0.22731727
0.14266722
-0.069697954
-0.18423434
0.04510077
0.25635457
0.21466489
-0.25810188
0.13825801
-0.019258957
0.05443535
0.24755229
-0.24596958
-0.14576447
-0.119722486
-0.096428186
0.07041713
0.012549519
0.118149705
-0.060979456
-0.1998199
0.25018173
-0.014492243
-0.27659717
-0.13143297
0.04448201
0.0623907
0.13505405
-0.08835892
-0.041901685
-0.077172145
0.14746526
0.14223799
0.09497634
-0.14139669
-0.23855482
0.03600329
-0.15705733
-0.025847673
0.039597422
-0.02478612
-0.23898269
0.14268734
0.0031108153
0.26775402
-0.23577107
-0.2517722
0.051718395
-0.25665054
-0.15638752
0.2565703
-0.21806759
-0.08324717
-0.10410965
0.018133601
-0.09043741
-0.21680294
0.22583155
0.079445764
0.047562003
0.18387538
-0.014700899
0.035723895
-0.048771095
-0.1870681
-0.043330926
-0.14549457
0.10735217
0.24760401
-0.25972483
0.07505533
0.07864255
-0.1478014
0.1929517
0.11206532
0.0917483
-0.10811393
-0.03321546
0.24122441
0.05466768
0.1266942
0.14203876
0.16086008
0.01270441
-0.17294061
0.08576627
0.3490661
0.013486475
-0.3019059
0.04081666
-0.12955984
0.14576527
0.097409174
0.17457421
0.009665787
0.23389041
-0.26653865
-0.26990724
0.25623447
0.03472537
-0.19992918
-0.24477614
0.27583817
0.04708076
-0.11871527
-0.23525992
0.01265111
0.027424334
-0.21647389
-0.22279677
0.08661353
-0.09010318
-0.15467717
0.04554368
0.06314334
0.085867375
0.06317066
0.07132211
0.22200032
-0.06628445
-0.25193322
-0.22001937
0.19250214
-0.14590313
0.16219702
0.19542094
-0.11078632
0.056433775
0.10864345
0.104836784
0.12276406
-0.26704997
0.15803006
0.10292881
0.102582306
0.08942339
0.22804621
-0.20825677
-0.013058737
-0.20771864
-0.23599
-0.14307535
-0.12357958
0.01960821
-0.048724152
0.12806638
0.051711664
0.10495077
0.22583197
-0.26377827
-0.1891959
0.23891288
0.23331511
0.044938136
-0.15262718
0.16605055
-0.24263069
-0.0009858414
-0.14892586
0.24556059
0.07635948
-0.066607915
-0.04090707
0.2251184
0.14267796
-0.09546256
0.14975126
0.086749434
0.119259685
0.073560864
0.053396165
0.15406482
-0.018485501
-0.2355047
0.14490104
-0.17115149
-0.16889471
-0.15874104
0.10951233
0.258745
-0.24348971
0.18089572
-0.14043581
0.29698893
-0.1780845
-0.20823506
0.06653627
0.014744261
-0.20732063
0.13441119
0.09727452
0.035137177
0.0069122342
-0.1468034
0.04305905
0.16615772
0.068364516
0.13293603
0.11174583
-0.050567925
0.19168742
0.06733298
0.21418403
-0.13093118
-0.27063176
0.23509814
0.021511078
0.2725627
0.21364138
-0.08721437
0.1785309
0.25306508
-0.0025810276
0.12301008
-0.007112351
0.07798231
0.041225012
-0.065203376
0.016951494
0.09469509
0.38841563
0.010158243
-0.09448047
0.03916008
0.19009283
0.22842854
-0.1783595
0.169786
-0.14956
-0.05541256
0.103819996
-0.1963118
0.18599984
-0.2810689
-0.19835915
0.16281042
0.041748405
-0.10175727
0.15035102
-0.91191053
-0.17974472
0.064584754
-0.19278786
-0.17183423
0.2529983
-0.20368408
-0.3359503
-0.24751584
0.27891394
0.030375883
0.20503016
-0.118001044
-0.005325678
0.019829767
-0.22505608
0.06648865
-0.16836588
0.17039627
-0.16543001
-0.13624729
-0.17775348
0.06652328
-0.19569513
0.20000659
0.17826647
-0.19581321
-0.08894947
0.11328717
-0.14462806
0.1311922
0.05488142
0.12914683
0.04477052
0.096359834
-0.029170603
-0.23616792
0.25729045
0.16032296
-0.023450026
0.022966206
0.29731187
-0.061449215
0.22112034
-0.16181824
-0.06908026
0.07359794
-0.16825658
-0.122286394
0.11390642
-0.4254787
-0.22166933
0.13273798
0.047460165
-0.08176419
-0.13006207
-0.16294195
-0.17037638
-0.20939045
0.29952997
-0.3219117
-0.0437065
0.10729755
-0.053989124
-0.2567014
0.035270195
0.2504857
-0.007992665
-0.23373666
-0.07234978
-0.006413996
-0.14360455
-0.065276325
-0.24346194
-0.35860008
-0.056684796
-0.13446769
-0.15779528
-0.06687511
0.02668196
-0.46957025
-0.19623478
0.08950746
-0.06908359
0.1824288
-0.070290565
-0.058652747
-0.14892
0.008333206
0.04773244
0.23660365
0.030052453
0.15801576
0.1886683
0.16856605
0.23912287
0.2328285
-0.25557968
0.15269116
-0.1465735
-0.14232756
0.22867319
0.13560194
0.08945676
-0.0964087
-0.09521054
-0.13110395
0.28154793
-0.10433561
0.16857766
0.13980469
-0.005863503
0.06122662
-0.086099915
0.1552484
-0.032002375
-0.0035108328
-0.15975691
0.20123458
0.09777279
-0.1154464
0.046110418
-0.06857717
0.19797923
-0.055557333
-0.112318546
0.17688374
0.14385146
0.10253199
-0.022904499
0.0898685
0.09748386
0.00400374
0.006575443
-0.026963715
0.007836626
0.1342527
0.14662404
0.03823806
0.23810412
-0.1434123
-0.13616945
0.08263461
-0.06604593
0.035445813
-0.1325756
0.2414534
-0.027426397
0.23908426
0.18365951
-0.101483
0.22616938
-0.15941028
0.1400666
0.22777426
0.23410194
0.25535172
-0.14554185
-0.12057633
0.17558928
-0.14185102
-0.21266073
-0.080390446
0.23023154
0.17471609
0.075818814
0.08567558
-0.25889587
0.16512483
0.01825653
0.00920022
-0.222884
0.18271726
0.20687388
0.29163247
-0.14873904
0.016440094
-0.17246561
-0.25188628
-0.02511491
-0.07184216
0.17538811
-0.053920686
-0.1487945
0.026728878
0.08698191
0.28893244
-0.038833573
0.03474465
0.029509017
0.12002916
-0.011444553
0.06117472
0.18260054
0.12389532
-0.23437452
0.22411245
-0.021042757
0.123218775
0.235612
0.15016577
-0.19572484
0.019431442
0.09146784
-0.13897073
-0.055017788
0.24813761
0.15815681
0.07100823
-0.2477995
-0.16443138
0.18574852
0.20334412
0.012247779
-0.13032109
0.1547588
0.23560631
-0.05423292
-0.122850314
-0.09360304
-0.08952478
-0.028436912
-0.009783049
0.22494106
-0.21588528
-0.14842391
0.13293803
0.11190989
0.18051103
-0.009455595
-0.23747486
-0.26611364
0.22849084
0.12205356
0.22347285
0.025506558
0.052972596
-0.0058767563
-0.26310486
0.02282694
-0.19427937
0.05476114
0.20177622
0.09365663
-0.16014238
0.20133048
0.010022206
-0.07019412
-0.08569011
-0.05618607
-0.21676122
-0.15961501
0.04877123
0.18406114
-0.1279701
0.18919298
-0.22719723
-0.23575038
-0.17133455
0.0066771936
0.21342887
0.26096562
0.17615283
0.097394705
-0.034026794
0.04337114
0.2018155
-0.1496246
-0.099560484
-0.10492814
0.0005728446
-0.114282474
-0.11125736
0.07437487
0.14821137
-0.089848995
0.09449294
0.15952334
0.023322582
0.22261117
-0.12722622
0.18001504
-0.15241554
0.09843207
0.1048153
0.14352584
-0.038918108
-0.17376503
-0.04557304
0.28954393
-0.0012931377
-0.21333203
0.26366067
-0.023264797
-0.15792497
0.23823954
0.13674802
0.052561004
-0.20383273
-0.18961486
-0.102763385
0.057334
0.055643864
0.1311283
-0.06832839
0.11677629
0.21765618
-0.091598004
-0.19504175
0.20684974
-0.02058354
-0.19314696
-0.14612292
0.05061555
0.17591956
0.10053663
-0.06604442
-0.07234496
0.2155544
-0.20496494
0.1173802
-0.2465497
-0.0060651344
0.16451582
-0.10641881
-0.15178823
-0.16992065
-0.07364025
0.16994157
0.14733644
0.116701655
-0.08992944
-0.21191256
0.1827347
-0.0030549513
-0.24699166
-0.15821275
0.096670054
-0.17612335
0.017401611
0.23542188
0.20949298
0.0018178225
0.16827375
-0.16633171
0.0002102554
0.054277573
0.1482023
-0.018781492
-0.20440054
0.07764574
0.01798476
0.10449485
0.09706817
-0.15556122
-0.011047274
-0.2187959
0.22564179
-0.05323592
0.08543995
-0.14332837
0.12222495
-0.12561586
-0.019602519
-0.009178082
-0.20805456
0.25289756
-0.097650126
-0.14945611
-0.24260876
0.093355104
-0.043034747
0.2409904
-0.20677777
-0.068701856
-0.17701162
-0.23315355
0.036624283
0.12538153
0.20540129
-0.024457313
-0.23997934
0.15348516
-0.12476947
0.18194333
0.17301989
-0.051047835
-0.12171891
-0.07131242
-0.079003
-0.09578365
-0.18665893
0.1853142
-0.20130017
0.19104391
-0.15386578
-0.22577283
0.23141761
0.19858658
-0.26666114
0.29287302
-0.21179244
-0.25064132
0.18113542
-0.09243483
-0.014826437
0.13022391
-0.06796427
-0.23052523
-0.124737695
-0.14761613
-0.057184733
0.2368512
0.20007585
0.22062877
-0.252619
-0.15265822
-0.25279927
0.13236994
0.037082497
-0.1696005
-0.13640341
0.13697812
0.0470554
-0.2637855
0.105454676
-0.23172268
-0.25882465
0.05783577
-0.15925138
-0.16277438
-0.16966999
-0.11952048
-0.018529685
-0.012670677
-0.15932521
0.0897516
0.019000122
-0.25002316
0.08595594
-0.028818652
0.17565419
-0.15450102
0.13723598
0.32842314
-0.17461286
-0.071293704
-0.023006573
-0.13742778
-0.08509555
-0.14124613
0.2654632
-0.2582699
0.23363808
0.13497183
-0.18503281
-0.17289948
-0.11127847
0.06542045
-0.119967245
0.12212036
-0.07302183
-0.19097985
-0.2617182
-0.05684155
-0.13864729
-0.14613459
-0.014546841
-0.22191104
0.018684365
-0.023587525
-0.2338055
-0.22830266
0.03644657
-0.037662644
0.2136145
0.09721829
-0.10936068
-0.059611183
0.2330157
0.1910223
0.050761998
-0.19709499
-0.08551536
-0.25552046
0.20428535
-0.2549867
0.29356042
-0.19670197
0.23656636
0.09148326
-0.120643355
0.08569171
-0.10002875
0.08666033
-0.24675158
-0.062215105
0.24009849
-0.029611465
0.097523175
0.08465604
-0.068369985
-0.14399135
0.17326075
-0.2441194
0.101253115
0.112037666
-0.032302074
-0.12303791
0.15900896
-0.15656438
0.06771642
-0.08476945
-0.122676596
-0.24105464
-0.26138276
-0.14660957
0.22492975
-0.08946687
0.20330274
-0.05518733
-0.07386016
0.13287088
-0.28227878
0.16225795
0.112992495
-0.06946216
0.18587026
0.060407642
0.16548297
0.23494132
-0.020602023
0.028914107
-0.25057808
-0.11146567
0.073935986
0.022927076
-0.14992358
-0.20474528
0.017688747
0.03616458
-0.25287664
0.030922296
0.049449895
-0.023057312
0.026784359
-0.03489788
0.08569607
0.02617017
0.09351542
-0.114517
0.20927688
-0.12361337
0.19555974
0.23614119
0.24021809
0.21818158
0.055391848
0.2624296
-0.038528234
0.014510923
0.1337797
0.04548361
0.101456724
-0.054345794
0.1461146
-0.16458565
0.29130763
-0.22487316
-0.45334348
0.011000513
0.06265772
-0.0070472136
0.1228148
-0.02754731
0.13574049
-0.14292657
-0.09209502
0.10541291
-0.2652181
0.18120995
-0.20237863
0.12599695
0.15110634
0.20957929
-0.028773127
-0.26055932
0.059545334
0.060053885
0.09469036
-0.21112016
0.12480482
0.093847506
-0.10843207
-0.124027684
-0.2375556
0.18403259
-0.019276742
0.23440617
0.21463658
0.24166697
-0.04544131
-0.1208356
0.12351539
0.11497795
0.09996265
-0.0065113464
0.22906357
-0.14120594
-0.07024403
0.11644136
-0.19407481
0.27344483
0.26022786
0.002133388
0.28529277
-0.114374235
-0.051402315
-0.010734884
0.26068917
-0.15518099
0.17925471
0.24332984
-0.18147874
0.14852051
-0.11050202
0.19746289
-0.060727138
0.053496644
0.011811802
0.06892428
0.07392067
0.016159981
-0.0785321
0.179234
0.05105915
-0.20479563
-0.17579672
-0.19091938
-0.16052294
-0.22022246
0.21925044
0.13980024
-0.14161034
-0.22716385
0.022160176
-0.008268995
-0.10840716
-0.03493485
-0.048065238
-0.1929939
-0.1901125
0.13246581
-0.017805263
0.031138012
0.096291274
-0.10811144
0.13314405
-0.23238268
-0.07360291
-0.020360315
0.11479425
-0.16257715
0.034537762
0.20296359
-0.09472161
-0.02493178
0.064570084
0.11666842
-0.25398308
-0.24477047
0.09044248
0.010945207
-0.034355562
0.020912584
0.18319169
0.14300212
0.23245236
-0.04790312
-0.04355724
0.24273825
0.17125416
-0.24452586
0.24615636
-0.05072894
-0.11776717
0.06716496
0.20466208
-0.018029
0.056635384
0.13556162
0.2230969
-0.077279545
-0.02452153
0.21606326
-0.26118687
-0.08258477
-0.11665102
0.21139872
-0.13997823
-0.20190126
0.08132697
-0.16497235
0.078242734
0.12948714
-0.1973121
0.1439042
-0.14329831
0.150451
0.052559234
0.24395019
0.059001982
0.008540869
-0.26358923
-0.27555323
0.10837004
0.1091609
-0.12706399
-0.19387375
0.26440543
-0.27637565
0.23070568
0.16585387
-0.15304223
0.24368693
-0.12543385
0.1675969
-0.03156296
0.1455679
-0.11797259
0.15574473
0.056240328
-0.055317737
-0.031280145
-0.03187319
0.11053461
0.23929179
-0.23949933
0.23764293
0.24251314
0.25681305
-0.12485453
-0.07719247
0.16166727
0.26860067
0.25627124
0.24093354
0.020162981
-0.019404072
0.089428626
0.15570559
-0.11354488
-0.085598916
0.013347183
-0.15914685
-0.104996696
-0.17760137
0.0406943
-0.1814009
-0.058977563
-0.23773131
0.14958666
-0.18159036
-0.17813791
-0.0709486
0.13275868
-0.1928354
-0.051570922
-0.13611384
-0.25741556
-0.21966542
-0.00941284
-0.22429278
0.012070649
0.2090155
-0.044495653
-0.2637612
-0.0070352987
-0.015613473
-0.040833857
-0.7410287
-0.0132792825
0.20542657
0.0164972
0.015290316
-0.24181686
-0.15447192
0.18829964
-0.18785086
-0.20168628
0.02533707
-0.13397938
0.053056955
-0.2648123
0.009659036
0.102431834
-0.17439368
-0.050931092
0.1649346
-0.1588827
-0.10907498
-0.11010316
-0.06821228
-0.08297098
0.2718727
-0.11922141
0.1151713
-0.01745207
-0.1878126
-0.28899786
0.16624786
0.065728776
-0.031796206
0.09902415
-0.22660407
0.2646072
-0.2525721
-0.17866825
-0.26060677
0.24764575
0.24431606
0.21311074
-0.16694485
0.119522706
0.23273477
0.07961613
0.24531522
-0.025257293
0.17243913
0.09633851
0.13045557
0.03625063
0.11793961
-0.049652204
0.20603865
-0.084839225
0.21619654
0.2632588
0.15981546
0.00031261123
0.057272494
0.20094384
-0.04006909
0.122009456
-0.23414274
0.0013197064
-0.02926005
-0.25861275
0.2720491
0.04290609
0.047450885
0.07289677
-0.070512384
0.0153554445
0.17339703
-0.041176137
-0.20155174
0.17222714
0.20461473
-0.01550606
-0.25491646
0.024794523
0.035899814
0.02250824
-0.30954683
-0.097101964
0.063899085
0.035030782
0.2378562
-0.04774565
-0.21472096
-0.02399464
-0.21275872
0.048933804
-0.042569395
0.087997824
0.008744267
0.18162608
-0.022257697
0.105958335
-0.3730102
-0.14887324
-0.18952313
-0.18685752
-0.11846553
-0.026928296
0.15241632
-0.06429217
-0.13298145
-0.22527896
0.13258982
0.21821877
0.17207228
0.34565967
-0.07327624
0.1767118
-0.14121246
-0.12007273
0.07414642
-0.23489034
-0.17270711
-0.02848421
0.08069968
0.09044339
-0.17164147
-0.03372183
-0.04596402
0.0428485
-0.095916
0.07980405
-0.13690695
-0.17027196
0.017132824
-0.1602747
-0.3780089
0.14899874
-0.24582773
0.021854052
0.22088793
0.1467272
-0.09623158
0.09569261
-0.031777337
0.18393554
-0.3377991
-0.21317336
-0.05295064
0.019518316
-0.041701864
0.037276376
0.07706479
0.11015682
0.32272702
0.3581529
0.14714068
0.13254978
-0.023815542
0.09004487
-0.1101578
-0.12069914
-0.03456746
0.26184204
-0.26813856
-0.175474
-0.015458951
-0.22767818
-0.085158795
-0.2484782
0.15629223
-0.1837116
0.19333112
-0.04423505
-0.22611307
-0.15374558
0.16786005
-0.12618971
0.075922266
-0.010698364
-0.2824933
0.052662384
0.23250403
0.22828496
-0.24368294
-0.117543034
0.18082744
0.10131144
-0.20598277
-0.057042833
0.26627028
-0.11716724
-0.16214564
-0.16287832
0.04449817
-0.17555764
0.19524154
0.12957191
0.0656299
0.23149358
-0.2565652
0.252204
0.19113389
0.027502805
-0.0065576434
-0.1891857
0.115109496
-0.043502994
-0.015893895
-0.14767939
-0.11299945
0.07718014
-0.10217189
0.0808436
0.14895797
0.1780545
-0.029187981
-0.04334341
-0.22340737
-0.19884735
-0.15623552
-0.06732201
0.07774946
-0.14703088
0.08449376
0.03756678
-0.108046345
-0.103036664
0.16450906
0.1196897
0.17871113
0.1066173
0.18982367
0.04798963
0.0992733
0.2862184
-0.13317072
-0.19439961
0.26702613
-0.07680983
-0.19837427
-0.20243864
0.09244427
0.23477538
-0.24799095
0.115834035
0.008910979
0.056539007
-0.20504306
0.24254782
-0.00026335756
-0.11456406
-0.2646576
0.24404168
0.2041237
-0.22041611
-0.05967932
0.11719268
-0.12216343
-0.11786542
0.15063705
-0.12657163
0.1749483
0.011302292
-0.25710008
0.07523301
-0.20934464
0.1678665
0.08732155
-0.2674308
-0.25567845
-0.2167211
0.23219645
0.067503475
0.16222748
0.12375466
0.019291658
0.022850394
-0.09991203
-0.13283695
-0.15877391
0.12602496
0.15454534
-0.017565802
0.11133224
0.09203167
-0.16258454
0.14617221
0.093722455
0.117906794
-0.18133767
0.26692876
0.119989276
-0.015932577
0.1870733
0.073534966
-0.123695545
-0.005016476
0.039741665
-0.09139654
-0.1355083
-0.1341269
-0.06715669
-0.018532788
0.16590694
0.21587552
-0.030640861
-0.033161085
0.04354698
-0.025850803
-0.109763585
-0.02179875
0.13970953
-0.22970587
0.025753789
-0.23451039
-0.15100275
-0.23997614
0.023923904
-0.11471088
0.2065263
0.044078685
0.059971042
-0.108175546
0.24786176
0.21304335
0.24403134
-0.20664918
0.14256422
-0.05990148
0.1569618
0.2786505
0.016932279
0.11153424
-0.038884822
-0.15987581
0.1465907
-0.040097814
-0.13459276
-0.20354274
-0.08052607
-0.13791382
-0.21490663
0.06914392
-0.067439176
-0.09483791
0.0032297908
-0.23968202
-0.1553025
-0.091320306
-0.005403787
-0.037039123
-0.20750238
0.16047299
-0.036292426
-0.22542253
-0.18460152
0.0698002
-0.08113092
-0.018922308
0.27814054
-0.1287748
0.059003305
-0.2551408
0.0686464
-0.039571084
-0.16129616
0.12892468
-0.17538081
0.14862339
-0.2946223
-0.07449871
-0.26434255
-0.2124155
0.098855145
0.12828672
0.0017719767
0.16667432
-0.11052604
-0.29707277
-0.0058333576
-0.24117084
0.15724623
0.06325205
-0.17382494
0.03301695
0.014552121
-0.0030009623
-0.2774079
-0.11687197
0.17871067
0.18335146
0.2223232
0.1668841
-0.14969061
-0.2503374
0.18470155
-0.2371796
-0.22507846
0.13612294
-0.012235179
0.10956057
0.04306825
-0.04864864
0.08220475
-0.018811012
0.08591829
-0.034934837
-0.20391297
0.26550132
-0.012964164
0.088303156
0.06734505
0.2243663
0.24437873
-0.21361461
0.088157415
-0.23140886
-0.1932381
0.2796438
-0.061750676
-0.046841625
0.22467041
-0.12264542
-0.13493817
-0.15934989
0.061451223
0.01585071
-0.038403198
0.16398944
0.0686982
-0.040395264
0.047101684
-0.059585154
-0.07773592
-0.01665447
0.23423138
-0.109325066
-0.1994339
-0.15886277
0.18154752
0.051453862
0.058286905
-0.23238751
-0.19238581
0.28596133
0.21484315
0.14201303
-0.050393756
0.114431806
-0.20314956
0.16960864
0.2439183
-0.1856628
-0.04007609
0.09933916
0.2459846
0.012957811
-0.14120494
0.10532531
0.079420954
0.17737532
-0.012321562
-0.026136091
0.046447784
0.0037784441
0.16387554
0.049836475
-0.05013702
-0.15746951
-0.04704259
0.07018829
-0.012665187
-0.14921474
-0.11201503
0.13936919
-0.21876818
0.15368879
0.1532144
0.049500678
-0.0314003
0.027839229
-0.09702511
-0.17681864
-0.1687585
0.2546924
0.21441767
0.007411991
-0.20360823
0.20052345
0.0947147
0.027615648
-0.06077689
0.15824339
0.23330045
-0.24454248
-0.21624699
0.042945176
-0.18562882
0.1014411
-0.098888054
-0.14172865
-0.3744125
0.14909238
-0.111068495
0.2623252
0.03490665
0.030612184
0.17130394
0.01197763
0.020078957
0.07040768
0.07741873
0.13203825
-0.11713989
0.07030539
0.015383993
0.08682412
0.14164996
0.22086996
-0.21337092
0.16424567
-0.024162086
-0.15747719
0.1674903
-0.077856
0.23209839
0.08955986
0.007105196
-0.22924653
0.03322749
0.21024048
0.20817125
0.1071637
-0.24556787
-0.011450927
0.12657835
-0.15605214
0.014540911
-0.03577171
-0.17260599
0.2005575
0.2187722
0.083370864
0.112710744
0.04576501
-0.10592554
-0.19229704
0.099051826
-0.07257539
0.18774061
-0.11648345
-0.04251634
0.06646157
-0.023096075
-0.14829451
0.17883585
-0.1598174
0.103119045
0.064191855
-0.17483157
0.118226126
-0.10323913
-0.39279848
-0.25103593
0.15406646
0.17308252
-0.10079824
-0.10209415
0.08762724
-0.18634236
-0.045380387
-0.008400321
-0.23836657
-0.07685381
0.25675184
0.059261013
0.19268987
-0.2550657
0.17515303
0.14270668
-0.02314037
0.08647974
-0.1468947
-0.0034207748
-0.25135162
0.12249382
0.31993124
0.14890017
-0.05677607
0.19330606
0.08353172
-0.20758376
-0.18288276
-0.21079352
-0.096976995
-0.044323824
-0.18305367
-0.040852636
-0.23258896
0.082802914
0.2608775
0.279223
0.09896012
-0.22695884
0.13063322
-0.20496744
0.04399966
0.16392641
0.22175974
0.00083061494
0.07809956
0.28960785
0.22762352
-0.07003749
-0.22893704
0.18857841
-0.07333772
-0.0022746325
-0.00561709
-0.14833096
0.042865966
-0.1985122
-0.17754982
-0.119639814
0.19987136
-0.0051680184
0.08930361
-0.014536771
-0.1531301
0.21328992
-0.11865414
0.22786401
-0.05079449
-0.18564823
-0.11706623
0.17698084
-0.16344789
0.18984616
0.14612868
0.26327658
0.14914623
-0.141384
0.118888706
-0.13459677
0.21485595
0.12798128
-0.08375652
0.08416078
0.14174458
0.14478962
-0.13854493
-0.23170874
0.16478461
-0.15189908
-0.21346328
0.22228062
-0.07416921
-0.2287296
0.09593336
0.055143308
-0.22401083
0.14377433
-0.16262457
-0.06315644
0.1607634
-0.07231726
0.1581
0.09306686
-0.05442074
0.12014562
0.18683413
-0.18294607
-0.18307675
-0.13801903
0.16595365
0.017961169
-0.17588666
0.13688305
0.030401062
0.042067014
0.087435514
-0.14531404
-0.09223004
-0.04457754
0.06274684
0.018819131
0.17191306
0.1491324
0.09701507
-0.02882193
-0.048685953
-0.12629047
0.20588577
0.1328066
0.12011274
-0.106013216
-0.05077459
-0.22860248
-0.23888096
-0.052223444
-0.10837404
-0.2514186
-0.3420133
0.1784893
-0.19049881
0.13183774
-0.17746483
-0.12594697
-0.14096634
-0.17543279
-0.0017998109
0.062352378
0.010349652
0.019084
-0.15135127
0.0012334811
-0.05483266
-0.19245744
-0.018414207
0.1547369
-0.104678884
0.13376972
0.27726954
0.12137053
-0.13838334
-0.024116484
0.12657082
-0.10778742
0.24268591
0.16120619
-0.20233373
-0.081984416
0.25881886
-0.19666266
-0.1373718
0.037318163
0.21635188
0.17006263
0.076842695
0.10325775
0.22773379
-0.18610993
-0.24824856
0.1969393
-0.18342562
0.24192259
-0.04483759
-0.0031637077
0.23965968
0.00038349628
0.19055204
-0.33397475
0.15703672
-0.07969461
-0.10476609
0.13922258
-0.02496007
0.2338816
-0.0631873
-0.11720264
-0.24379818
-0.20806171
-0.09005405
0.22457
-0.20336215
0.06652967
0.0842303
-0.19045004
-0.14377421
0.09926597
0.20290619
-0.10433175
-0.12127048
-0.17503056
0.2147737
-0.12647761
0.012482315
-0.01746884
-0.07421231
0.26576817
0.14393784
-0.15562335
-0.11418598
0.20617336
-0.13291755
-0.1490521
0.2434262
-0.07315054
-0.058097035
0.23652804
0.087548226
-0.039165463
0.24454686
0.0020921358
-0.12467371
-0.24272454
-0.21108748
-0.24240924
0.11385053
0.036675427
-0.046450276
0.06373381
-0.00679991
0.20330022
0.103611924
-0.050580345
0.23695312
-0.13626045
0.018774005
-0.2349498
-0.020512044
-0.24971908
-0.19157976
0.091446966
0.017423302
0.1516124
0.1363462
-0.05429368
-0.08937696
-0.14918602
0.022519052
0.030318795
0.20455658
0.14986353
0.121036135
-0.18275474
-0.019758696
-0.23184726
-0.014563766
0.014171898
0.23827994
-0.35012946
-0.09334759
0.22621907
0.12061413
-0.012462277
0.0631451
0.19822475
0.2199105
0.2133881
0.047950998
-0.03398625
0.07775946
-0.17972621
-0.0010749355
-0.023572644
-0.058675565
0.0671992
-0.20981173
0.100503355
0.04338255
0.11655487
-0.06274921
0.08205507
0.2032383
-0.23761588
0.09754181
-0.26770186
-0.03838774
-0.19912988
0.18011057
-0.064862385
0.1827713
0.17124707
-0.039423108
-0.19280264
-0.20477077
-0.19027817
0.076049685
0.017904464
-0.07380161
0.08603356
0.07503236
-0.018397564
0.042163968
-0.16147615
-0.005051173
0.19726807
-0.0462542
0.23159637
0.20129946
0.033888742
-0.27339807
-0.107303254
-0.014550436
0.25113234
0.16070993
-0.15891431
-0.1857184
-0.2504794
-0.2024681
-0.17556065
-0.20721982
0.11275369
-0.085709184
-0.18471432
0.23288837
0.15209626
0.24222428
0.115233906
0.11938219
-0.062034227
-0.23079458
0.2088518
-0.082822785
-0.28811723
0.18394814
0.15853706
-0.050558105
-0.16583063
0.09909856
0.009100468
0.2772864
0.029425371
0.15132585
0.043006495
0.25487125
-0.085470915
-0.0024432428
-0.09721636
0.06660297
0.07974704
-0.060211
-0.13711724
0.24982032
0.001716892
-0.09787501
-0.011114096
0.12945987
-0.08811089
-0.18985006
0.27176887
-0.21191086
-0.11513608
-0.007836912
0.09251172
-0.19093409
-0.019498587
-0.09528949
-0.1237109
0.11505224
-0.08651888
-0.08539666
0.19240677
-0.20616426
-0.0010612741
-0.2537959
-0.0944739
0.079769105
-0.026865514
-0.04154802
0.07441574
0.061781652
0.08297768
0.15083699
0.198507
0.25236577
-0.039203078
0.25094867
0.25098646
0.2429716
-0.14611028
0.1803118
-0.053597532
-0.20251618
0.12029209
0.07266155
-0.19908158
0.012922257
-0.13173744
0.036287986
0.113101184
-0.12012428
-0.09322422
-0.11901617
-0.11799257
0.12913905
0.22001319
0.12831695
0.07789951
-0.25466192
-0.07245977
0.10195571
0.24933226
-0.003819018
0.0648934
-0.18997695
-0.18338312
-0.21757364
-0.12919581
-0.1928416
0.1363116
-0.15462135
0.28766423
-0.13603495
-0.26719168
0.0013557374
0.17232892
0.16555321
0.09325435
-0.08546101
0.24454756
0.25095752
-0.14967117
-0.04794681
0.17972213
-0.1737058
0.07349633
0.087530516
0.047329497
0.2534349
-0.08001735
0.18439028
-0.17343025
0.020235198
0.07625392
0.055749714
-0.008623987
0.025099458
-0.17159715
0.05693367
0.03441131
0.21755773
-0.037082106
0.17960644
0.029406317
-0.18055871
0.021776006
-0.2379675
-0.048275467
-0.2945066
0.019588003
0.211636
0.1181585
0.27990183
-0.022038383
-0.12544289
-0.13078547
0.0055818358
0.20092148
0.17843361
0.17288415
-0.21563528
0.2123868
-0.06616994
-0.061882287
0.19106223
0.04809534
0.087192416
-0.11686993
0.21266937
-0.14326005
-0.06325184
-0.018315664
-0.19306974
0.07209781
-0.25605884
0.20398377
-0.09365054
0.1471552
0.0096719125
-0.057106607
-0.12720889
-0.2028734
0.15780063
0.08690651
0.29429436
0.088978894
-0.29033983
-0.24035698
0.26200545
0.2221364
0.2389995
-0.048679415
-0.20390752
0.18423885
-0.25037894
0.056988716
-0.11456298
0.18243107
0.18513057
-0.23904169
-0.26726076
-0.031847745
0.06758143
-0.2396304
-0.12242436
0.20870543
0.006502644
0.2236322
0.17219697
-0.0053961184
0.104370385
-0.067713626
0.19604443
-0.1254445
0.09172276
0.23077166
-0.1459088
0.0077950954
0.07952464
-0.18211046
-0.16335702
0.0014264584
0.061780874
0.13337213
-0.16616896
-0.1375411
-0.07136807
0.1884977
0.15365736
-0.23750712
0.14731672
0.07628645
-0.12398457
0.2697478
0.083513916
-0.26851052
-0.17638892
0.1864225
0.09221688
-0.046989307
-0.076920554
0.25856158
0.17656328
-0.20138101
0.07125711
0.055428352
-0.03493823
-0.19006377
0.12321886
-0.14246535
-0.08013876
-0.16550156
-0.11370504
-0.26142982
-0.14985394
-0.15375943
0.23483731
-0.24633844
-0.2628123
-0.17175217
-0.0764465
-0.103128694
0.28274986
-0.26254496
-0.2159224
0.06455151
-0.21404348
-0.2543098
0.23141032
-0.10892648
0.25857976
-0.013843699
0.15918201
-0.16408885
-0.1375337
-0.11020796
0.17442176
0.025883155
0.113271885
-0.24032037
-0.041436214
0.044382036
0.2587994
-0.11729816
0.25363123
-0.18146944
-0.054735586
0.15996209
-0.0010848521
-0.12080143
-0.059015967
0.23536587
-0.048492305
0.26326272
-0.16084148
-0.24950255
-0.24551299
0.08564767
-0.06545079
-0.17496133
-0.0025151754
-0.12989499
-0.05537083
-0.18501508
-0.16002743
0.17799558
-0.25792864
-0.02340393
-0.15002304
-0.19928075
-0.0623805
-0.10115196
-0.21090093
0.23334597
0.2454597
0.22183868
-0.09332005
0.09630128
-0.016434623
0.04740118
-0.0077379
0.012636553
-0.0017330576
0.07427941
0.022588527
-0.016854912
0.012020979
-0.0021574863
0.01859738
0.0
0.0
-0.0029903231
0.0
0.012337193
0.013725047
-0.0030282785
0.014478732
0.025062783
-0.0013614156
0.04757553
0.0
-0.0027157413
0.03982417
-0.010160424
0.03121297
0.010475215
0.035741143
0.0
0.040586527
-0.026574299
0.0008758821
0.012244879
0.0065972907
-0.009234081
0.0
0.0
-0.020463837
0.07508398
-0.009588395
-0.016675776
-0.0015227144
0.0
0.013823737
-0.0075875493
-0.0142856985
0.0058883177
-0.009351367
-0.023765063
-0.017673643
-0.0016832885
-0.0016183143
-0.0168048
-0.015982078
0.005484878
0.0
0.0
-0.032033056
0.0
-0.010578087
0.0
-0.019971916
0.0
-0.022118174
0.07309831
-0.0018428746
-0.019194476
0.0
0.0344715
-0.020452142
-0.010796598
0.006195773
-0.011338355
-0.007209257
0.01473559
0.029421562
0.0
0.016666317
-0.017703975
0.1952236
-0.11392015
0.152839
-0.082335524
-0.13478795
-0.17220321
-0.09122759
0.13410519
-0.17652416
0.07405437
-0.21441379
-0.011172265
-0.0017184019
-0.14778729
0.23024446
-0.059379227
-0.19092722
-0.093304254
-0.23023292
-0.08307112
-0.043930825
-0.08842065
0.072592676
-0.024091363
-0.098647535
0.056953195
-0.058276996
-0.036435306
-0.050145015
0.06237492
-0.077893905
0.16602403
0.1328346
-0.14612901
0.1295279
0.2451431
-0.19491106
-0.2603946
0.12927888
-0.15620008
0.22914197
0.044310562
0.22776268
-0.046304673
-0.1302491
0.1965163
0.1521473
0.13818789
0.07188017
0.14876793
0.09372086
0.22043473
-0.11455658
0.14009579
0.057061847
-0.09540539
-0.05803819
-0.017692417
0.06254637
-0.19032475
0.04837698
-0.10629031
0.20565015
0.09730676
0.09611288
-0.16520067
0.015730679
0.0737933
0.052057415
0.09210839
0.21137996
0.17450063
-0.043110926
0.16979556
0.1876935
-0.026084376
-0.07796492
0.10926515
-0.1779823
0.08695262
-0.015419559
