25
2
80
1
relu
line
1
0
0.24794556
-0.039211184
0.09826496
-0.0528981
-0.09111558
-0.054575384
-0.05607031
0.25622356
-0.32717764
0.25038427
-0.34555772
-0.06019937
0.050782893
-0.26864353
0.41187373
-0.04168906
-0.23970024
-0.16887769
-0.4452548
-0.06671449
-0.0801954
-0.13614169
0.08039897
-0.048167348
-0.015466005
0.10108097
-0.046130024
-0.06768062
0.020646608
0.110954754
0.12668732
0.2123259
0.28412196
-0.3925487
0.101532295
0.33187047
-0.34866747
-0.3069519
0.25311092
-0.12548888
0.41807422
0.24738684
0.2677897
-0.08283231
-0.19985506
0.4698346
0.41675183
0.2495319
-0.0054261354
0.45786908
0.12889344
0.3317044
-0.2070998
0.16564956
0.1498883
-0.28298983
-0.039898913
-0.011905024
0.36409193
-0.34046328
0.004825282
-0.16423202
0.48484305
0.17406759
0.15255395
-0.12129121
0.031365424
0.29479024
0.07578286
0.20544009
0.26093924
0.27634582
-0.04394385
0.14754556
0.075058885
-0.040576212
-0.20775318
0.1188786
-0.36125904
0.21735898
0.37396243
-0.033317298
-0.44651836
-0.53073627
-0.00057481945
-0.29380128
0.18092227
0.07920193
-0.32709444
-0.094034985
-0.030715324
-0.10080422
-0.17179829
-0.08574372
0.06710437
-0.27923167
-0.31436568
0.37577936
0.1794193
-0.16034956
-0.37786812
-0.49516466
-0.140221
0.036348622
0.4745028
0.39232138
0.28944448
-0.03730238
0.2219517
0.31014028
-0.09558107
0.11474183
0.20144781
0.053175777
0.20664732
-0.088472486
-0.43736586
-0.47429055
0.17086221
0.19284043
0.1432279
-0.40728977
-0.31876752
-0.37091053
-0.2887463
0.40561894
0.26770517
-0.6115572
-0.057558037
0.11556259
0.032276656
0.19554543
0.17827967
0.48544386
0.0067376494
0.15025395
-0.30046088
-0.38117898
-0.23926018
-0.24138993
0.45494893
-0.15331517
-0.46896
-0.13007775
0.14934495
-0.06125723
0.2612414
0.35310096
0.37162805
-0.23043212
-0.095384024
-0.32900897
0.2271729
-0.038678493
0.2926978
-0.19694822
-0.10024322
-0.27961087
-0.008402526
0.15213054
-0.23261678
0.21089372
0.34724364
0.10465286
-0.012036902
-0.011686352
-0.40573502
-0.36350575
0.117761336
-0.18361273
-0.008492873
0.17760803
-0.25335574
-0.115093924
0.30815873
-0.2361628
-0.26735586
-0.2044663
0.38247636
-0.36720353
0.078690924
-0.46247715
0.37419772
-0.45806283
-0.16963848
0.055263717
0.45964128
0.117936544
-0.006067562
-0.42989767
0.3461822
-0.2185151
0.45845398
0.223595
-0.28824744
0.14504471
0.14533374
-0.24260744
-0.32909977
-0.09972566
0.3836181
-0.13210297
-0.038042605
-0.48704848
-0.1909729
-0.40882567
-0.3172379
-0.2568543
0.30779064
-0.051259756
-0.3422626
0.39152008
-0.01974821
-0.44095448
0.2591363
-0.39972097
-0.17765811
0.07724737
-0.2227798
-0.069328606
0.21904752
0.058992207
-0.20517446
-0.18861467
0.29043612
0.006697617
0.37279078
0.45994714
0.001980284
0.32073465
0.054393135
0.1048328
-0.0811912
0.47790888
-0.03009415
0.2848303
-0.20346487
0.13170639
-0.2233524
0.338035
0.4128273
-0.18908176
-0.4546067
0.14761032
-0.16418041
-0.27339676
0.1524856
-0.17300595
-0.21130805
-0.56122524
-0.27589732
0.28250283
0.08179905
-0.11712502
0.29589257
0.40284488
-0.41204262
-0.0001631736
-0.22152318
0.0056028557
0.03397048
-0.19363439
-0.49275535
-0.015477934
-0.2651439
0.273611
0.5537757
0.40560418
-0.44683504
-0.59521765
-0.044058837
-0.196094
0.1419982
-0.10949582
-0.31614566
-0.36512318
0.35518703
-0.24885812
-0.18642963
-0.5556767
0.07307771
0.3201634
0.15264425
0.2537839
-0.22341381
0.16022912
0.3481665
0.06983254
-0.0049693407
0.4577053
-0.16580483
0.19439505
-0.44008648
0.4529004
-0.423587
-0.04881094
-0.27915058
0.2178273
-0.38851824
-0.15921065
0.24374868
-0.20563374
0.00025571702
0.3115922
-0.47890055
-0.33441955
0.37563142
-0.25619575
-0.3590878
0.3143536
-0.29621428
-0.46264797
-0.40744865
-0.16504031
0.20214233
0.033105046
-0.23349224
-0.2594836
0.18717626
-0.18697776
0.052672762
-0.07457578
0.407262
0.15436189
0.24814203
-0.09824346
-0.47981653
0.027713034
0.20055608
0.34477663
-0.06699417
0.16691957
0.34498912
-0.09621295
-0.29542178
0.1780037
0.07908644
-0.50657547
0.32311758
0.29295772
0.1556718
0.17425825
0.21817914
0.46423858
0.38971245
-0.22237723
0.22753963
0.122078426
0.29179817
-0.13195273
-0.2963283
-0.15937442
-0.39012554
-0.16990855
0.45517087
0.21029338
-0.50770664
0.28808904
-0.09793231
-0.09638818
0.39525297
-0.45461288
0.16063598
-0.36830342
0.4618006
0.40949693
-0.117975324
-0.026799142
-0.0313819
-0.15592119
0.067156546
-0.236737
-0.3297212
-0.39361975
-0.08753133
0.27309653
-0.49499342
0.06907352
0.08950087
-0.031944305
0.3820875
-0.09131437
-0.32959858
-0.37294334
-0.31935444
-0.051126387
-0.039346784
0.07390687
-0.4372438
0.5431335
-0.02485336
-0.023303509
-0.32413328
0.10258047
0.22792076
0.096632004
-0.40308338
0.08907245
-0.38642332
-0.39498183
0.37613365
-0.110295564
-0.25424784
-0.18226948
-0.2906225
0.37270692
-0.1774435
0.18365529
-0.062128425
0.1715621
0.14723077
0.31920204
0.010389298
0.1549457
-0.26350978
-0.44497344
0.18969902
-0.09612936
-0.18308356
-0.1278061
-0.191044
0.13990667
0.15404984
0.05470833
-0.32461482
0.23665181
-0.29064667
-0.4305587
-0.44313115
-0.43640634
-0.28203344
0.43572214
0.019761056
-0.38577217
0.24043366
0.1350036
-0.1969463
0.23766491
0.120702356
-0.32759848
0.32615176
0.36315367
0.35586485
0.106161505
0.31623855
-0.36584967
-0.38091606
0.06289151
-0.37708393
-0.24913919
0.4721748
0.39432094
0.09396806
-0.4744814
-0.10314196
0.08519831
-0.47637534
0.36115417
-0.12208331
-0.041522324
-0.3357674
0.22420189
-0.14241496
0.10014942
-0.093224764
0.23321292
-0.18283993
-0.38525766
-0.47924256
0.083553106
0.13287452
-0.22649631
0.32071248
0.21609429
0.2719386
0.37342235
0.14230493
-0.4004657
0.06477359
0.28201333
-0.011514358
-0.23526713
-0.22020039
0.054740075
-0.38605702
-0.40475625
-0.12713186
0.18831295
0.2102429
-0.4188505
0.12774585
-0.23178531
0.14262424
0.42767313
0.13826838
0.061966054
0.3748849
-0.39144388
-0.15461642
0.2960105
0.6499935
0.13000078
0.13781102
-0.28765213
0.12784235
-0.07780656
-0.468942
0.24876454
-0.17102048
0.097480856
-0.25510606
-0.38287082
0.16464141
0.34592196
-0.31851757
0.004901886
0.26335773
-0.33955473
0.12360057
-0.26183194
-0.23434123
-0.08529109
0.37850598
0.16995785
-0.19071364
-0.010671616
-0.12720177
0.47735223
-0.3280083
-0.25461143
0.33252198
-0.103876844
-0.0350734
-0.08117007
-0.3423015
0.37792856
0.35748392
-0.12931055
-0.037625764
-0.33149004
-0.25672197
-0.2011271
0.48771927
-0.057141155
0.20088133
0.2570697
0.34954754
-0.001779061
-0.18633536
-0.35109392
-0.3017057
-0.033017486
-0.438157
0.04665946
-0.35991555
-0.2670202
-0.32317358
0.009287686
0.11812368
-0.45994812
-0.4239479
-0.3786939
-0.15765676
0.17920172
0.26243597
-0.5715587
0.036930397
-0.025967246
0.3044013
-0.255547
-0.25360617
-0.02251759
-0.2737717
-0.057266008
-0.49079627
0.21436147
0.41101584
-0.08389181
0.38932297
-0.4537058
0.47006586
-0.46061602
0.025510268
-0.6260385
-0.93407804
0.042436067
0.011130668
-0.36187968
0.1646847
-0.00016529724
-0.09797465
-0.3555578
0.4408647
0.2147992
0.41412348
0.15549895
-0.1277901
0.064825386
0.27371937
-0.7174881
-0.29398215
-0.0884822
0.20229402
0.18279919
0.45641783
-0.29213107
-0.20497367
-0.10680875
-0.057323266
0.47189566
-0.43778574
0.13775963
0.3216481
0.048892893
-0.16660976
-0.0650298
-0.37808108
0.10615315
0.39065093
0.4564558
0.4390483
0.15480642
-0.4313866
0.36755732
-0.45342433
0.35728097
-0.31847703
-0.07557974
-0.25631782
-0.03511099
-0.017027104
-0.09131718
-0.09913601
-0.38085777
0.17449348
0.46304396
-0.33633167
0.47491276
0.37590352
0.04388087
0.40376398
0.3501853
-0.4364485
0.4228365
0.42208415
-0.3946115
-0.3863393
0.3054016
-0.09964088
0.35412514
0.56010544
-0.16112304
0.5615309
0.40206194
-0.35101715
0.09315625
-0.42397138
-0.13962209
-0.24098678
0.38460785
0.058173284
-0.41951782
-0.30442908
-0.22109523
-0.060241222
-0.09374722
-0.50405824
0.427672
-0.12919748
0.07493367
0.11136969
-0.19520807
-0.4416077
0.107904404
0.17312837
-0.34093922
0.29782754
-0.1551962
0.331018
0.0554457
-0.25537062
-0.20912713
-0.31599373
-0.37167546
0.3888023
-0.13538462
-0.37684166
0.2288595
0.04703399
-0.323823
0.38454407
0.3478901
0.2918975
0.38814402
-0.11723304
-0.1339261
0.2717613
-0.3416351
0.25558087
-0.07615656
0.20637782
-0.2348489
0.35838655
-0.19711754
-0.3193326
0.34826514
-0.43148038
0.078592196
-0.22554113
-0.27539277
-0.2968794
-0.28348634
0.43021864
0.45557925
0.21147975
-0.20128249
-0.12390197
0.07914195
0.38633958
-0.26424336
0.005010503
-0.35391694
-0.3360273
0.015091264
-0.057696257
0.21944086
-0.18739915
-0.34865782
0.31983462
-0.40470552
-0.37515196
-0.08231233
-0.16386765
0.25464883
0.33908373
0.13599792
0.061193112
0.23366635
-0.17338479
-0.015840922
-0.109982945
0.38677636
-0.039520074
0.028575614
0.12160466
0.22628391
-0.13974819
0.046623595
0.18647128
0.3175279
-0.1794112
0.06362817
-0.1698789
-0.13616201
-0.16731517
-0.1697065
0.14474191
-0.45215505
0.19927672
-0.33733645
-0.474436
-0.19446926
-0.25011832
-0.39884603
-0.322169
-0.14390232
-0.1275149
-0.107670024
0.17724852
0.04647562
-0.18201396
0.11134876
0.48722634
-0.26099235
-0.48829392
-0.17822307
0.43771002
0.33473772
-0.12115507
-0.010949612
0.29971933
-0.16578688
0.08085869
0.15566215
-0.122632176
0.31837633
-0.18160266
0.002912221
0.20687068
-0.32449213
0.29646215
-0.46303704
-0.46689296
-0.29240203
0.40503705
0.4959586
0.13326961
0.3699179
0.46710858
0.21608184
0.2639267
0.14858356
0.39410403
-0.196364
-0.10102119
-0.6562322
-0.5597456
0.11365542
-0.33294165
0.14866872
-0.7483289
0.50098306
-0.23648769
-0.36506128
0.10355076
-0.5066272
0.10036759
-0.3304458
-0.24976689
-0.67358565
-0.1970158
0.032200675
0.41136912
-0.30768043
-0.5234317
0.15006702
0.16589585
-0.5137221
-0.23278157
0.33483288
0.24705371
0.27492878
0.18479797
0.16020104
0.3932897
0.15008172
-0.23075557
-0.2570858
0.22034606
-0.20430884
0.36890063
0.3907579
0.0015690923
0.30264506
-0.34111753
0.18206903
0.007431209
0.117222354
0.7714682
0.30028698
0.4767352
0.07094374
-0.26120925
0.29227233
0.19900969
-0.004650439
0.13000172
-0.578325
0.6817293
-0.06853646
-0.008685449
-0.85251504
-0.044259906
-0.25205454
0.0031976402
-0.7757149
0.4347653
0.32652846
0.36225116
0.38558507
0.19036825
-0.3177183
-0.70911705
0.6988351
0.14888297
0.10628836
-0.42653906
0.62360436
-0.34413737
0.2865068
-0.18619753
0.44570205
0.4435502
0.09142293
0.08924789
-0.72567314
0.49410918
0.07366229
0.50743103
0.022812644
0.5633868
-0.4434248
0.56399035
0.30298513
0.10624366
0.13126321
0.5130551
0.4110446
-0.5300566
-0.33398682
0.37981436
-0.22965187
0.57415956
0.18460232
-0.17879002
-0.21780753
-0.14566626
-0.36069813
-0.062145922
0.09442582
0.6515942
0.39931205
0.118757755
-0.13216263
-0.49530008
-0.24687268
-0.18193296
0.11903635
-0.029847741
0.3318927
-0.38948664
-0.06143254
0.27200726
-0.1836108
-0.13132328
0.018452078
-0.26421595
-0.077174395
0.060176175
-0.31601417
-0.14527558
-1.0480187
0.31012496
0.21216397
-0.19236878
-0.09433509
0.11804512
-0.15268464
-0.22157262
-0.023910403
0.3953628
-0.03674693
-0.33984995
0.33210894
-0.19815531
0.5692852
-0.4733127
0.40796602
-0.028231163
-0.15259051
0.00044535697
-0.3951781
0.44706646
0.36164248
-0.032906905
0.2551608
-0.13108301
-0.20185888
-0.20920968
0.12898222
-0.4837409
0.14270136
0.03619805
0.55766565
-0.19930413
-0.15577844
0.22607136
0.11407998
-0.2098979
0.15782332
0.23221979
-0.35708085
0.25648323
-0.0022717128
0.17027299
0.41051775
-0.15937813
-0.15705632
-0.22299315
0.20983307
0.1299662
-0.19363624
-0.06400678
-0.36090794
0.3192248
-0.3082394
-0.19613002
-0.10267797
-0.4643373
0.18701401
0.05145715
0.105676204
-0.35840982
-0.39217272
-0.40358225
-0.3366323
-0.11169387
0.45361075
-0.38107574
-0.05737701
0.08069705
-0.31963998
-0.058927983
-0.38714445
-0.24145691
-0.46375552
-0.33056486
0.021926379
-0.41176817
-0.41542262
-0.33380696
-0.108755566
-0.18866023
-0.43751034
0.24711138
-0.19633645
-0.25552082
0.117334515
-0.5159019
-0.38643825
-0.22287208
0.05581163
0.018847289
-0.2746631
0.10820249
0.2338975
-0.46816924
0.43273756
-0.06221039
-0.23713505
-0.42079255
0.30561027
0.6406508
-0.17344736
-0.0024577954
0.17413719
-0.046303827
0.36116365
-0.39144084
-0.37953386
0.27567077
0.06143275
-0.42907873
-0.11514994
0.6090328
0.3733876
0.36123657
0.37489405
0.47974622
-0.097027086
0.062936775
0.3769378
0.12392838
-0.024238914
0.122956805
0.4113202
0.18584204
-0.17014
-0.430294
-0.008744073
0.08124072
0.049835306
0.02388396
-0.03461754
-0.28650078
0.24476853
-0.049891748
0.44955122
0.38837242
0.28295052
0.37487495
-0.28269523
-0.2840096
-0.41391367
0.395949
-0.02499327
-0.45479506
-0.141137
-0.0960284
-0.067009516
0.024512894
-0.38164115
0.0965462
0.41584834
-0.032481834
0.24353932
-0.2764242
-0.20894468
-0.46084768
-0.46329364
0.31154576
0.0689199
0.3466029
-0.049290117
0.067406505
-0.002986109
-0.27494204
0.2919258
0.10675609
0.31914607
0.04083377
0.23349316
0.19237481
-0.3889579
0.12913248
-0.14866017
0.41744736
0.32634825
0.34335157
0.14357136
-0.23461911
0.40452823
0.11199888
-0.28583172
-0.014077698
0.16112651
0.30953997
-0.349774
-0.3875564
-0.49352738
0.34329426
-0.26121032
-0.43153903
0.1217093
-0.22329235
-0.025084458
-0.04400969
0.31574172
-0.29469857
0.102660194
-0.17390734
-0.2837242
0.25709108
-0.14765334
0.38188913
-0.31840828
0.12679487
0.42771316
0.40885928
0.26437563
0.19147472
0.42478314
-0.15893161
0.43556827
0.32094336
-0.117437854
0.2618276
-0.32347235
0.4028381
0.022431789
-0.03000354
0.119436234
-0.18553486
-0.113102734
-0.04700009
-0.113458276
0.4208833
-0.22470175
0.2360763
-0.10604032
-0.25431862
-0.49446514
-0.17051253
0.17273185
0.45128372
0.1575657
0.32378736
0.38407183
0.38320574
-0.21268159
-0.038699113
-0.38929248
-0.3092187
0.43929085
-0.014755822
-0.21697001
0.4292346
0.048520178
-0.07627825
-0.38069296
-0.1688016
0.2931577
-0.07219705
0.3742548
-0.4794007
0.21366312
-0.37850457
-0.38516676
0.24279939
0.33440268
0.42783642
-0.40671825
-0.24550389
0.037237756
-0.4589499
-0.45605743
0.32323903
0.34339467
-0.21665177
-0.31287983
0.10117516
-0.27526122
0.29433057
-0.24848592
0.15343799
0.37903008
0.28593984
0.060587678
-1.1362712
0.0780947
-0.42913988
0.32663172
-0.75493777
-0.18049136
-0.16120282
-0.16122995
-0.43695512
-0.029247347
0.25226787
0.05077784
-0.27117386
-0.016672058
-0.61604375
0.12696104
0.32324225
-0.3742172
0.95383906
-0.37611002
0.3706465
0.4924035
0.11838134
0.39043662
0.063480884
0.21195635
0.04307211
0.13470623
-0.43440017
0.056945052
-0.38124952
-0.113108516
-0.047911316
-0.04586357
-0.07392952
0.1872218
0.14154762
0.08247629
-0.22621354
0.34820008
0.33302793
0.37732175
0.50517064
0.0005654769
0.29791847
0.28205836
0.48573807
-0.21897183
-0.39111507
-0.22209935
0.14774747
0.43831453
0.042448234
-0.23478521
-0.38728833
-0.4522742
0.21627566
0.18332428
0.034159213
-0.37685895
-0.7610483
0.042494603
0.07457518
0.2273396
0.31172973
-0.045891657
-0.35706815
0.43537447
0.15171227
0.012048153
0.30324915
0.4725175
-0.11854699
0.47832927
0.25069764
0.22192726
0.020873817
0.05712858
0.37955135
0.05204089
-0.40929636
-0.19382092
0.22204266
0.4073208
-0.4341332
-0.45577347
0.26394457
-0.07045018
0.2556598
-0.38503602
0.16842715
0.38759103
-0.13451801
-0.51388085
0.078404054
-0.082740106
-0.24415907
0.04316543
0.08034157
-0.009802929
-0.047604017
-0.06542452
0.35229123
0.47459736
-0.17628822
0.2988893
-0.23842175
0.16319546
-0.37923422
-0.022086764
-0.49127308
0.4074385
-0.43495157
-0.07891399
-0.16548568
0.08135477
0.038889885
-0.47634614
-0.39065045
0.28844464
0.18285045
0.27979752
-0.045488026
0.079556435
-0.14289638
0.17789723
0.025570124
-0.3966023
-0.45678726
-0.25715065
-0.022467518
-0.16358614
-0.2294155
-0.060414627
-0.43858317
-0.39233565
-0.20361307
-0.05729848
0.27828953
-0.0526328
0.13108881
0.41858017
0.32875288
0.04232475
-0.08849003
-0.21310945
0.30349198
-0.09186009
0.23029836
-0.03942075
-0.012277752
0.46517235
0.0410363
-0.19989797
-0.2664215
-0.16762348
-0.03646799
-0.11290602
-0.21394743
0.4509511
0.38413125
0.15996829
0.02285541
0.40071112
-0.16819933
-0.32689303
0.18045856
-0.32049942
0.17615087
0.47306687
-0.3916218
0.13836567
0.31607237
0.39459085
-0.09396781
-0.3931325
-0.31513038
-0.053625017
-0.38747975
0.38774335
-0.45708176
-0.38916108
-0.18165168
-0.036521256
-0.07981464
-0.27757353
-0.15212604
-0.47869125
-0.2633134
0.34365705
-0.34305948
0.40140852
-0.4588386
0.12164992
0.23005089
-0.47237128
0.36834055
0.062170997
0.08041385
-0.52455026
-0.33783156
0.34268704
0.049718127
0.05061191
-0.24462578
-0.17667519
0.3883766
-0.13076799
0.12771729
-0.32641023
-0.17965277
-0.46634156
-0.34180945
0.15079626
-0.36417875
-0.2484843
-0.2892329
-0.30130228
0.3093764
0.09856696
0.39910376
0.14837009
0.26543662
-0.32898536
-0.27860516
0.4109321
-0.45440954
0.40289667
0.40282786
-0.067347124
0.10639629
0.39002657
0.004870564
-0.39638
-0.38548902
-0.038735487
-0.1756573
-0.22733527
0.018257484
-0.096902475
-0.20512821
-0.3963559
-0.07716989
-0.107409984
0.3660656
-0.0042376467
-0.336416
0.5134114
0.43311065
0.30239165
0.15249327
-0.13136953
-0.49192682
-0.47003096
0.022982202
-0.32436937
0.48365757
-0.036025338
0.34433043
0.19365667
-0.29872856
0.12133905
-0.08096564
-0.20066127
-0.26406842
0.37503442
-0.17322575
0.4069415
0.08941721
0.077125855
0.15695065
0.44717714
0.4498793
0.41216752
-0.043709546
-0.30356753
-0.09239652
-0.3052657
-0.45678598
-0.30959815
-0.43675852
0.072547406
0.10840214
-0.23181005
-0.4360398
0.32522175
0.390393
0.46591774
0.45697463
-0.1829092
0.41975677
0.17501137
0.07110085
-0.14901912
0.22498044
-0.2253783
0.24804416
0.29095
-0.44664744
0.31760427
0.38958555
-0.26054525
-0.09091886
-0.168834
0.1298952
0.43469226
0.18284854
0.24491301
0.45751354
0.39108568
-0.3934559
0.032156177
0.4021507
-0.10626337
-0.4242739
-0.31203797
-0.07465752
0.07857272
0.50633705
-0.46588388
0.3332524
0.13358226
0.03910161
0.026784139
0.09863963
-0.45175925
0.0076699257
-0.21327925
-0.07042058
-0.2380458
-0.4612783
-0.111772515
0.038191244
-0.23600547
0.42424724
0.3578459
-0.38580176
0.41686448
-0.43916324
-0.41782275
-0.43898776
0.3867507
0.49502248
-0.4044214
-0.00982061
0.18764815
-0.24325933
-0.25622854
-0.45534754
0.50748545
-0.4932481
-0.038698874
-0.38393748
0.14762206
-0.4437154
-0.17344049
-0.3696907
0.067299046
0.05987349
0.079533406
0.44393346
-0.07245642
-0.16667478
0.4668581
-0.15696633
0.27100104
-0.31362563
0.36247733
0.3497582
0.41451848
0.084963895
-0.24639776
0.32805794
0.031947896
0.2502551
-0.109041214
-0.048143417
0.50072503
0.42326114
0.3835043
-0.12851547
0.44554302
0.0842246
-0.19720969
0.4532618
0.21673332
0.26258293
-0.2903871
-0.2595548
0.39284417
-0.08925986
-0.108443
0.13268939
-0.4876154
-0.23641971
-0.22313677
0.23523213
-0.1517219
-0.03818185
-0.3049441
-0.43059933
-0.44634968
-0.042872723
-0.28750908
-0.49420896
-0.17465334
0.04280469
-0.005970728
-0.029918645
0.4032276
0.22253658
0.17468056
0.34508783
0.4953945
0.12563238
-0.25277838
0.55655515
0.2942622
-0.5082043
0.263173
0.3355687
-0.056606352
-0.44107914
0.020603985
-0.18078002
-0.30332994
0.27198842
0.4842491
0.021773823
-0.37808788
-0.02587966
-0.62835413
-0.36382914
0.25325593
-0.20581183
-0.21252847
0.35570937
-0.34786284
0.43843713
0.55476665
-0.23446152
0.31475857
-0.0266585
0.3218009
-0.38392377
0.06435744
-0.41805285
-0.31054604
0.34244362
-0.15425374
0.09486524
0.12452808
0.25499302
0.35652682
-0.3835692
0.3013141
0.41988567
0.0112812305
-0.4171758
-0.18378997
-0.24221483
-0.17899944
0.34094602
0.35236177
0.13221915
0.28356305
0.17992663
-0.39779484
0.06985849
0.15709963
-0.2426668
0.2288694
-0.03290398
0.41888133
0.3888527
-0.34384355
-0.35556912
0.4018011
0.42440298
0.10356909
0.12862901
-0.08807738
0.28278896
0.012385198
-0.55807877
-0.30768067
-0.3946549
-0.18309285
-0.017853554
0.17935844
0.11021259
-0.011280186
0.31814024
-0.097656585
0.11826007
-0.046468813
-0.43112108
0.120709114
0.34762332
-0.130628
0.19929552
-0.08170251
-0.6371535
-0.28943464
0.3868877
0.37371108
-0.073487975
-0.34007025
0.14548218
-0.011417304
0.0298263
-0.778701
-0.43448555
-0.28031477
0.2720116
-0.039250553
0.3404463
-0.43045345
0.43044052
-0.36539692
0.43676022
-0.37753478
0.12888926
-0.33893403
0.12182638
-0.12887283
-0.21918596
0.29460016
-0.13955948
0.1793066
0.25937876
0.4153101
0.51363695
0.17145373
0.21732265
0.10855928
0.42575118
0.003449324
0.034235805
-0.4229191
-0.23921718
-0.08343862
-0.013013757
-0.07227573
-0.33335188
0.60801715
-0.33797836
0.15728916
-0.19939892
0.43378565
0.09643623
0.41715387
0.18475753
-0.0010972321
-0.20845678
-0.19701615
-0.32316774
0.56080663
-0.12933585
-0.2684275
-0.33952543
0.17026359
0.34810284
0.14442398
-0.3668863
0.04681459
0.14877076
-0.48007753
0.06381528
-0.48805398
-0.17760637
-0.34885302
-0.19603802
0.41578647
0.11203751
0.4177067
0.006261114
0.32794696
-0.24067678
-0.06514629
0.065865494
-0.30097282
-0.47639588
0.19140974
0.022884637
-0.46278998
0.09536316
-0.07150778
-0.3535959
-0.37186533
-0.0006174055
0.1056305
0.4759255
-0.1904244
0.16511098
-0.47647497
-0.40185267
-0.27916986
-0.4729137
0.20011444
0.1034365
0.17312023
0.15481575
-0.30871335
0.041362673
0.30984193
-0.42626747
-0.048786245
-0.34138745
0.3937471
0.22139652
0.050261706
0.039603323
-0.36270854
-0.18665266
0.19363967
-0.04460329
0.17248082
0.057572156
0.18019424
0.23963375
0.17414673
-0.08537847
0.2100198
0.3036016
-0.025279107
0.34366578
-0.335183
-0.47553617
-0.24416243
-0.29036134
0.33870444
0.35198918
0.38410017
0.34931305
0.16030279
-0.3415412
0.43807864
0.07677357
0.4067428
-0.15912639
0.11849235
-0.13628393
0.47025388
0.2998865
-0.19059545
-0.2959602
0.34562814
-0.3071106
0.3146986
0.06533314
0.077019624
-0.45183262
0.442974
0.062419232
-0.10488974
0.36372018
0.22914629
0.037240203
-0.30313602
0.35075027
-0.10937873
-0.24280725
-0.2841292
0.15532365
-0.22278872
0.3099922
-0.05641991
0.27107346
0.05457669
0.43244046
-0.0794726
-0.37652507
0.23750368
-0.4830116
0.049433142
-0.49813092
-0.28035706
-0.03164226
0.35525826
0.20700376
-0.41585255
0.42624277
0.3328364
-0.15548402
0.054818314
0.3513284
0.41372874
0.018180477
0.050841957
-0.21270505
-0.3932606
-0.2942007
0.12868865
-0.17514494
-0.48374242
0.27198264
0.42639327
0.054220527
0.28233388
-0.03574943
-0.44473273
0.23862919
-0.20705998
-0.12456572
-0.04328207
0.2050426
-0.19632497
0.29924127
0.43646142
0.0016511083
0.39596915
0.3705304
-0.46391842
-0.10031575
-0.065930665
0.34459028
-0.42436096
0.3575192
-0.38636187
-0.11885995
0.39943895
0.27418002
-0.35968187
-0.16846728
0.47512802
-0.397443
-0.14159529
0.48144215
-0.17494413
0.16555934
0.17410208
-0.35857576
0.4698378
-0.049633525
-0.018470779
-0.21813555
0.41330522
0.36178288
0.4193096
0.20604447
0.04706383
0.5488917
-0.23727468
0.042579025
0.19489959
0.21439256
-0.40523455
-0.13124588
0.5253944
-0.26936463
-0.19192234
0.28918386
-0.036961317
-0.08970544
-0.44696465
0.11982535
-0.34835723
-0.45901746
-0.13611361
0.32502097
0.16864559
0.13927156
-0.3663014
-0.43244457
-0.16808517
-0.24371521
0.20630957
0.44988805
0.35706624
0.28755242
0.31231007
0.05667885
-0.06338143
-0.5442651
0.049589306
-0.34376454
-0.34454
-0.44868222
-0.35794914
0.20294844
-0.3512674
0.25929692
-0.35570657
0.45397225
-0.36536488
-0.10655034
0.36712116
-0.24110427
0.07511803
-0.12199968
-0.12363651
-0.020386813
0.0
0.0
0.021115571
0.11084963
-0.012049126
0.039576776
-0.012795904
0.019266644
-0.0007492586
0.1387599
0.024453038
0.07701989
0.0066179936
-0.01421771
0.02862589
0.017941289
0.03819992
-0.044092752
0.017548215
-0.0045491974
0.017185101
-0.009384732
0.049128447
0.026648384
-0.02233169
-0.024044724
0.02980404
-0.05027412
0.012991347
0.11714569
0.0
0.0
0.0
-0.041105483
0.0
-0.020789945
0.051987655
-0.015109613
0.061038695
-0.0031509856
-0.029830553
0.0
0.0
0.049189195
-0.055577923
0.0
0.006558125
0.0036191437
0.0
-0.016323797
0.023329113
0.0
-0.021008853
-0.0020309098
0.02598239
0.016139863
0.0036529084
-0.019291459
0.0
0.08714064
0.060277022
-0.056535643
0.0
0.0
0.016622746
0.0
-0.020318184
-0.035041254
-0.008927491
-0.01993421
0.0
0.082002275
0.054453764
-0.021765059
-0.01455155
0.017455343
-0.021739973
0.0
0.060440686
0.19863701
-0.021919727
0.05493179
-0.049664166
-0.24681057
-0.05231414
-0.15280488
0.09598715
-0.16270043
0.14464372
-0.25720698
0.05544388
-0.07886583
-0.54463565
0.22183229
-0.09825025
-0.25062695
-0.13940763
-0.2003511
-0.07838649
-0.2680832
-0.07638297
0.087289646
-0.046599183
-0.053035565
0.084740855
0.0622913
-0.08545679
-0.043638397
0.1393983
-0.18820687
0.1186938
0.158829
-0.21944141
0.021258438
0.18552125
-0.19115105
-0.33855823
0.35458532
-0.2826409
0.23096396
0.12314313
0.149699
-0.046304673
-0.034821827
0.23025061
0.23297137
0.20039327
0.14991494
0.2559566
0.07909621
0.12770803
-0.11577231
0.14009744
0.081831954
-0.21803664
-0.07997762
-0.020243783
0.19770187
-0.19032475
0.075718276
-0.31381062
0.21312357
0.09730676
0.08528027
-0.117746755
0.017533809
0.1846003
0.013025448
0.12519872
0.20401654
0.15448204
-0.3621846
0.26672053
0.084349796
-0.06510964
-0.19085675
0.10048155
-0.20194997
0.21416268
-0.018939722
