25
2
80
1
relu
line
1
0
-0.03130372
-0.039211184
0.09826496
0.02577311
0.21517189
-0.054575384
0.17526259
0.25008267
-0.12671658
0.25038427
-0.015516415
-0.1511617
0.17544818
-0.26864353
0.41187373
0.14328893
0.09606151
-0.16887769
-0.4452548
-0.010887898
-0.0801954
-0.13614169
-0.047881175
-0.048167348
-0.015466005
-0.024557043
-0.15498286
0.060155105
0.027486693
0.10350076
0.33972794
0.2123259
0.28412196
-0.3925487
0.013816144
0.33187047
-0.34866747
0.1102349
0.25311092
-0.12548888
0.41807422
0.24738684
0.2677897
-0.08283231
-0.19985506
0.4698346
0.41675183
0.2495319
-0.23580027
0.45786908
0.013720968
0.16011909
-0.2070998
-0.046997573
0.1498883
0.007928789
0.081527814
0.023227487
0.19210073
-0.34046328
-0.11027416
-0.16423202
0.48484305
0.17406759
0.15255395
0.05015854
0.031365424
0.05730744
0.009642793
0.046995897
0.05730903
0.27634582
0.41335753
-0.21296278
-0.04996528
0.0877024
-0.20775318
-0.036481764
-0.36125904
0.1835705
0.37271515
-0.033317298
-0.44651836
-0.54084826
-0.00020875674
-0.29380128
0.14256994
0.013302175
-0.3296802
-0.37421712
-0.0311813
-0.10751554
-0.17346247
-0.08574372
0.06710437
-0.28131634
-0.3150422
0.37577936
0.1794193
-0.28637198
-0.3374381
-0.47729376
-0.14391202
-0.097011395
0.46363977
0.3879919
0.27720445
-0.03938381
0.1910178
0.27082682
-0.25365487
0.11474183
0.20144781
0.053175777
-0.14505143
-0.088472486
-0.43736586
-0.4746865
0.17086221
0.19284043
0.1432279
-0.40728977
-0.31876752
-0.37091053
-0.55825716
0.40561894
0.26770517
-0.6719235
-0.060020085
0.11556259
0.053151168
0.18675248
0.17827967
0.4835375
0.0067376494
0.14941026
-0.17642814
-0.39455447
-0.19814707
-0.24138993
0.44919902
-0.08542499
-0.46896
-0.13007775
0.14934495
-0.063472934
0.2612414
0.35082856
0.36549488
-0.23472841
-0.06448643
-0.32900897
0.22700754
-0.039694294
0.2888838
-0.2034019
-0.10024322
-0.28304535
-0.008402526
0.9404142
-0.22730485
0.21089372
0.34724364
0.10601616
-0.019935392
-0.033004418
-0.32440838
-0.26409513
0.16931954
0.0076558865
-0.023178373
0.16412744
0.028181268
-0.18504098
0.30815873
-0.25607923
-0.27979466
-0.24062178
0.38247636
-0.35371616
-0.3023234
-0.41979498
0.2599911
-0.057968646
0.13258535
0.051791172
0.6507321
0.09330002
-0.14439505
-0.2996797
0.3930191
-0.2185151
0.45845398
0.223595
-0.4559087
0.14504471
0.14533374
-0.247422
-0.24504426
-0.09972566
0.3836181
-0.13210297
-0.038042605
-0.48704848
-0.06957465
-0.40882567
-0.3172379
-0.17426564
0.31334814
-0.051259756
-0.28356382
0.49431878
-0.01974821
-0.43708208
0.2591363
-0.40477538
-0.14857236
0.010943196
-0.21122667
-0.069328606
0.21031033
-0.037161496
-0.20517446
-0.18861467
0.29043612
-0.012945843
0.37279078
0.46210787
-0.012336242
0.31221294
0.06579889
0.1048328
-0.09307961
0.48447964
-0.0356702
0.25508678
0.075246334
0.13105994
-0.2233524
0.4784869
0.42095286
-0.18908176
-0.4546067
-0.03497323
-0.1580394
-0.03513
0.12988572
0.0051955837
-0.2106486
-0.631842
-0.23817058
0.2947884
0.08546846
-0.15723474
0.29589257
0.37456754
-0.43194404
0.04965888
-0.22152318
-0.020052902
-0.21897918
-0.20572498
-0.69898033
0.011442406
-0.19205444
0.27010402
0.54370826
0.3692287
-0.26532182
-0.6437454
-0.0656196
-0.196094
0.1419982
-0.10949582
-0.2984987
-0.36512318
0.35518703
-0.2607841
-0.21397583
-0.055546217
0.07307771
0.3201634
0.15264425
0.2537839
-0.19629173
0.16022912
0.3481665
0.062346306
0.012768575
0.4577053
-0.14899214
0.17507876
-0.44008648
0.45786357
-0.423587
-0.06438832
-0.29330954
0.13813773
-0.37795237
-0.15921065
0.23502752
-0.12694497
0.00025571702
0.3115922
-0.47890055
-0.36333826
0.37563142
-0.24958648
-0.3530868
0.23796812
-0.28448287
-0.46264797
-0.4235457
-0.15440722
0.19609983
-0.0024156838
-0.23523375
-0.2587238
0.18717626
-0.16388515
0.04760034
-0.07457578
0.407262
0.18066828
0.31483167
-0.08533564
-0.49068013
-0.05242357
0.10401526
0.35231432
-0.04132001
0.17818631
0.2635113
-0.10282161
-0.29542178
0.1302972
0.07065646
-0.47709537
0.32311758
0.2741896
0.112857655
0.16539957
0.23569442
0.45251012
0.41920272
-0.23965828
0.23158641
0.09846655
0.20286734
-0.1601006
-0.16793558
-0.15937442
-0.39012554
-0.16990855
0.32287672
0.21029338
-0.50770664
0.2863146
-0.1607652
-0.19883558
0.39525297
-0.45461288
0.16063598
-0.36830342
0.25685894
0.40949693
-0.117975324
0.031281296
-0.029291263
-0.15592119
0.062588066
-0.20765288
-0.3297212
-0.40164897
-0.08753133
0.26755598
-0.50461704
-0.0029777095
0.08551562
-0.031944305
0.3611629
-0.07020268
-0.32959858
-0.37294334
-0.31935444
-0.06838757
-0.039346784
0.06727582
-0.4159174
0.6429145
-0.02780993
-0.023303509
-0.32583085
0.098454446
0.20902665
0.074421376
-0.39810804
0.076143295
-0.38642332
-0.38670644
0.37613365
-0.110295564
-0.25424784
-0.18226948
-0.2906225
0.37270692
-0.1774435
0.18365529
-0.062128425
0.1715621
0.14723077
0.31920204
0.010389298
0.1549457
-0.26350978
-0.44497344
0.18969902
-0.09612936
-0.18308356
-0.1278061
-0.191044
0.13990667
0.15404984
0.05470833
-0.32461482
0.23665181
-0.29064667
-0.4305587
-0.44313115
-0.43640634
-0.28203344
0.43572214
0.019761056
-0.38577217
0.24043366
0.1350036
-0.1969463
0.23766491
0.120702356
-0.32759848
0.32615176
0.36315367
0.35586485
0.106161505
0.31623855
-0.36584967
-0.38091606
0.06289151
-0.37708393
-0.24913919
0.4721748
0.39432094
0.09396806
-0.4744814
-0.10314196
0.08519831
-0.47637534
0.36115417
-0.12208331
-0.041522324
-0.3357674
0.22420189
-0.14241496
0.10014942
-0.093224764
0.23321292
-0.18283993
-0.38525766
-0.47924256
0.083553106
0.13287452
-0.22649631
0.32071248
0.21609429
0.2719386
0.37342235
0.14230493
-0.4004657
0.06477359
0.28201333
0.018746208
-0.23526713
-0.22020039
0.032390438
-0.41646948
-0.40475625
-0.1643367
0.15570088
0.18046139
-0.18402891
0.09575513
-0.21382214
0.117521234
0.42767313
0.13826838
0.03306643
0.34219402
-0.39144388
-0.15461642
0.2838331
0.6636531
-0.09116522
0.15834849
-0.28765213
0.12784235
-0.05556667
-0.45162353
0.22320558
0.1257973
0.06292332
-0.17900077
-0.38287082
0.16464141
0.34592196
-0.31892395
0.004901886
0.26335773
-0.37272686
0.12360057
-0.26183194
-0.23434123
-0.08529109
0.37850598
0.16995785
0.6005993
-0.010671616
-0.12720177
0.47735223
-0.29966372
-0.25461143
0.36977988
-0.08047899
-0.0350734
-0.05324685
-0.3423015
0.34615916
0.39607385
-0.14436595
0.11072001
-0.33149004
-0.23531164
0.6254806
0.48771927
-0.057141155
0.20088133
0.22842416
0.34954754
0.026889589
-0.17286243
-0.32535014
-0.18140845
-0.033017486
-0.47150654
0.078463525
-0.33695072
-0.29519632
-0.32317358
0.034411144
0.11812368
-0.77794874
-0.39669275
-0.3786939
-0.15765676
0.14496279
0.1572257
-0.639241
0.03966399
-0.09435908
0.25599888
-0.049541812
-0.27989647
-0.016754031
-0.3748313
0.4062526
-0.49079627
0.1682332
0.3736338
0.037934653
0.38932297
-0.47695136
0.68100417
-0.45868585
0.09339043
-1.0552156
-1.040254
0.05907882
-0.23661096
-0.41319436
0.35017058
0.2024917
-0.08114395
-0.3555578
0.4408647
0.2147992
0.8353395
0.15549895
-0.1277901
0.027894361
0.24292366
-0.36637312
-0.29398215
-0.0884822
0.20229402
0.18279919
0.48019052
-0.29213107
-0.20497367
-0.14798886
-0.013260642
0.47189566
-0.37102875
0.094816275
0.3216481
0.07395456
-0.16660976
-0.09202981
-0.383924
0.014360888
0.4233486
0.4564558
0.45067003
0.16306907
-0.4313866
0.36755732
-0.45342433
0.31135228
-0.31847703
-0.05177301
-0.102024496
0.01173155
0.015647812
-0.09131718
-0.1356236
-0.351744
0.18863052
0.40654966
-0.31002963
0.49426216
0.37590352
-0.3778268
0.41091964
0.3501853
-0.4364485
0.3428226
0.35899255
-0.37907958
-0.40980536
0.26415843
-0.07581438
0.3663729
0.57357544
-0.14107457
0.54252285
0.37625825
-0.35101715
0.08583387
-0.44456387
-0.1758384
-0.24098678
0.35422862
0.052454036
-0.43973777
-0.102887474
-0.30326843
-0.17962207
-0.09869065
-0.5666958
0.39295515
-0.18333152
0.24266824
-0.016314564
-0.19520807
-0.4416077
0.107904404
0.2576466
-0.34093922
0.29782754
-0.16916935
0.4148739
0.2157534
-0.25537062
-0.20912713
-0.31599373
-0.37167546
0.34851277
-0.13538462
-0.37684166
0.13173409
0.06175399
-0.323823
0.3928469
0.342367
0.2918975
0.39235222
-0.11723304
-0.15131877
0.25032037
-0.42506364
0.26406634
-0.07615656
0.19831124
-0.2086026
0.35838655
-0.19711754
-0.3193326
0.31881332
-0.43148038
0.083822034
-0.19266586
-0.29006624
-0.28752393
-0.28348634
0.41399205
0.46206975
0.20697132
-0.22542743
-0.2876654
0.07839466
0.38633958
-0.2778967
0.0010023508
-0.35391694
-0.3360273
0.02683464
-0.077130154
0.16455446
-0.20071073
-0.33033785
0.38887966
-0.38804758
-0.38541862
-0.07339932
-0.19832818
0.25910857
0.33908373
0.29138255
0.051043767
0.20509622
-0.17338479
-0.029088372
-0.107263565
0.37393972
-0.035531733
0.024360647
0.11965555
0.2097668
0.02574772
0.081221975
0.11471639
0.29274368
-0.21435818
0.06362817
-0.1698789
-0.13616201
-0.15662466
-0.1697065
0.14474191
-0.45592207
0.20163605
-0.27066544
-0.474436
-0.19446926
-0.25011832
-0.39884603
-0.28779042
-0.14390232
-0.1275149
-0.015165461
0.1793412
0.04647562
-0.18781891
0.11128526
0.48722634
-0.26804432
-0.48829392
-0.18554261
0.42392576
0.25898212
-0.12443555
-0.010949612
0.28341696
-0.17794083
0.08085869
0.15566215
-0.122632176
0.29972905
-0.18160266
-0.002993551
0.21779053
-0.28120235
0.29383686
-0.46303704
-0.47066578
-0.29223981
0.39676622
0.5932946
0.13245209
0.3579706
0.46710858
0.18536834
0.21360178
0.14858356
0.39410403
-0.16167593
-0.049828768
-1.6138974
-0.5104036
0.068899296
-0.33294165
0.14866872
-0.69799477
0.46231335
-0.23648769
-0.36506128
0.10355076
-0.4606755
0.15065956
-0.27990994
-0.24976689
-0.6314067
0.017229026
0.07535577
0.40104505
-0.30768043
-0.80706334
0.10601445
0.12657413
-0.46967176
-0.19602725
0.22205506
0.28276375
0.27492878
0.18479797
0.16020104
0.38818944
0.15008172
-0.23075557
-0.20797749
0.22034606
-0.20430884
0.36890063
0.3907579
0.0015690923
0.30264506
-0.30590674
0.18206903
0.007431209
0.06658855
0.72178006
0.30028698
0.43367365
0.07094374
-0.26120925
0.24302214
0.19900969
0.046084926
0.20516613
-0.61301446
0.6307503
-0.06853646
-0.05172742
-3.0066054
-0.044259906
-0.25205454
0.0031976402
-0.72765136
0.4347653
0.2756435
0.36225116
0.33679837
0.13999161
-0.3177183
-0.66078794
0.64866436
0.10478023
0.14832993
-1.525226
0.57699925
-0.34413737
0.23451023
-0.20959984
0.44570205
0.4435502
0.034086786
0.22758509
-0.78786343
0.5037419
0.0720774
0.7989741
0.10805093
0.5766035
-0.48067316
1.0414977
0.30298513
0.10624366
0.14481498
0.5282408
0.50485265
-0.5300566
-0.3342866
-0.34282136
-0.1917511
0.28550404
-1.5286968
-0.5247725
-0.24866587
-0.33622283
-0.35176414
-0.7454645
-0.23872311
0.82543
0.39931205
0.118757755
-0.13216263
-0.96296245
-0.24687268
-0.18193296
0.13564695
-0.029847741
0.3318927
-0.38948664
-0.06143254
0.27200726
-0.1836108
0.045403622
0.018452078
-0.26421595
-0.12924677
0.03632256
-0.31601417
-0.1769421
-1.2642097
0.31012496
0.18712763
-0.19236878
-0.0032996924
0.17630464
-0.06958781
-0.24544412
-0.023910403
0.36135602
0.09314924
-0.33984995
0.33210894
-0.19815531
0.5794047
-0.4733127
0.38400188
-0.28906074
0.46696576
-0.02400811
-0.3951781
0.46375367
0.33760017
-0.06405438
0.26249504
-0.5424895
-0.23189776
-0.20920968
0.28054076
-0.5305619
0.14270136
0.03619805
0.619656
-0.14525132
-0.096045025
0.266522
0.014732804
-0.05616891
0.122403085
0.26335493
-0.4249751
0.34175402
-0.23541342
0.17027299
0.40463552
-0.1254778
-0.15070835
-0.22299315
0.23813148
0.26667967
-0.14842407
-0.008836903
-0.2674635
0.4529678
-0.36702272
-0.21247825
-0.08464976
-0.49189568
0.2601671
0.07806307
0.105676204
-0.35840982
-0.39217272
-0.34988254
-0.3366323
-0.11169387
0.48708925
-0.32088965
-0.29462823
0.08069705
-0.31963998
-0.058927983
-0.38714445
-0.51795316
-0.46375552
-0.33056486
0.039154187
-0.44565678
-0.41542262
-0.36950853
-0.19788986
-0.18866023
-0.4868726
0.24711138
-0.15510064
-0.2122852
0.098391324
-0.56043476
-0.38643825
-0.28343228
-0.04872533
0.018847289
-0.2746631
0.10820249
0.25933978
-0.46816924
0.38334554
-0.04404683
-0.26032516
-0.4652977
0.30561027
0.67654586
-0.21563305
-0.05184556
0.16606383
-0.016258402
0.3057964
-0.39144084
-0.289677
0.23319346
0.06143275
-0.42907873
-0.06445528
0.639408
0.37216106
0.38681608
0.37867588
0.512508
-0.11664478
0.08029114
0.34714964
0.1323267
0.10280434
0.122956805
0.45226637
0.21415038
-0.14981022
-0.430294
0.018543402
0.0839601
0.07543386
0.008401915
0.016122166
-0.24774407
0.18978849
-0.11050446
0.47989312
0.4267273
0.2640391
0.30828494
-0.28269523
-0.2840096
-0.41391367
0.31685603
-0.02499327
-0.45479506
-0.10662709
-0.17010725
-0.08753303
0.024512894
-0.38164115
0.0965462
0.41584834
0.071022175
0.24353932
-0.2764242
-0.31001547
-0.4972423
-0.46329364
0.267268
0.03208343
0.3466029
-0.0948291
0.067406505
0.028182812
-0.25034007
0.25465438
0.065013416
0.31914607
-0.0017608932
0.23593377
0.19237481
-0.3889579
0.12913248
-0.12878539
0.41744736
0.2819279
0.3148998
0.10412225
-0.27576074
0.40452823
0.14608729
-0.32246855
-0.049489513
0.19299346
0.3031615
-0.4001763
-0.3875564
-0.4741088
0.33043674
-0.26121032
-0.43153903
0.13301043
-0.216873
-0.06788511
-0.048513517
0.2916168
-0.29076263
0.103460945
-0.184303
-0.28406608
0.25264785
-0.14319843
0.38188913
-0.32852656
0.12541132
0.41165268
0.40885928
0.26902318
0.19419423
0.42045048
-0.16828999
0.44567928
0.3174721
-0.14286938
0.22723836
-0.3248534
0.40389708
-0.005307056
-0.023205673
0.119436234
-0.18553486
-0.113102734
-0.07074924
-0.113458276
0.4208833
-0.21971051
0.22424541
-0.09051347
-0.25431862
-0.49446514
-0.17051253
0.17273185
0.48713002
0.1575657
0.32378736
0.39875102
0.3763172
-0.21268159
-0.053558156
-0.38916174
-0.3092187
0.42335412
-0.014755822
-0.21551852
0.42397386
-0.01881079
-0.08845148
-0.38069296
-0.17164601
0.2812134
-0.07219705
0.3742548
-0.4794007
0.20388028
-0.37850457
-0.39995983
0.24340324
0.35745895
0.41626498
-0.40671825
-0.24053909
0.02836843
-0.46332285
-0.45933536
0.33311218
0.32262638
-0.21665177
-0.2889776
0.1510847
-0.27526122
0.29433057
-0.36382997
0.114664555
0.25622472
0.2276866
0.086997725
-1.9087384
-0.32325068
-0.48463804
0.3666894
-0.8852895
-0.18049136
-0.16120282
-0.27087092
-0.49132472
-0.06788336
0.25226787
-0.014395575
0.13126281
-0.07677049
-0.24878067
0.14910388
0.19685394
-0.32889402
1.4054852
-0.43483222
0.31185514
0.19110726
-0.011539036
0.39043662
0.063480884
0.21195635
-0.31603277
0.13470623
-0.43440017
0.003555764
-0.38124952
-0.113108516
-0.047911316
-0.04586357
-0.07392952
0.1872218
0.06878821
0.08247629
-0.22621354
0.32627514
0.38143188
0.37732175
0.54819864
0.082494505
0.29791847
0.33043417
0.48573807
-0.22129512
-0.4271347
-0.1472494
0.196482
0.43831453
0.0854179
-0.18498689
-0.38728833
-0.4522742
0.21627566
0.12656285
0.034159213
-0.32560703
-1.5964384
0.079051845
0.122442074
0.2273396
0.25805825
0.0032568788
-0.31145123
0.37934878
0.0885753
0.05848927
0.30324915
0.5117423
-0.08971231
0.47832927
0.25069764
0.3336852
-0.010586929
0.10075466
0.3334995
0.10443881
-0.46716708
0.16774422
0.18045418
0.41840118
-0.3461919
-0.4589912
0.26394457
-0.11851702
0.21606931
-0.444714
0.16842715
0.33492768
-0.23314424
-0.5409738
-0.0254979
-0.20480707
-0.2111577
0.0613562
-0.12551783
-0.059557147
-0.14825876
-0.24156033
0.37178278
0.47459736
-0.17628822
0.2988893
-0.23556162
0.16319546
-0.37923422
-0.05967199
-0.49027416
0.3121547
-0.43495157
-0.07891399
-0.16548568
0.08135477
-0.21796075
-0.47634614
-0.39065045
0.17226118
0.21041168
0.27979752
-0.026679276
-0.06573272
-0.14289638
0.20464611
0.025570124
-0.41667214
-0.483678
-0.30516478
0.00499782
-0.16358614
-0.21380875
-0.09310429
-0.43858317
-0.39233565
-0.20361307
-0.10259041
0.27828953
-0.023448162
0.31197935
0.5099701
0.35569423
0.04232475
-0.12531823
-0.18489033
0.33182463
-0.14437728
0.21301085
-0.018278837
-0.012277752
0.46982986
0.051679123
-0.19989797
-0.2664215
-0.24719785
-0.12595509
-0.12283109
-0.23606765
0.60708636
0.32172278
0.050200902
-0.030668218
0.38985607
-0.21680208
-0.18471687
0.18045856
-0.40203726
0.15166444
0.5116976
-0.3916218
0.115115024
0.3613512
0.37053293
-0.13363042
-0.32406053
-0.3124169
-0.05560881
-0.16347219
0.35130087
-0.4958735
-0.41165775
-0.09786724
-0.036521256
-0.07981464
-0.27757353
-0.20745717
-0.47869125
-0.2633134
0.31992483
-0.4957609
0.47924963
-0.4588386
0.12164992
0.23005089
-0.47237128
0.28802687
0.062170997
0.08041385
-0.62953806
-0.31929547
0.34268704
0.06194323
0.05875214
-0.24462578
-0.1688721
0.3883766
-0.15084969
0.103782356
-0.41130212
-0.16814367
-0.46634156
-0.32870334
0.27564198
-0.36417875
-0.2484843
-0.2892329
-0.3338004
0.3093764
0.10726984
0.43447378
0.119823456
0.277225
-0.32898536
-0.29740125
0.42931825
-0.43140116
0.31887048
0.47123733
-0.06488507
0.10639629
0.2793196
-0.0018895636
-0.39638
-0.38548902
-0.04112697
-0.18128316
-0.26377967
0.007584422
-0.12105219
-0.21288113
-0.38851333
-0.0936469
-0.10662345
0.35517746
-0.05740386
-0.336416
0.49257767
0.42563355
0.29064572
0.15249327
-0.13280798
-0.489211
-0.480465
0.01877006
-0.322375
0.47139895
-0.055359893
0.32180962
0.1820143
-0.30523366
0.103098586
-0.08389584
-0.20066127
-0.26406842
0.37503442
-0.18681115
0.4069415
0.08941721
0.076017186
0.15674381
0.49158883
0.4498793
0.41216752
-0.043709546
-0.30356753
-0.07642835
-0.3052657
-0.45678598
-0.28279975
-0.43754315
0.072547406
0.099640645
-0.21247678
-0.4360398
0.31538627
0.390393
0.46126565
0.44562936
-0.25633383
0.41368642
0.17501137
0.074825786
-0.1539246
0.22498044
-0.2253783
0.24804416
0.27507132
-0.44664744
0.30891895
0.39633593
-0.22501896
-0.09639818
-0.168834
0.12876616
0.43193433
0.18456067
0.23106384
0.4603565
0.37642193
-0.3934559
0.04650718
0.3848803
-0.10626337
-0.4242739
-0.3007289
-0.06823433
0.042123955
0.50627464
-0.49004504
0.33718833
0.12921827
0.033143446
0.022025442
0.09886555
-0.4473035
0.0076699257
-0.22340202
-0.06738523
-0.24750632
-0.4612783
-0.10268831
0.0409115
-0.2359071
0.40825716
0.37385163
-0.38290218
0.38703033
-0.48203686
-0.41893637
-0.4324416
0.35256585
0.5088499
-0.4044214
-0.00982061
0.18764815
-0.26881066
-0.25622854
-0.45534754
0.5169208
-0.5050784
0.005709768
-0.38393748
0.14762206
-0.4437154
-0.17344049
-0.3338444
0.067299046
0.05987349
0.0854844
0.4326266
-0.07245642
-0.18594901
0.46698883
-0.15696633
0.2506475
-0.31362563
0.36833894
0.3489172
0.35160643
0.06837152
-0.24639776
0.32126662
0.02892698
0.2502551
-0.109041214
-0.048143417
0.49536338
0.42326114
0.36430094
-0.13235919
0.468432
0.06822715
-0.19720969
0.46265075
0.20343979
0.25378576
-0.29366502
-0.24393864
0.36766395
-0.08925986
-0.09409238
0.10569208
-0.4876154
-0.23641971
-0.29475227
0.20652749
0.033761512
-0.024036251
-0.18783654
-0.37204555
-0.13195899
-0.025630847
-0.32823515
-0.3422193
-0.16654025
0.04280469
-0.031850103
-0.011009697
0.47957522
0.22253658
0.17726511
0.164997
0.5050064
0.018672964
-0.17863439
0.5935637
0.25875524
-0.3212497
0.27259648
0.4565374
0.13036974
-0.2782305
0.020603985
-0.18078002
-0.30332994
0.2780073
0.4842491
0.021773823
-0.3572275
-0.3406853
-0.62835413
-0.36382914
0.25325593
-0.20581183
-0.21252847
0.31806087
-0.34786284
0.43843713
0.49920988
-0.26346228
0.31475857
-0.06371083
0.5179591
-0.38392377
0.03550772
-0.41805285
-0.27491727
0.3619169
-0.1355328
0.066272214
0.12452808
0.21617188
0.24868308
-0.3835692
0.3013141
0.41988567
0.02606789
-0.4171758
-0.20875879
-0.09868508
-0.13835728
0.31184188
0.35236177
0.15084662
0.25563663
0.1458867
-0.38224828
0.040189143
0.12457753
-0.2426668
0.4094523
-0.016579665
0.41888133
0.3888527
-0.13460706
-0.2875016
0.30813357
0.4117922
-0.025147174
0.10694813
-0.36888567
0.25262004
0.008551803
-0.58941466
0.083359346
-0.3946549
-0.12267828
-0.046459522
0.1486679
0.11021259
-0.026318941
0.2099573
-0.115072176
0.14463204
0.085371956
-0.40690878
0.12497746
0.12085413
-0.1228807
0.32628706
-0.051204886
-0.7473187
-0.28943464
0.3868877
0.37371108
-0.1064683
-0.34007025
0.14548218
-0.039665952
0.05605391
-0.5487411
-0.43448555
-0.28031477
0.2720116
-0.039250553
0.58113927
-0.43045345
0.43044052
-0.29679763
0.44989946
-0.37753478
0.13438325
-0.33073035
0.12182638
-0.11494401
-0.21918596
0.27400088
-0.15936135
0.108435504
0.27463552
0.4153101
0.5172435
0.23277193
0.21732265
0.10855928
0.42575118
-0.031590924
0.034235805
-0.40640938
-0.15756929
-0.2086607
0.0024886823
-0.07227573
-0.35320118
0.62442386
-0.3092967
0.15917586
-0.1593773
0.44235155
0.09643623
0.43473837
0.18964274
-0.0010972321
-0.20845678
-0.34989968
-0.3189241
0.6393185
-0.12752058
-0.20259662
-0.3246423
0.09684144
0.32079753
0.12763415
-0.3858704
0.11147266
0.14877076
-0.48587364
0.044886522
-0.49482545
-0.17760637
-0.35782295
0.12898043
0.39535537
0.10166389
0.28650558
-0.11224869
0.31994867
-0.22318803
-0.07343439
0.047952194
-0.2887082
-0.4812577
0.19140974
0.022884637
-0.46278998
0.042499136
-0.07150778
-0.3535959
-0.38768157
0.24027558
-0.2720686
0.4759255
-0.1904244
0.16511098
-0.47647497
-0.35614163
-0.27916986
-0.4729137
0.16414452
0.114232294
0.17312023
0.15929668
-0.24810402
0.041362673
0.31170985
-0.42626747
-0.06396525
-0.36145806
0.3111224
0.22691393
0.050261706
0.057187
-0.40492725
-0.18665266
0.19363967
-0.04460329
0.14549354
0.057572156
0.18320844
0.26360717
-0.019144062
-0.07940878
0.2100198
0.29162553
-0.026620274
0.36056116
-0.32453024
-0.4515671
-0.24722418
-0.29036134
0.32800376
0.36163047
0.38410017
0.34931305
0.13575812
-0.36600816
0.3995568
0.04949673
0.38067544
-0.1850715
0.14703871
-0.16391075
0.4736835
0.2716736
-0.31024882
-0.2959602
0.30807233
-0.33100194
0.31500295
0.06533314
0.059261393
-0.4491168
0.41616073
0.18541966
-0.12662442
0.32725653
0.22620346
0.048478834
-0.33114013
0.32345587
-0.10265484
-0.2719734
-0.2841292
0.15532365
-0.22278872
0.31538463
-0.05641991
0.27107346
0.037069373
0.3765453
-0.03390029
-0.37652507
0.23750368
-0.4830116
0.049433142
-0.51201034
-0.28035706
-0.03164226
0.41722456
0.22265773
-0.41585255
0.43392494
0.3485202
-0.15548402
0.06138629
0.3513284
0.39271358
-0.009502223
-0.038935743
-0.20236696
-0.3932606
-0.27399287
0.059435364
-0.17514494
-0.48374242
0.27198264
0.3941246
0.054220527
0.2900252
-0.0124769015
-0.3906761
0.24954525
-0.20705998
-0.14210035
-0.029631363
0.22321959
-0.22661015
0.28297406
0.43818402
0.0016511083
0.4103239
0.35328704
-0.46391842
-0.10031575
-0.054658327
0.35099384
-0.46080405
0.35746133
-0.41052297
-0.11494035
0.39509887
0.2681847
-0.36444196
-0.16825849
0.47945523
-0.397443
-0.15174222
0.484447
-0.18440486
0.16555934
0.18315855
-0.35585976
0.469914
-0.06561925
-0.0024950677
-0.21527809
0.38349527
0.3189575
0.4181697
0.21256845
0.012916687
0.56268096
-0.23727468
0.042579025
0.19489959
0.1888779
-0.40523455
-0.13124588
0.53480524
-0.2811867
-0.1475163
0.28918386
-0.036961317
-0.08970544
-0.44696465
0.15561922
-0.34835723
-0.45901746
-0.13012153
0.3137371
0.16864559
0.120021045
-0.36612052
-0.43244457
-0.1884142
-0.24371521
0.21215641
0.449025
0.29413062
0.27097347
0.31231007
0.049909767
-0.06640408
-0.5442651
0.049589306
-0.34376454
-0.34992772
-0.44868222
-0.37712866
0.19912782
-0.32834998
0.24332556
-0.35570657
0.46333745
-0.3786415
-0.11532644
0.36381963
-0.22548899
0.049955208
-0.12199968
-0.10928579
-0.03766447
0.0
0.0
0.032419857
0.11727282
-0.04850023
0.039543763
-0.036947083
0.02321458
-0.0051141176
0.13280116
0.019694341
0.07724581
0.011069584
-0.01421771
0.01850908
0.02097656
0.028737914
-0.044092752
0.02663217
-0.0018297611
0.017281828
-0.025368603
0.06513679
0.029539708
-0.05217978
-0.06692414
0.028686654
-0.04372919
-0.021192415
0.13096465
0.0
0.0
0.0
-0.06664707
0.0
-0.020789945
0.06140057
-0.026939712
0.10544648
-0.0031509856
-0.029830553
0.0
0.0
0.08502801
-0.055577923
0.0
0.012507769
-0.007686255
0.0
-0.035599582
0.023460254
0.0
-0.041368127
-0.0020309098
0.031850673
0.015302652
-0.059266116
-0.035884492
0.0
0.08034197
0.057256922
-0.056535643
0.0
0.0
0.011260488
0.0
-0.03952492
-0.038882256
0.013963298
-0.035929933
0.0
0.09138849
0.041164037
-0.030567411
-0.0178382
0.03307859
-0.046926036
0.0
0.07479147
0.19053817
-0.021919727
0.05493179
-0.0658113
-0.18717575
-0.041012183
-0.14896323
0.1021391
-0.10241235
0.09601128
-0.22258541
0.05309768
-0.06622586
-0.42367792
0.22183229
-0.13685359
-0.23811556
-0.10403726
-0.2003511
-0.05241812
-0.5029475
-0.058204327
0.07153328
-0.026742019
-0.06764426
0.06808382
0.068717994
-0.07195776
-0.05761656
0.12946005
-0.1201115
0.1186938
0.158829
-0.21944141
0.08830512
0.18552125
-0.19115105
-0.32425842
0.6696302
-0.38555968
0.23096396
0.12314313
0.149699
-0.046304673
-0.07962802
0.23025061
0.23297137
0.16273807
0.15578611
0.2559566
0.06080382
0.08483877
-0.11577231
0.13227765
0.081831954
-0.18820074
-0.064087085
-0.01455383
0.16360374
-0.19032475
0.05938529
-0.1969209
0.21312357
0.09730676
0.08528027
-0.095325686
0.017533809
0.13435179
0.06042229
0.09023683
0.1888246
0.15448204
-0.3899559
0.26891488
0.06635952
-0.09216079
-0.19576254
0.09475718
-0.20194997
0.10610679
-0.028192379
