49
2
120
1
relu
line
1
1
0.2085244
0.14183196
-0.41215524
0.14868501
0.17191625
0.115834594
-0.122384384
-0.2721175
0.5555048
0.22912715
0.29390612
-0.17481942
-0.121850364
0.301098
-0.005208254
-0.06240893
-0.33203873
0.15961887
0.2316396
0.2160175
-0.33309212
-0.24129298
0.1893698
0.24350685
-0.27444363
0.20610769
0.96125484
0.10921295
0.06945351
0.25686732
0.031723656
-0.29606152
0.1049083
0.1841111
0.163567
-0.17773235
-0.2722171
-0.5135886
0.58125895
-0.02729515
0.11855189
0.070682876
0.19869897
0.2871276
-0.20824778
0.030601045
0.55606306
-0.62010574
-0.2658137
0.18087196
0.2577824
-0.10508995
0.37529254
-0.22123227
0.3406425
-0.32461298
-0.19009583
0.4064678
0.093332104
-0.05103162
-0.101323575
0.2044685
0.17939985
0.33921355
-0.43163827
-0.064629704
0.33158973
0.2813409
-0.06406613
-0.3390441
0.26187932
0.31632295
0.16259012
0.24512674
0.1339125
0.15620537
0.086375505
-0.043329448
-0.52831
0.23812109
0.44488418
-0.03812088
0.22405076
-0.26378587
0.10773229
0.026470253
0.28068793
0.1519646
-0.2005612
0.06100049
0.22928625
-0.19815479
0.048795223
-0.2737046
0.23048556
0.17233935
-0.22641136
0.27325955
-0.065907806
0.3231638
-0.5865891
0.26869118
0.18415786
-0.41108045
0.081420735
0.24786331
0.30838367
0.055857927
0.034927398
-0.26882848
-0.056290176
-0.021617679
-0.011812316
0.20350322
-0.6666326
1.4892186
-0.07379631
-0.25890127
-0.069399156
0.01104483
-0.10630627
-0.28963
-0.22728455
-0.23221087
0.061535947
0.19502765
0.22763562
0.2951406
0.11773677
-0.11583504
0.78910106
0.145401
-0.002832996
0.15189144
0.18852979
0.016829936
-0.09462355
0.00038714733
-0.01397252
0.40746313
-0.3315238
-0.3611929
-0.20882821
-0.14962025
0.032528155
0.020991167
0.11570567
-0.31034997
-0.07721516
-0.34695762
0.03012698
-0.1383833
0.08129423
0.22140296
0.2397759
0.07846585
0.025904477
-0.4790847
0.16019522
-0.021708548
-0.00056076347
-3.2185616
-0.065768704
-0.13048872
0.2136516
0.10683913
0.25261888
0.12507662
-0.6103869
0.27264184
0.23603392
0.5791378
0.46111813
0.2898062
-0.3368007
0.18464302
-0.09069082
0.100537546
0.19136693
0.2675167
-0.21402226
-0.091667876
0.973188
-0.02178824
0.22434527
1.2421494
0.4678342
-0.30317175
-0.12835705
0.0029644477
-0.2771438
0.19660254
-0.2628881
-0.33427367
-0.118521504
0.11685593
-0.8878912
0.2060876
-0.54395264
-0.11552513
-0.036938008
-0.24167843
0.05036053
0.021227207
-0.058293294
-0.1089314
-0.28953478
0.24760401
0.030815145
-0.088100895
-0.02744306
-0.45425162
1.0814396
-0.13608798
-1.4355538
0.15735269
-0.064548135
0.17492549
0.14494893
0.03171954
-0.3989974
0.017398993
-0.17046581
-0.11595681
0.20358092
0.57096916
0.112607814
-0.33223018
0.3269551
0.01217045
-0.064718485
0.033964273
-0.027482186
0.21466741
0.4100227
0.58210164
0.23985307
-0.30077496
-0.2432144
-0.11068736
-0.106456995
0.2735314
-0.084061965
0.115176916
-0.19488053
-3.6033843
-0.07480505
-0.38814536
0.06990411
0.45847392
-0.037612323
0.18677233
0.24359591
-0.005743326
0.13314575
0.02868766
-0.34499288
0.2548568
-0.0020347973
-0.24282917
-0.2939844
0.22147445
-0.15215977
-0.06596297
-0.24958245
-0.04858217
-0.15314072
-0.3428551
-1.185996
0.730549
0.14038157
0.22865433
-0.0012850405
0.66283655
0.29009515
0.07221282
0.19614989
-0.1545281
-0.34634152
-0.09903005
-0.13532193
-0.1749408
-0.09174445
0.1797971
-0.013454914
-0.20832047
0.2290637
-0.02802077
-0.22770983
0.040565964
0.07706811
0.16137335
0.046284683
0.2498157
-0.5190499
-0.118338116
-0.21777941
-0.08528917
-0.97637135
0.07762814
-0.24107356
0.17282598
-0.35262415
-0.30837154
0.13035432
0.3307214
-0.051053144
-0.071514815
0.058825288
-0.25976098
-0.25830972
0.46524203
0.11794847
-0.055675395
0.15582344
0.35607386
0.52477086
-0.076512985
0.05849445
-0.21916528
0.17148705
-0.0670235
-0.17986494
-0.103384554
0.074500024
-0.16667038
-0.13474205
0.240987
0.21521544
0.028531564
0.20216574
-0.13697831
-0.4975877
0.03900384
-0.0031570813
0.49691716
0.2413051
0.942271
-0.1632055
0.21325319
-0.25861317
0.3026062
0.09243575
-0.20155846
0.27302805
0.49198058
-0.2002692
-2.5692596
0.060105596
0.09814921
-0.121723354
0.08304913
0.20608726
0.2819692
0.4167593
0.1707755
-1.0546465
0.12195307
-0.04523047
-0.09370667
0.009413201
-1.0676646
-0.27041444
-0.12571152
-0.16699941
0.112768926
0.14973123
-0.032409735
-0.14639384
-0.2532263
-0.021106638
0.66398853
-0.04283627
-0.008557309
-0.16506842
-0.12127347
0.41180074
0.21701576
-0.048148684
-0.059220474
-0.070361234
0.023488028
-0.14751458
-0.15332048
-0.26085752
-0.082699254
-0.013714937
0.19558962
-0.09231255
0.52575195
-0.22199786
-0.29479817
-0.17030591
0.20444182
0.14792284
0.4016583
-0.1716836
-0.2016205
-0.11304263
0.077734925
-0.16688517
-0.2544873
-0.14095171
0.3410163
-0.107403144
0.0021669082
0.4558478
0.018051913
-0.07788402
-0.21324913
0.22952937
0.7061264
0.18789268
-0.09770115
-0.14850937
-0.1962845
0.18962528
-0.0070989314
0.15419048
0.2882547
0.019527517
0.22321431
-0.55273205
0.17838237
0.0045705303
-0.06212024
-0.19734566
-0.02554974
-0.19438513
-0.13177581
0.30412832
-0.31941232
-0.23386802
0.1943726
-1.1900373
0.60105366
-0.13513839
-2.8486934
0.0089954855
-0.49137682
-0.0010383094
-0.17506726
0.03764382
-0.07361573
-0.040330064
-0.26025227
-0.27940565
-0.13388343
-0.36426708
-0.27305615
0.123832494
0.23730624
-0.8236986
-0.07995352
0.13300328
0.10221099
0.10451717
-0.10488132
0.8607085
0.33328602
-0.06972859
0.060780723
0.10208723
-0.23959813
-1.2855748
0.22083917
0.012294069
-0.11575083
0.35009328
-0.22838433
0.14057384
0.15705746
0.07108862
-0.42238942
-0.33983865
-0.014594004
-0.029827964
-0.3428372
-0.040916298
-0.1539603
-0.0042554275
0.306797
-0.28794286
-0.4837865
0.026021276
0.12924038
-0.11123829
0.2132397
0.10300584
-0.07393395
0.10649936
-0.28083867
-0.14021525
-0.061389737
0.18289113
-0.36764818
0.27426863
0.5288138
-0.29285753
-0.082255214
0.32896394
0.25663024
-0.097427875
-0.2202325
-0.0027428353
0.49145418
-0.2921778
0.38388285
-0.29664522
-0.12507552
-0.0088642165
-0.3736508
-0.95641893
-0.023983479
0.3190627
0.15890339
0.17273194
-0.3692663
-0.33462438
-0.49913007
0.11975977
-0.039513823
0.16712461
-0.41981065
-0.2788749
0.16369697
0.4747203
-0.04380369
0.11558863
0.017705387
-0.1460714
-0.041770633
0.13157186
-0.3304781
-0.110073805
0.0241732
0.1815195
-0.2854495
-0.19936311
0.16797529
0.7297215
-0.37768617
0.0060860147
-0.0937644
0.05742259
-0.4084847
-0.2719371
0.26168782
0.13048744
-0.12865213
0.1883308
0.29607463
0.20702085
0.1852894
0.24060422
0.10434382
-0.067383856
0.08575929
-0.008862946
-0.11514251
0.12919804
-0.011830454
-0.27750546
0.229563
-0.16649492
-0.08981077
-0.18071777
0.009665766
0.08092665
-0.013474686
-0.024796199
0.5881033
-0.31503192
-0.15733986
-0.11132188
0.29035544
0.051710103
-0.15597276
0.4089609
0.43448249
0.20455047
-0.03747907
-0.19139507
0.37326634
-0.03563504
-0.25883627
0.064491846
-0.3353238
0.2952194
0.1637774
-0.20732045
0.24146228
-0.15588897
0.06710257
-0.29037443
0.33009583
-0.27338526
0.20290016
-0.24869157
-0.14901379
-0.27308157
-0.009175479
0.07870679
0.31327057
-0.00024973982
-0.20785333
-0.344244
-0.16775244
-0.4272732
0.08714764
-0.8233942
-0.03651996
0.36346895
-0.48010746
0.21647638
-0.031401742
-0.02399396
0.118584104
0.17328662
-0.017054273
-0.2215051
0.5015798
0.28850722
-0.038568735
-0.1645235
-0.06750191
0.18773153
-0.021346126
0.4244121
0.29181018
-0.10535132
0.15178163
-0.24233691
-0.23806854
0.18964756
-0.030888138
0.19488192
-1.30881
-0.5764502
0.5784641
-0.37967587
-0.6525636
-0.23779929
0.06015295
0.09413481
-0.13285668
-0.22920448
-0.5305724
-0.1338307
-0.099496625
0.25309238
-0.0865416
-0.7238152
-0.1839388
-0.1892571
-0.22970289
-0.021138081
0.31436536
0.16184525
0.09535239
0.343565
0.27781433
0.16852278
0.024190038
-0.26455578
0.010289222
-0.4557554
0.09491107
-0.039560515
-0.043206383
0.34996375
-0.14344133
0.2464974
0.020096127
0.29970163
-0.47963163
0.051731378
0.28278998
-0.012422052
-0.7993347
-0.4803079
-0.11674591
-0.29741064
-0.21624322
-0.17233737
0.106841706
0.314978
0.07390707
0.06050733
0.20446084
-0.22441539
0.22874075
-0.77101594
0.07077876
-0.3071949
0.28431204
-0.1238271
-0.307785
0.30873972
0.01970435
-0.22113438
-0.47571236
0.105941504
0.55405605
0.11353994
-2.0507662
0.13160671
-0.113834046
0.35090005
-0.17446896
0.2596713
0.27449122
-0.13828672
0.19637875
0.20377313
-1.4926119
-0.14428954
0.28590757
0.14857335
0.017148525
0.21467042
-0.20826255
0.5577586
0.24453068
0.3390606
-0.40529343
-0.22500712
-0.069320455
-0.035768323
-0.16475913
0.28225526
0.26593232
-0.41979802
-0.4171833
-0.004360199
0.13522531
-0.33693635
-0.18648542
-0.012892978
0.6674413
0.08394697
-0.042752653
0.30330646
-0.32843116
0.18085372
-0.1114968
-0.15825915
0.49861097
-0.108937375
-0.123011746
0.19464135
-0.2945036
-0.2640407
0.28873348
-0.08956796
-0.16700318
-0.23479505
0.027723
0.14102666
0.42509466
0.14174911
-0.18868457
0.032348994
0.2046739
-0.22330076
0.039708044
-0.1721649
-0.28668717
0.2524332
-0.3816532
-0.13747033
-0.84263444
-0.64952946
0.2707798
1.274432
-0.077783845
-0.37945873
0.13502976
0.2689014
0.28636158
-0.13424395
-0.26588556
0.25675267
-0.04090789
-0.44099298
-3.462658
-0.7667206
-0.20486487
-0.02846705
0.34570637
-0.055153478
0.49022236
0.035133336
-0.67487276
0.0735394
0.04671803
0.62324196
-0.4458448
0.47236878
0.16907473
0.27053645
0.14940275
0.32475728
0.26779076
-0.40638527
0.33247462
0.00928095
-0.048200686
-0.64600164
-2.3476772
-0.061529502
0.21302775
0.19935694
-0.122498564
-0.79111034
0.08161897
-0.030501552
-0.21612254
-0.35997343
0.30398884
0.63535655
0.03427625
-0.13853878
-0.10044287
-0.03132194
-0.18043083
0.12450063
-0.058141407
-0.15127832
0.06635253
0.13521437
-0.28998452
-0.3137291
-0.133759
-0.58644646
-0.010563476
-0.2452616
-0.2931374
0.34101993
0.16910791
0.2619825
-0.3439566
0.31391686
0.0140899755
0.36358848
-0.9820127
0.1434341
0.17805533
-0.20982583
-0.3390026
0.06759033
-0.060038373
-0.3965897
0.12717514
0.3147686
-0.034529995
-0.021160657
-0.18546207
0.14716893
0.24453652
0.27444446
0.19062299
0.17847262
-0.1772697
0.42243564
0.16512051
-0.16386887
0.108233556
-0.4610185
0.035936076
0.28918305
0.2693351
0.3879544
-0.6570995
0.13770193
-0.11390197
0.2302726
0.27469766
-0.23864861
0.101233914
0.25015613
0.36301097
0.20326094
0.13824943
-0.104992986
-0.22754684
-0.3681097
0.074436165
-0.28219208
0.11304397
-0.362333
-0.53426343
-0.22005661
-0.13738206
-0.51315856
0.3239629
-0.59972167
-0.0931906
0.22504398
0.14980473
-0.20232692
-0.21628222
0.1668338
0.11016977
-0.35048112
-0.090128995
-0.37233326
0.19442582
0.107478954
0.35866573
-0.2609761
-0.32625413
0.016961072
-0.18832667
-0.17511106
0.09765813
-0.0073090377
-0.43768448
-0.2637145
0.08297377
0.5019919
-0.2336353
0.16022539
-0.11634797
0.18791762
0.2972364
-0.45626703
-0.13685131
-0.12601689
-0.31795532
0.20478225
-0.356062
-0.025815265
0.24339329
-0.12611356
0.16321595
-0.19164559
0.30895975
0.2145368
0.11936173
-0.12794009
0.27701852
0.32016367
-0.070723005
0.030259183
-0.30882087
0.11903416
-0.19349068
-0.09320866
0.05003022
0.2814144
0.1485747
-0.27986524
0.23550372
-0.07552751
0.31289238
-0.19251008
0.0076675415
0.21229714
0.27148533
-0.40218532
0.96453124
0.36134857
0.24346866
0.13150331
0.07077449
0.11093209
0.086824924
-0.4727362
-0.03034314
-0.28190136
-0.27222702
0.23822446
0.26776272
-0.043022692
-0.30619508
0.3905553
-0.48694012
0.02712602
0.047622267
0.116701394
0.53877115
0.19809014
0.1354141
-0.08824018
0.25933924
-0.08476861
-0.12880924
0.07476153
-0.37769455
0.23414753
-0.080935456
0.034590483
0.005376648
0.11921048
0.13092269
-0.108007126
-0.36972648
0.07074489
-0.17197664
0.062125914
-0.31200707
0.13023765
0.3338278
0.3128698
0.07857872
-0.23049654
-0.24482492
-0.19434547
-0.27843878
-0.3918565
0.16003254
0.19936308
-0.21965264
0.37876356
-0.3091727
0.017060619
0.06888942
-0.17071338
-0.25636873
-0.9125763
-0.53536975
0.4608307
-0.115105644
-0.2659055
0.0011921114
0.02984668
0.23463136
-0.09443989
0.09419257
0.031435885
-0.033050913
-0.34632188
-0.14910932
-0.48230726
-0.36619076
0.024814453
-0.55723244
0.37029585
0.4976459
0.31203228
0.1906226
-0.17652538
-0.10591313
-0.011889294
0.12770154
-0.23869489
-0.38327238
0.22456501
0.2550437
0.20279877
-0.21109606
0.52408195
0.028818687
-0.22937116
0.06264478
-0.36786762
-0.048668426
-0.019288786
0.23451868
0.46013558
0.2128481
0.11768399
-0.22018713
0.07821356
-0.041500635
-0.08697311
0.35984862
-0.033870615
0.13167158
0.11775777
-0.22697347
-0.15543602
-0.08929152
0.26679748
0.17709188
0.08288842
-0.25961295
0.25970352
-0.24427116
-0.013826433
0.12761195
-0.0041656536
-0.23696111
-0.25554696
-0.022337655
0.067430235
-0.1953336
0.23579173
-0.112126864
-0.18461485
-0.008495728
-0.09523334
-0.061433032
-0.22399789
0.23151872
-0.14745751
-0.4596042
0.083509766
0.3052171
0.35115936
0.03615625
0.076896496
0.0855135
-0.017912023
-0.08130035
0.092670605
0.22840121
0.24954234
-0.03600914
0.12728076
0.1987491
0.18587545
-0.347237
-0.27352604
0.28837562
-0.6160245
-0.04448212
-0.003783865
0.010998962
-0.20586112
0.20512074
0.2621267
0.2313824
-0.31020457
-0.08134589
-0.046921473
0.34706888
-0.25738865
-0.07472995
-0.22821309
0.03393046
-0.500394
-0.256746
0.103389084
-0.31556842
0.09788734
-0.0253986
0.18589528
-0.15711328
-0.07367427
0.15508272
0.12785925
-0.41175774
0.09378787
-0.041683406
-0.016307667
-0.32284454
0.18948376
0.065460004
-0.50939363
-0.29225522
0.117799215
-0.31104657
0.007691695
-0.02185514
-0.06708976
-0.03016522
0.22404297
0.19564918
0.17100826
0.11577988
-0.14595175
-0.121517904
0.16593486
0.07494233
-0.3085413
-0.21372373
0.10832203
-0.23110779
-0.1731079
-0.10633379
0.093067564
0.14256221
-0.22256984
-0.07686792
0.10613382
0.06240154
-0.2824919
0.14573193
-0.15888302
0.27863413
0.15744764
-0.08073661
0.0186353
-0.35803747
-0.14777794
0.021625137
-0.17028843
0.082064725
0.25644475
-0.29635006
0.27566764
-0.11035488
-0.2002636
-0.011516993
-0.06813261
0.38973585
-0.35934317
-0.21752255
-0.12901595
0.31041896
-0.11971649
-0.07662344
0.20160526
-0.599736
0.2805756
0.47178128
0.0026554673
-0.0053982725
-1.3477226
-0.55441254
-0.1802298
-0.15227705
0.08273968
-0.19320557
0.04753623
-0.3443329
0.20320179
-0.037442252
0.4410294
0.32920498
-0.6461291
0.2234639
-0.065376356
-0.2188339
-0.63670605
-0.2561714
0.26210552
-0.19497599
0.19769208
-0.0606418
-0.24769467
0.12710656
0.0030859113
0.12611619
0.061759353
-0.14452878
0.12609789
-2.1092994
-0.10309256
-0.22912395
-0.16211069
-0.24960887
-0.28150433
-0.10999746
-0.81301355
0.43006682
-0.34051555
0.57778645
-0.8524105
0.46423516
-0.90458834
0.11423239
0.2832658
0.24652186
0.41506296
-0.85416543
0.8071027
-0.06188114
-0.23503795
-0.10857605
-0.86851317
-0.07539731
0.07612272
-0.009816378
0.41624632
0.038106322
-0.22178887
-0.08328168
0.30855742
-0.15742326
-0.31483102
0.5121409
0.101714924
-0.9170339
0.0028754123
-0.5544208
-0.12137295
0.7109823
-0.18350577
0.16530192
-0.27535167
-0.29233813
0.16206692
-0.1963726
-0.22708662
-0.15817317
0.40498567
0.16794284
0.0702057
-1.0884643
0.04886839
-0.11508368
0.19971986
0.52327704
-0.1668859
-0.12621439
-0.690188
-0.37846968
0.2505773
-1.5553247
-0.4389435
-0.31178945
-0.19422697
-3.2170835
0.009586754
-0.24286467
-0.08968953
0.021014351
0.15870474
0.22746114
-0.039239682
-0.43073228
0.53521466
-1.80616
-0.17810151
-0.06660348
0.43331692
-0.17267485
-0.16555752
-0.17282614
0.69066644
-0.23764037
0.2812922
0.42683238
0.38899946
0.035417616
0.4625358
0.24879564
-0.082161866
-0.051576037
0.28942066
-0.09660392
-0.19263972
0.2705276
0.36343127
-0.3874936
-0.21066564
0.30381677
0.058890924
-0.510146
0.62311393
0.2612267
0.20910929
-0.11865327
-0.80156505
0.41319552
0.83314615
-0.29858473
-0.09659366
-0.36541063
-0.060235728
0.03776316
0.300713
0.44343102
-0.31570947
0.035161834
0.5150514
0.1584636
0.27689242
-0.26206732
0.22252035
-0.53030145
-0.0442172
-0.030483047
-0.95196605
-0.026434638
0.027817046
-0.13469909
-0.08122772
0.4049296
-0.19979294
-0.08739194
0.7516742
0.062650815
0.2704187
0.34253842
-0.12417919
-0.25726277
-0.22493142
0.16204715
-0.04056573
0.13249534
0.034558076
-1.2144927
0.3239604
-0.32263413
0.14335509
-0.30564925
-0.277531
-0.037730403
-0.2145097
0.05144575
-0.922395
-0.45320857
-0.12715529
0.46610197
0.32856667
0.18008181
-0.28891423
0.17113163
0.2947734
-0.4400354
-0.2215241
0.086201094
-0.37820658
-0.2848788
-0.06673806
-0.9941002
-0.17902268
0.2802594
0.057097297
0.37450576
1.3026809
0.5272919
0.5191878
-0.30841073
-0.22645694
-0.014050498
-0.04393972
-0.24529605
0.18979752
-0.689652
-0.064640835
-0.51790285
-0.30473828
-0.20115802
0.1221018
-0.45808494
-0.13442595
0.11843611
-0.6929346
0.14583866
-0.23371167
-0.6962924
-0.1691844
-0.16318394
0.37960812
-0.053343475
-0.22904477
-1.3746239
0.13089655
0.11772123
-0.17144993
0.047505785
-0.16982245
0.350905
0.42972544
-0.40373898
0.111053325
0.28982994
0.7501073
0.49398023
0.22063285
0.10270224
0.077992864
-0.2015221
0.014528499
-0.116602056
0.20014852
-0.22950512
0.16013157
0.21753162
0.016902052
-0.12388498
0.35752934
0.38757282
-0.0011217074
-0.2943144
0.19677097
0.20347062
-0.2409101
-0.31304923
-0.2632348
-0.012008528
0.17564355
0.16909336
0.07511628
0.2904066
-0.4031862
0.122580096
-0.14236383
-0.17317474
0.3064937
0.31859216
-0.30363876
-0.11038405
-0.003434272
-0.4952278
-0.33076382
-0.37881368
0.30382147
-0.10777579
0.19763273
0.39539072
0.25319728
-0.024590943
-0.14611581
0.3230748
0.26818293
0.13369194
-0.18992503
0.004886806
0.27761224
0.33442467
-0.122028925
-0.19608879
0.3046806
-0.11340329
0.31700802
0.059357382
0.31443945
-0.4977257
-0.5063215
-0.39335296
-0.30168924
-0.49630535
-0.36355606
0.24873498
-0.063797064
0.27134195
0.26831734
-0.09959629
-0.02894008
0.21222375
0.118994445
0.08086072
0.15030834
-0.18457657
0.10991668
-0.94407016
0.29344216
0.4667236
0.38248172
-0.2625192
0.37149975
-0.4562272
-0.034497842
-0.3691357
0.2617821
-0.7798399
0.5613451
0.009281064
0.8988873
-0.32591808
0.18395326
-0.23327823
-0.28170916
0.07381689
-0.0709461
0.4965143
0.09763296
-0.1231037
-0.12374385
-0.18169892
0.29277274
-0.015348917
0.6611073
-0.21003768
0.24517111
-0.42532748
-0.007921218
0.8263155
-0.1220686
0.32847935
0.34253854
0.1780165
0.06714628
-0.30886322
0.26518854
0.3400095
0.29610384
0.049298204
-0.008282036
0.29428214
0.34366232
-0.39531115
0.30764902
0.29354203
-0.17114823
-0.12666678
-0.10044437
-0.00072067976
0.43889028
0.03935851
0.08167389
0.09730889
-0.5653776
-0.27932215
0.31274194
-0.121046074
-0.07709454
0.09510421
-0.15789376
0.13423637
-0.49251226
0.2583247
0.35955366
0.056943085
-0.08044415
0.071846515
-0.30494937
-1.5914793
0.23620373
-0.047651842
-0.051454246
-0.30849746
-0.7271176
-0.08529275
-0.24480295
-0.3167067
-0.14490688
-0.16267775
-0.07465475
-0.14677009
-0.06397137
-0.46037644
0.28487828
0.22956286
-0.25087187
-0.31210548
-0.22885206
-0.33433676
0.16815116
-0.24077319
0.20550284
-0.024827152
0.27027357
-0.33593953
-0.11817255
-0.05198627
0.16748938
0.29146898
0.03502766
-0.026921399
-0.037300285
0.43053794
-0.20126301
-0.28854334
-0.2517491
-0.10356151
-0.32059133
0.18423845
-0.5326073
-0.03413282
0.118122116
0.5085572
0.28655812
-0.008250348
-0.14353433
0.060890798
0.02054691
0.44819835
0.63865733
-0.28526562
-0.04896856
0.0022038785
0.14783171
-0.15877362
0.3259489
-0.4822424
-0.09850955
0.20803757
-0.030624177
-0.084913276
-0.13138838
0.033379953
-0.09057171
0.22815487
0.22435477
-0.049083088
0.14285931
-0.3193859
0.04566527
-0.15837198
0.281465
-0.86120796
-0.28045684
0.2271105
0.63224936
0.29066655
-0.25246435
-0.057578247
0.13288613
-0.050302517
-0.14391162
0.18840241
-0.32481235
0.11430225
-0.2349811
0.1802223
-0.36614275
0.071510985
-0.124444574
0.17264488
0.3145099
-0.053632747
0.04046693
0.33927178
-0.03799448
0.08870268
0.0573433
-0.027604848
-0.30282417
-0.18210387
0.057554174
-0.41689208
0.35881773
-0.06039931
-0.31461278
0.20769903
-0.12562372
-0.08579527
0.013157111
0.25963005
0.49056384
0.26603052
-0.07176438
-0.22243354
-0.05448275
0.33193472
-0.62877846
-0.34410405
-0.2959923
-0.3326164
-0.2541155
0.058121365
-0.53142565
0.08694544
0.03149881
-0.14939556
-0.020643027
-0.101471335
0.20162715
-0.19034423
0.20786175
0.14150345
-0.32652682
0.20141931
-0.24461544
0.19328159
-0.33040014
-0.5181092
0.29460558
-0.16392578
-0.33190838
-0.059632037
0.2976465
-0.20655115
0.1717001
0.11943788
0.1866993
-0.24415761
0.09574207
0.013500347
0.08224157
0.36095062
-0.14305253
-0.11501245
-0.080348134
-0.19269185
0.031761378
0.15138955
-0.34579602
0.1833226
-0.14712815
0.40922755
-0.2935735
-0.25737852
-0.11654546
0.08817746
-0.28311476
-0.03914003
0.40275583
-0.093655
-0.03807818
-0.05489345
0.48360693
0.18667412
0.08165659
-0.23940016
-0.18277477
0.18091422
-0.25460568
0.18703105
-0.21678041
-0.054791108
0.10251806
-0.06606257
-0.18582657
0.11021353
0.052856665
-0.1607904
0.034491148
-0.23749487
0.4003028
-0.075877585
-0.22285745
-0.083837
-0.0026016831
0.04551676
0.26530358
-0.021631554
-0.45115393
-0.13180558
-0.11035499
0.064760104
0.4972646
-0.31054145
-0.09951154
0.040200993
-0.14802052
0.21138848
-0.31584254
0.2904002
0.64325863
0.45957687
-0.14098196
-0.86585116
0.10651017
0.48569012
-0.83459824
0.1650852
0.3055479
-0.18439221
0.21529761
-0.021851862
-1.5684394
0.056601837
0.1533118
-0.06481327
0.27762687
-0.33019406
-0.3199965
0.26091167
-0.14118832
0.12995164
0.37269914
-0.6598456
-0.034132864
-0.013854494
0.18368345
0.13663734
-0.33019507
0.1844578
0.16834846
0.22470744
0.9108963
0.06753805
0.012296369
-0.12570907
1.6967094
0.17174023
0.19520059
0.2813267
0.5438862
-0.42355534
0.2736328
-0.31929982
-0.2008356
0.4953081
-0.7026785
-0.05871597
-0.057051096
0.36342654
0.24235938
-0.072413564
0.23908828
0.14532642
-0.09287489
0.30731198
0.2793135
0.0058273138
0.24937408
0.23943263
-0.15067726
-0.6958311
0.6607986
-0.40992874
0.28175727
0.16804473
0.33151287
-0.07686379
0.2614597
-0.34631997
-0.2651428
-0.12469453
-0.022877196
-0.24425535
0.07104272
-1.4413567
0.4406698
-0.20767945
0.38494742
-0.24236801
0.056412183
-0.10881617
-1.849705
-0.43337464
-0.14541036
-0.3588016
-0.24455933
-0.09572493
-0.28239024
0.115225084
-0.13200963
0.1734688
0.14736567
-0.006141357
-0.3155226
0.20136768
0.46833545
0.07987285
0.042787045
0.42580515
-0.1789469
0.23003054
0.15533943
-0.33977482
-0.21865775
-0.29009172
0.3108551
0.118367106
0.1720398
-0.25012594
0.23973827
0.01973779
0.13692272
0.18684843
-0.14658836
-0.013645024
-0.25493166
0.26846603
0.2753839
-0.23809235
-0.013229763
0.24733804
-0.046365198
0.07781623
0.060613412
0.46704328
-0.31802502
-0.070852995
0.13437125
-0.39426458
0.31218216
0.10257707
-0.3931128
0.046774633
0.3096071
0.42400318
0.3593607
-0.27503908
0.14352804
0.005067082
-0.3190673
-0.21869603
0.08548587
-0.20647703
-0.08790224
0.13675556
0.2887033
0.17518285
-0.2537471
0.24337055
-0.16865055
-0.15068573
-0.13697071
-0.053347073
0.6237923
-0.10054774
0.42072076
0.005724013
0.26696056
0.3907638
0.07096957
0.10896398
0.34549898
-0.22208537
-0.0036342444
-0.34519932
-0.17213832
-0.33928737
-0.04188063
0.57087284
0.54452825
0.18581939
-0.028626604
-0.1927371
0.1865299
-0.42216837
-0.34754315
-0.086485386
0.15957317
-0.26051658
1.0964113
0.012239002
0.13982336
-0.19259933
-0.100894965
-0.034217067
-0.29417646
0.5806774
-0.0349689
-0.18612026
-1.221167
-0.31525016
-0.043687463
0.5088704
-0.08988949
-0.24581967
-0.13688327
-0.12820134
-0.9311833
-0.55534285
0.49333265
-0.019721027
-0.05777142
0.0063929977
-0.43107036
0.062080633
-0.258833
-0.04700439
-0.025182638
0.31199238
-0.114352696
-0.02403356
0.30158967
-0.35854664
-0.22212757
0.06122517
-0.34389895
0.12015974
0.31338763
0.16047591
-0.5860361
0.24662168
-0.29887003
-0.11413172
0.03743875
0.240857
0.050675545
-0.8082993
-0.18503836
-0.009727293
-0.18687226
0.31566805
0.14783855
0.43988442
-0.023029152
0.246819
-0.69699997
0.16125008
-0.18246984
-0.2886231
0.20994674
0.29089946
-0.18307997
-0.091001846
-0.046195317
-0.2638884
-0.12364113
0.28446066
-0.30212155
0.072724015
0.15556517
-0.19087216
-0.42322615
0.0015393813
0.09372933
-0.13698107
0.088637166
0.021438926
0.31162512
0.034477796
-0.032551005
0.33264723
-0.18355231
0.10925509
-0.1259294
0.1971115
-0.26539838
-0.311318
-0.15786089
-0.27247322
0.085380755
-0.33378345
0.24419971
0.11307149
-0.20232087
-0.3688759
0.230636
-0.08773443
0.03125651
0.17697467
-0.23151773
-0.10538768
-0.2997455
0.06302913
-0.22998871
0.08378784
-0.08372772
-0.16695875
-0.1538789
0.042659257
-0.2937413
0.11317617
-0.020397287
-0.38547444
0.052221842
-0.26313847
0.32504216
-0.06578566
0.48176152
-0.061122153
0.0978303
0.19722392
0.25717837
-0.19796462
0.03237434
-0.33845985
0.07447153
-0.1524509
-0.08641575
-0.15034056
-0.162811
-0.24397466
0.2709625
-0.03606323
-0.079308495
0.23831473
-0.028724318
0.16723295
-0.24584624
-0.13725133
0.2177931
0.16150826
0.07789429
0.1130142
-0.29370376
-0.15877819
0.100785434
-0.048234254
-1.4571171
0.07547747
0.104435936
-0.007197046
-0.3298807
-0.034999505
-0.13326266
0.46802223
0.26124057
-0.30137408
-0.09793785
-0.20592195
-0.32027385
-0.018749315
0.4697119
-0.18246844
-0.18339892
0.026832463
-0.34381768
-0.23078324
-0.14809513
0.30660614
0.32727426
-0.2726915
-0.17280407
-0.03285322
0.12296456
-0.3122096
0.25828362
0.32923576
-0.17202328
-0.20975554
0.12217635
0.06912184
0.25368473
-0.17473087
-0.32372147
0.076290354
-0.20296441
-0.1806133
0.26466283
0.024717355
0.12827195
0.48930693
-0.098491736
0.015672145
-0.4148561
0.055020276
0.14709736
0.31500712
-0.12851925
0.2154841
-0.37842858
0.09716052
0.28771746
-0.38004354
0.22414608
0.26891345
0.0990694
-0.25601146
0.2410407
0.24406706
-0.25789994
-0.23986183
-0.3103273
0.040827658
0.3444674
0.15554443
0.24179982
-0.06656012
-0.1448119
0.13114324
0.19035144
-0.16670318
0.047187973
-0.08201002
-0.5471334
0.21905078
0.27534172
0.15079339
-0.35703185
0.31706712
0.16075736
0.2672609
0.110522486
0.4495076
0.05002978
-0.06161724
-0.26154014
0.11795895
0.07070213
-0.099620506
-0.017411038
0.0751072
0.014892085
-0.07120979
-0.020973299
0.24650227
0.094349295
-0.28657106
-0.09815277
-0.3177865
0.28674302
-0.40082994
-0.32136548
0.24527307
0.04325677
0.39694858
0.034568302
0.1657845
0.010409605
0.2554333
0.3093283
-0.25097057
0.18331982
-0.3474307
-0.048500415
-0.26803634
-0.26831067
-0.27010682
-0.08727926
0.26416877
-0.33523232
0.32419345
-0.17607976
-0.031664457
0.053209174
0.19898441
-0.15423033
-0.8694243
0.20558798
-0.3448083
0.0916076
0.2356835
0.11190659
-0.3436739
0.07420859
-0.09681182
0.2915587
-0.046877045
0.3128117
0.22935095
0.024334338
0.22981586
-0.25543717
0.32378414
0.13864225
0.10143929
0.039611444
-0.21311675
-0.15231411
0.39031374
0.26808277
-0.20050214
0.18917733
-0.31138378
-0.021808803
-0.18517622
-0.27454516
0.24775392
0.26629713
-0.20934425
0.2994657
0.092110455
0.23058206
-0.07058796
0.15655649
0.19373925
0.032016322
0.086214565
-0.25367337
0.2358484
-0.09298459
-0.26249206
0.098265804
-0.33485025
-0.035620928
0.19900617
-0.0919079
-0.031444296
-0.30053717
0.13453066
0.22658572
0.26892424
0.008475925
0.23647395
-0.049059395
-0.13278323
0.033591088
-0.18121801
0.083212726
-0.061565526
-0.16581236
0.17565137
0.3313417
0.0063432446
0.20486206
-0.09420959
0.0418155
-0.4074715
0.06768383
-0.05138543
-0.30167076
0.138948
0.10870057
-0.08008775
-0.008738925
-0.110694446
0.16757928
0.30141145
-0.25774395
-0.17393391
0.090196274
0.3149132
0.06334092
-0.22162238
0.46617284
0.06860835
-0.31268328
0.013461933
0.3690079
-0.07002859
0.14263049
0.09406262
-0.06397213
0.2989879
0.3787266
-0.2503282
-0.23470311
-0.20990245
-0.312815
-0.13801767
0.052453857
-0.07077961
0.11281019
-0.06618949
-0.07202304
-0.022741117
-0.30949384
0.2628679
0.10622517
0.31081226
0.14027081
-0.15762782
0.040104993
0.31117222
-0.1891619
-0.16405669
-0.054614488
-0.23510031
0.13492218
0.23741487
0.014694001
-0.3175182
0.1317825
-0.24578002
0.018240124
-0.16198124
-0.0444056
-0.18617897
-0.09862248
0.32316154
-0.12565249
-0.54524887
0.1356212
-0.13507634
-0.15426905
0.0864573
-0.18944526
0.85846466
0.14131808
0.116536304
-0.24662615
-0.1020279
-0.20133813
-0.75687677
-0.33506155
0.35056302
-0.030986914
-0.066303015
0.5261798
0.33007222
-0.100149944
-0.06304986
0.1202569
0.5560619
-0.08555396
-0.5297663
0.17445348
-0.010750141
-0.30998066
-0.07895436
-0.05256136
-0.26777327
0.21439888
0.5926305
-0.477061
-0.3151537
-0.015374446
0.22380914
-0.17966986
0.31000477
-0.17784007
0.11066885
-0.13786946
0.9689325
0.19238001
-0.12677376
-0.9472995
0.14667466
-0.09235504
-0.3651193
-0.1697542
0.34357634
-0.3234607
-0.19233194
-0.23315099
0.1259783
0.21936058
-0.20861366
0.18677306
0.18130441
-0.21030371
-0.120822474
0.19799478
-0.27502415
-0.55921346
0.2274737
-0.21448126
-0.10458124
0.25319436
-0.10266077
-0.083403766
-0.1553075
-0.5378073
0.40761948
-0.19303443
-0.0353448
0.08796948
0.41876996
-0.037685867
-0.09605409
-2.321093
0.3021778
-0.18771054
0.2298071
0.071171455
-0.19126
0.118872695
-0.036764212
-0.38623768
0.39286408
-1.0671976
-0.30765867
-0.074791044
0.089030586
-0.32138488
0.030577075
0.26996619
-0.15832166
-0.17519459
-0.29234895
0.13604823
0.050477892
0.3503633
0.14928097
-0.166309
-0.779137
0.18387796
-0.08472939
-0.32367003
0.02523003
0.5172203
0.22423692
-0.3202177
-0.044827044
-0.14198756
-0.3400932
0.11101158
-0.555785
-0.16592164
0.18024823
-0.42647362
-0.24702446
0.29841012
-0.14338556
0.11066473
-0.26167828
0.11543755
-0.17782445
-0.13576709
0.44209006
-0.17598698
-0.1725463
0.31423545
0.35144106
-0.54295003
-0.15003492
-1.4451896
0.021235287
-0.37145615
0.13472211
-0.1772836
-0.08338988
0.30626366
0.0995335
-0.21081543
0.3478653
-0.082427435
0.11269504
0.22972655
-0.2145073
-0.18588921
-0.28763238
0.04907992
0.34118533
0.09017172
-0.026451983
-0.15073638
-0.07376315
0.12539685
0.26323375
-0.14738253
-0.1822838
0.07749456
0.38028863
0.5359793
-0.07477052
-0.42079315
-0.30063862
-0.052689157
-0.23416153
-0.06899198
0.16119099
0.129766
0.24859372
-0.36692166
-0.030678142
0.18869478
0.04925431
0.018588794
-0.5502444
0.12808727
-0.025484651
0.19740662
-0.12274792
-0.16996908
-0.048027277
0.054869663
0.18833518
0.22339661
0.3965573
-0.29510128
-0.20442887
0.36765695
0.4378768
0.48726478
-0.027805056
-0.33583418
0.51190287
-0.4548251
0.34093574
0.10673404
0.09921045
-0.019596787
0.26783302
-0.057440355
-0.14384972
0.1791259
-0.21864183
-0.58345884
-0.41401082
-0.35041893
-0.031724237
-0.14652216
0.28057456
0.13879381
0.057092324
0.011421379
-0.06511359
0.1043624
0.28358093
0.3377394
0.18228963
0.0966726
-0.03095193
0.25109157
-0.15888153
0.247223
-0.35954973
-0.064726
-0.24590264
0.48979113
-0.15194976
-0.33433384
-0.30497724
-0.1048013
-0.028175151
-0.053082507
-0.34359992
-0.69441366
-0.29565224
-0.3632995
-0.5251796
0.29830638
-0.046806846
-0.22362244
0.003666732
-0.36293918
-0.069151424
-0.24316296
0.10854656
-0.34518328
0.055063095
0.048949175
0.008769344
-0.11574142
0.13645984
-0.47135752
-0.28000805
-0.39121652
0.05428977
-0.17418303
-0.3298101
-0.06406404
0.15847409
-0.47365597
0.028562123
-0.06109568
0.19481848
-0.28506896
-0.2026412
-0.10907299
-0.3103742
0.19214661
-0.08977018
0.07510132
-0.0570815
-0.1859682
0.04999382
-0.1277667
0.2692344
-0.025287896
0.18238826
-0.10652088
0.024131484
-0.13007864
0.079257965
-0.08173396
-0.09708701
-0.1466993
-0.054848738
0.016915059
0.2296116
0.035515957
0.42728856
0.30059135
0.22475715
0.06515374
-0.0026595292
0.096812315
-0.6898508
-0.09823257
0.023649901
-0.39088142
-0.6367731
0.1680662
0.2410315
-0.07365488
0.36373365
-0.12141401
0.25346702
-0.23618187
-0.077297136
0.14402479
-0.11423532
-0.46222478
0.18132663
0.042464465
0.0025990598
-0.05557086
0.29396495
0.026287226
-0.20016737
0.07575226
-0.07320549
0.26447514
-0.21382672
0.2714307
-0.11597911
-0.2910436
-0.14274962
-0.3396388
0.061906114
-0.16688667
-0.008576388
-0.26278526
0.12655899
-0.22145806
0.031342566
0.35445553
0.058347244
0.21744585
0.20049144
-0.15925807
0.09878998
-0.021550963
0.043154716
0.42674428
0.39773983
-0.032776125
-0.053063706
-0.4513493
-0.06197838
-0.21000436
0.061508954
-0.65463173
0.086160734
-0.20975417
0.36976716
0.41167545
0.21588606
-0.20723797
-0.114500426
-0.28666234
-0.10742953
-0.26279634
-0.068380296
-0.4053795
-0.20008293
-0.06384924
-0.31307074
-0.23649363
-0.15688345
-0.31129614
0.13907067
-0.040588785
-0.19466582
-0.34617865
-0.30352846
0.07466567
0.2237164
-0.28113714
-0.23389001
0.05576022
0.10732235
0.19992661
0.18653272
0.032370184
-0.16098037
0.2204606
0.13341679
-0.06261006
-0.16612163
-0.015411499
0.34972623
-0.15806545
-0.05273732
-0.4739058
0.19198
-0.02443552
0.27011624
-0.041242845
0.072257854
0.0565179
0.3665799
0.024262978
0.050183978
-0.22070506
0.21344835
-0.10963467
-0.20088401
-0.23502344
0.25949305
0.24788913
-0.106640376
0.15211128
-0.11697155
-0.23353714
-0.22834583
-0.3398791
0.5363314
0.46701223
-0.31455874
-0.12161892
0.08258318
-0.15747151
0.33637586
0.27216458
0.15023263
-0.30375457
0.1360126
-0.16855848
0.038197964
0.17695022
-0.3750962
0.17161562
0.025425617
0.03863588
-0.0047134636
0.1426159
0.1194241
-0.21986149
0.0070193782
-0.418434
-0.18187234
0.26777053
0.124350674
0.29173514
-0.009187618
-0.03560591
-0.20336789
0.13555889
-0.10746348
-0.48317534
0.23159899
-0.13135986
0.14210431
-0.22098778
-0.2565784
-0.054600384
-0.031113109
0.14367108
-0.059844118
0.14493892
-0.41916016
2.887955e-05
0.011115642
-0.2627754
0.23282327
0.12773196
-0.2805535
-0.110130146
0.3560526
0.047161855
-0.07971498
-0.19055998
-0.12387339
-0.22113016
0.14447628
0.053423796
0.26813182
-0.16831696
0.17046222
-0.30510607
-0.04457719
-0.040853053
0.24896635
0.10561591
-0.30850753
-0.23282552
0.26867452
-0.3831063
0.43710202
0.27300957
-0.21052189
0.08876092
-0.36870503
-0.11317425
-0.27237195
-0.026591985
-0.04917208
0.08917196
-0.02342698
0.20440179
-0.2738339
-0.23236907
-0.018897964
0.21332052
0.26430723
0.09347175
-0.29017088
0.1257681
0.1069499
0.37307823
-0.25667885
0.30740854
0.04431225
-0.15603626
0.124614485
0.022470772
-0.057521343
0.31836563
0.1996159
0.3791141
-0.02070506
0.1101125
-0.31357157
0.13300651
-0.048270017
0.33866102
0.016334781
0.026444694
0.27242532
0.27740782
-0.267803
-0.10312587
-0.114151694
-0.24514882
-0.050985713
0.24294588
0.19549435
0.093770064
-0.11404374
0.26894373
-0.2817457
-0.22998868
0.19213682
-0.24261738
-0.1865805
-0.16220157
0.2758223
-0.0476364
-0.30184188
0.19465564
0.2594286
0.044404443
0.30737284
-0.027729154
0.15894212
-0.1623761
0.19583839
0.222656
-0.39221197
0.063408524
0.05277361
-0.21625514
-0.17576048
-0.056350272
0.16617446
0.28665194
0.1862797
-0.19301999
-0.14154147
0.027577318
0.19938788
-0.30863065
-0.3434034
0.2169969
-0.031105414
-0.25660476
-0.28454497
-0.1958931
-0.22835307
0.2818965
0.13184181
0.20231682
0.17600061
-0.156953
0.044739686
-0.12200165
0.19993022
-0.22580211
0.18565175
0.18887034
0.12164912
-0.32208467
-0.3362933
-0.35918328
0.0051959455
-0.1304173
-0.035899818
-0.14374106
-0.0031734232
-1.7533451
-0.3661874
0.65860534
0.58411527
0.31258884
-0.10307862
-0.06352821
0.24227317
-0.02078263
0.34967497
0.3087587
-0.23752232
0.1847279
-1.0537276
-0.2874598
-0.3083561
0.37111512
0.2507769
-0.4889816
0.2778359
-0.1861636
0.14152293
0.10698988
1.6795058
-0.2872926
0.24336518
-0.25728226
0.24227771
-0.08457428
-1.4582028
0.11771418
-0.34022146
0.32534635
-0.19942404
0.1923078
0.17042565
0.22246677
-0.21483594
-0.7086263
-0.20401919
0.17129566
-0.21045116
-0.27849498
0.30480182
-0.16997482
-0.24072976
-0.23654641
0.003312605
-0.22935726
0.11255551
0.11426734
-0.31914815
0.10918522
0.082283504
-0.20872797
0.30350184
-0.34296432
-2.3107624
-0.063538715
0.2988512
-0.0747506
-0.051896207
0.078704596
-0.057096444
-0.15639609
0.16673063
-0.09424722
0.24020135
-0.19827323
-0.0060083866
-0.031893224
-0.20186119
-0.15841357
0.07430499
-0.0073179305
0.16883397
0.022408042
-0.16695271
0.20864373
0.03900419
0.38241392
0.31294376
0.31932262
-0.14591333
-0.3258688
-0.13469721
0.2841976
-0.5579011
-0.011503697
0.006173985
-0.23637673
-1.0766243
-0.20805386
0.49625108
-0.011308024
0.29058245
0.112056464
-0.5701375
-0.2668072
-0.013551891
0.2902657
-0.13556
-0.35776475
0.34566435
0.995068
-0.16272105
0.5965354
-2.354817
0.22998342
-0.009520888
0.045936037
-0.33386397
0.33847338
-0.020774523
-0.57124674
-0.03272018
0.26935592
0.34218314
-0.33674878
-0.14926124
0.0034428465
-0.08683951
-0.4277733
-0.06755837
0.3200208
0.0121331
-0.08067104
-0.052088644
0.052461553
0.2539519
0.10774655
0.2446368
0.19263627
0.09425535
-1.079952
0.07380512
-0.118220955
0.26447523
-0.33136868
-0.1852876
0.16900624
0.26516813
0.12065038
-0.058484957
0.1687044
-0.25635913
-0.022739172
-0.15763263
0.10472697
0.13716923
0.41758245
-0.098035164
0.66478497
-0.77338624
0.24452412
-0.04206445
-0.057147264
-0.33565116
-0.09753833
0.059359286
0.4687215
-0.034188356
-0.0039106747
-0.94388163
0.001367703
-0.12583762
-0.14074036
0.5340861
0.20534626
0.330645
-0.015083125
-0.038386676
-0.2632296
-0.016064888
0.19197671
0.024525285
-0.11561034
0.1298381
-0.271457
0.21795708
-0.23902325
0.45379227
0.08488531
-0.33134004
-0.341847
0.26997015
0.25497973
0.056339037
-2.5043364
-0.33115384
-0.10243565
0.015017597
-0.1387651
-0.08785866
-0.25016773
-0.04929542
-0.07489374
0.09748388
0.07444239
-0.051444426
-0.11611013
1.1072643
-0.10638825
-0.17125219
0.21242437
0.0869985
1.439149
0.025978021
-0.004942704
0.076283865
0.2410087
-0.29446355
-0.4369806
0.024123197
-0.2509783
-0.11625534
-0.16119723
0.042483352
-0.12858644
-0.2593784
0.15291126
0.38453153
0.10290726
0.41376433
0.2378401
0.10606117
-0.12376446
-0.18812922
-0.24702011
0.03662455
0.090408154
-0.022216946
-0.32577017
-0.29409063
0.09181878
-0.14184551
0.05545493
-3.3314638
-0.3546405
0.1335933
0.15471284
0.17339398
-0.024428274
0.07618532
-0.14472327
0.02449445
0.22854692
0.21959224
-0.25481442
-0.15811089
-0.25190657
0.023351952
0.2636512
-0.31914762
0.104991
0.34481615
0.20593984
0.0037992669
0.1330907
0.19045013
0.40240014
-0.31163377
0.16775964
-0.19742209
-0.33163187
-0.4795856
-0.18692413
-0.31775114
0.14099804
-0.41509786
0.12806031
-0.027111258
0.024094308
-0.107891314
-0.24547835
-0.16888186
0.20360237
0.2686403
-0.0380051
0.0036126096
-0.2921333
0.013855591
0.051033195
-0.12833737
0.012020849
-0.16303264
-0.31582415
-0.16261981
-0.08913496
-0.23404898
-0.05294482
-0.17110845
0.10152083
-0.19071858
0.1316617
0.19593745
0.10177612
0.07362847
0.22664241
-0.13488881
-0.114671595
0.038081616
0.14330114
-0.06864448
-0.28037968
0.011301727
-0.26950282
-0.1866512
0.2655547
0.31530833
0.03512005
-0.116461106
-0.2210795
-0.23446287
0.21541739
0.15221116
-0.1506906
0.3349219
-0.06824538
0.049190152
-0.34558788
-0.33521777
-0.2998454
0.20619836
-0.20974326
0.13832006
0.15308346
-0.0045518195
-0.00448918
0.14060925
-0.020991385
-0.31210566
-0.20828305
0.27069965
0.13994597
0.11122919
0.16831873
0.03118732
-0.103052944
0.7962987
-0.007359363
0.06510766
0.27337986
-0.05014464
-0.08424724
-0.42804763
0.18932384
-0.12612318
1.0035279
0.31461102
0.023604207
-0.023793936
-0.20911136
-0.36410174
-0.14459248
-0.2294995
0.24340707
-0.35928285
0.3069259
0.09280307
0.17077547
0.19008987
0.26125526
0.31443444
0.16573924
-0.0030290873
-0.30498123
0.30960274
0.2427283
-0.008656466
-0.016076049
-0.17862263
0.2225038
-0.05194687
0.043496918
-0.20796697
-0.24797289
0.15925606
0.18963632
-0.22569524
0.055191647
-0.06434541
0.03820959
-0.30398044
0.12195167
-0.25955853
-0.120977834
0.44101778
-0.31088883
-0.14595947
0.35998896
0.1015891
0.0077310107
0.14474592
0.099570915
-0.350315
0.16012663
0.3071394
0.39783385
-0.30330658
0.045297742
0.3855392
-0.078549564
0.3285315
-0.051296946
0.077542186
-0.013743986
0.24556015
-0.019677255
-0.27497485
-0.20672032
0.0999633
0.0059142183
0.19580933
-0.0875667
0.1443712
-0.04727322
0.06283387
-0.00932894
-0.11561522
-0.27988517
0.052782368
-0.34691298
-0.13451296
0.25094518
-0.19522133
-0.2467993
-0.36927292
-0.099757046
0.3025318
0.2485313
0.16217002
-0.22354731
0.15117784
-0.13308941
0.3750001
-0.04195574
0.050178707
-0.15067625
0.17733023
-0.30008608
0.19481213
0.0490142
-0.16425398
0.11617545
-0.25446942
-0.011525294
-0.33026272
0.07597388
0.0045897095
-1.4440235
-0.39442286
-0.00691507
0.06405979
-0.17926495
0.1463109
-0.0018045545
-0.09693389
0.1452143
0.13428551
0.20672981
0.10857154
-0.024357487
-0.1748525
-0.22144751
-0.13367967
-0.3867735
-0.029775769
-0.043567955
-0.3091139
0.1911725
-0.1733368
0.022046467
-0.8250754
0.021582367
-0.7590647
-0.17101505
-0.31893176
0.4096347
-0.07632973
0.15665905
-0.17007962
-0.14686249
0.106389396
0.003797259
0.049781695
-0.22408849
0.016422316
0.14056483
-0.024350597
-0.46013105
-0.09518402
-0.33075458
-0.042977568
-0.043669593
-0.20354433
-0.043310266
0.14301725
-0.12106465
-0.19455771
0.12794861
0.31719178
0.020965857
0.3675647
0.40917692
-0.10890435
-0.2466098
0.22653043
-0.067734025
0.0671545
-0.13737957
0.07890147
-0.10596721
0.24125105
0.09022305
-0.3762587
0.038288683
-0.114599325
-0.0034769007
0.25683317
0.01685633
-0.12798971
0.009711256
0.08509469
0.06101697
0.047246635
-0.085125044
-0.32332075
-0.029418586
0.19373576
-0.21560448
0.18956797
-0.24423039
0.07685376
0.011481375
0.20792267
0.27482542
0.26133564
0.16186689
-0.19392046
0.097372375
0.15545674
0.07905416
0.095219344
-0.39726388
-0.34596163
-0.13227373
0.040662654
0.19437778
0.061452102
-0.24380866
0.23631692
-0.27938205
-0.01937173
-0.12179531
-0.1293285
-0.025611168
-0.19924258
-1.4074044
-0.0017084684
0.24126464
0.08211208
0.17974246
-0.28480294
-0.11754628
-0.22901654
-0.093380116
-0.0075574075
0.07043118
0.17775206
-1.1321884
0.11748992
-0.2757066
-0.119781554
-0.14315456
-0.13090833
-0.09538039
0.1787339
0.04936621
0.28779328
-0.35293305
-0.2713777
0.19836667
0.14082733
-0.19193894
-0.109627634
-0.21661355
-0.1546003
-0.22069086
-0.3851496
0.37302786
-0.30232477
0.21430671
-0.031624615
-0.03734986
-0.1703832
0.16172177
0.21669441
0.22682576
-0.27108675
-0.21530992
-0.2193671
0.22520854
0.093045406
-0.05180589
-0.038796872
-0.20097212
0.07022208
0.045934416
0.18689196
-0.25578007
0.028552035
-0.058616295
0.053875566
0.19127434
-0.15540937
0.060568556
-0.27611756
0.3230345
0.32864618
-0.28494987
-0.2882728
-0.074114695
0.06546039
-0.045762133
-0.040240187
0.10055384
0.08372809
-0.20401898
0.5364701
-1.3349661
-0.253982
0.115565404
-0.22111003
0.32294464
-0.27296993
-0.22986323
0.046756938
0.28413036
-0.24512133
-0.64466
0.30139834
-0.26364744
-0.17482609
0.13691376
-0.051125318
-0.16129333
0.32291055
-0.19223183
-0.58298296
-0.1482482
-0.2979639
0.33312452
0.1930713
-0.21618558
-0.11525603
0.48167166
0.2456044
0.22792445
0.019164234
-0.25386167
0.0241718
0.49005586
-0.08279715
-0.3149992
-0.1972499
-0.085288286
0.09333944
0.12578577
-0.2850693
0.054146588
-0.13181736
0.19034228
-0.06883735
-0.3171664
-0.049064625
-0.046037372
-0.13739844
0.09730834
0.16201891
0.06882591
0.1803869
0.2507895
-0.1610783
-0.29038194
0.30336332
0.103622556
0.23555206
0.30214477
0.095163554
-0.268319
-1.3437749
0.26510015
-0.31911522
0.18963838
-0.22516333
-0.3342627
0.02186808
0.24123761
-0.2720483
-0.1810313
0.3002771
0.05456863
-0.08600853
-0.06418937
-0.0805496
0.34207276
-0.29812703
-0.24072002
-0.27974465
0.26582807
0.09938419
-0.08887154
0.049290746
-0.12340109
-0.17890407
-0.03301625
0.21336268
-0.30431607
0.09916322
-0.093137816
0.31260714
-0.34619555
-0.33558375
0.08763708
0.1767778
-0.2715507
0.24995904
-0.13171694
0.2371417
-0.009447929
0.0062907706
-0.14770706
0.3040676
-0.5823551
0.08054608
-0.11057872
0.034478754
-0.06782206
-0.09953923
0.14788623
-0.28625897
-0.1849919
-0.3738182
0.24795106
-0.14101464
-0.2594387
0.02214911
0.031996995
0.2413896
-0.12463303
-0.17742692
-0.73723954
0.87295103
0.15195876
0.017962907
-0.28648844
-0.28330448
0.095261335
-0.22806118
0.21737488
0.078997135
-0.044740625
0.08180065
-0.08296444
0.1723023
-0.25148067
0.16187692
-0.3191985
0.010863731
0.090876065
0.19079363
-0.24050048
-0.31123295
0.28465122
-0.028033406
0.11592066
-0.027805628
-0.035091497
0.08190486
-0.16074444
-0.1408843
0.1710679
-0.010863382
0.32037625
0.46155474
-0.067056194
0.20832603
-1.0553979
-1.0439568
0.19474728
0.05321187
0.20546913
0.20661607
0.22019798
-0.13062192
0.45908707
0.12250986
-0.20945856
-0.1061527
-0.030905511
0.28267604
0.2753312
-0.08663751
-0.12384034
-0.16476142
-0.5169827
-0.120043434
0.23549289
0.13465685
-0.7268677
-0.18707192
0.28888
0.030136539
0.3132974
0.44543353
-0.20410986
-0.28047705
0.13401407
0.17547771
-0.06633419
0.20882994
-0.09711116
0.21303286
-0.00023342621
-0.26308754
-0.18076052
-0.08840798
0.020120656
-0.20846185
0.28817752
0.26440442
0.21862751
0.256821
-0.15826045
-0.16759549
0.18954307
0.041241612
-0.40010446
0.12395466
-0.0090265935
0.21369159
0.04589585
-0.11916815
0.054524854
-0.06815063
-0.1446644
-0.14072382
0.04291457
-0.029275797
0.42381388
0.038291022
-0.39284495
-0.1631864
-0.029895244
-0.018772751
-0.23175369
-0.09599305
0.07454629
-0.18296064
0.07160613
-0.17207977
0.1360744
0.08750313
0.1563823
0.0647398
-0.30336747
0.22391821
0.035349656
-0.03746148
-0.34863368
0.25337157
-0.075022504
-0.1846928
0.14823475
0.13416046
-0.13504292
-0.09632795
0.23176245
0.17875984
0.0341372
-0.12400988
0.15120251
-0.106048666
-0.06293071
-0.08111283
-0.06057713
-0.13682462
0.105980456
0.26963764
0.2884341
-0.26337215
-0.22930011
0.05432969
-0.40571153
-0.10207482
0.10643071
-0.16403045
0.011578998
0.29773325
0.083755285
-0.1086985
0.32789382
0.011259433
0.2059329
0.18507151
-0.37225375
-0.2248748
-0.25702864
-0.1711093
-0.09560907
-0.18986627
0.3908237
0.090065725
0.085193455
-0.14340253
0.048690386
-0.18969321
-0.031076144
0.05639844
0.07878789
0.065322615
-0.2329966
0.0063867304
0.00034110848
-0.0817498
0.10515101
-0.07968152
-0.09899855
0.018384255
0.23169926
0.03548502
0.21689378
0.16567783
-0.2079475
0.1460803
-0.11560641
0.11964425
0.30285323
0.34967643
0.101175085
0.22479673
0.34104526
0.095353685
-0.30537716
0.21544817
0.008799041
-0.094279364
-0.03548977
-0.19911599
-0.09106535
0.25172436
0.0702357
-0.3730115
-0.07338218
-0.023175519
0.062211033
0.15282105
-0.09191561
-0.0069969883
-0.329723
0.089959055
-0.13512935
-0.027598867
0.15260518
-0.10104807
-0.056800127
0.049706664
0.3562725
0.19866376
0.48490733
0.26228786
0.31246975
0.21122663
-0.03377896
0.34067392
0.054993946
0.052752264
0.17798766
-0.18921755
0.053539332
0.27719122
-0.12305866
0.07859093
-0.14701572
0.3382869
-0.2571847
0.26206395
-0.35103807
0.26483122
0.04125711
0.022493223
0.22381023
-0.28866392
-0.1919552
-0.32380256
-0.29077333
0.0011776764
-0.40043274
0.27913368
0.046764195
0.0005412097
0.049685773
0.08858505
-0.015778737
0.2349394
-0.17765623
-0.03427824
-0.3668694
-0.1874023
-0.12932745
0.31824824
0.08381653
0.2392872
-0.01358679
0.17421019
-0.073406175
-0.1850227
0.02963752
-0.031541437
0.12097191
-0.07785015
0.11441416
-0.18131167
-0.091919795
0.28872266
0.167191
-0.062346343
-0.13467862
0.012598681
-0.13111423
-0.13912137
-0.23984118
0.00889642
0.30611765
-0.016171051
0.26071152
0.14833006
0.8589355
-0.22636388
-0.2566522
-0.11757069
-0.20977706
-0.23339498
4.3501215e-05
-0.12393349
-0.03462419
-0.089659035
-0.07940044
-0.10555605
0.024879074
-0.15776367
-0.24051784
0.41864374
0.07238574
-0.014657698
0.06922175
0.27916297
-0.4263222
0.13070506
0.07553296
0.2074092
0.12479658
-0.014361309
0.17773935
0.19885711
0.16652079
-0.074413955
0.19266872
-0.0018327778
0.15666002
-0.24533734
-0.21616614
-0.17510413
0.20162831
-0.7168588
0.2858742
0.22491018
-0.22403166
-0.18871891
-0.18622693
0.3909237
0.28175002
-0.3164899
0.16750118
-0.11599152
-0.2964525
-0.28979102
-0.071894996
-0.22357623
0.039844867
-0.11246535
0.2641424
0.020912075
0.12912346
-0.2193359
-0.29227328
0.2309511
0.29434305
0.06772976
0.15193762
-0.19494057
0.12511419
0.24751315
0.01304464
-0.08472902
-0.08208409
-0.23394798
-2.4111896
0.0890688
-0.278565
0.13841963
0.19023089
0.22198904
-0.06347323
-0.00011210166
0.2078417
-0.08482892
-0.12094785
-0.26070002
0.1078823
-0.25391254
0.39353237
-0.1955426
-0.35106784
-0.326024
-0.20715383
0.028911766
-0.087248094
-0.13015503
0.042802617
0.13419186
-0.47821665
0.071032755
-0.1125805
0.29964584
-0.32194868
0.120075315
-0.12437519
-0.12472427
-0.2752017
0.4445535
-0.052303027
0.31127
0.18053284
0.31405336
0.29397762
0.014241392
-0.14457433
-0.2193663
-0.083109796
0.26530555
0.00617039
-0.13132799
-0.004522264
0.0048198104
0.1183762
0.32954192
-0.3329878
-0.058829002
0.11760042
0.14714384
0.25833666
0.33612177
-0.046530124
-0.13417965
-0.2626092
0.3261211
-0.3224871
0.09660504
-0.16517416
-0.43977118
0.1876169
-0.16252257
0.3174704
0.33331856
0.05353698
-0.067055896
0.2375518
-0.006125257
0.20135726
0.220872
0.31491256
-0.22839013
-0.10980047
0.12958314
-0.18067953
-0.24394377
-0.40314725
-0.36813706
0.0017230224
-0.2685675
0.04989183
3.7252903e-05
0.33139753
0.11817312
-0.078468844
-1.1298254
0.18326506
0.0036269098
0.2963051
-0.35147014
0.32444626
0.18559445
0.11570954
-1.4132838
0.21737033
-0.31548765
0.07602197
0.352935
-0.1821866
-0.6858875
-0.24598154
0.16818249
-0.034221712
-0.040177703
-0.045029286
-0.02966798
-1.6779234
-0.0022921718
0.16934735
-0.022051286
0.06509546
0.35731414
0.25005737
0.02799527
-0.091828555
-0.314518
-0.09740366
0.0711211
0.49767396
-0.2565281
-0.27419698
-0.6167574
-0.031716213
-0.3028473
0.11214203
-0.073593125
0.2680894
-0.24599089
0.157018
0.11214091
-0.21967518
0.17207314
1.1493205
0.11120191
0.27031818
0.19880673
-0.1589216
0.43995312
0.18440701
0.30994228
-0.2871391
-0.14276728
-1.2121311
-0.32057258
-0.5141101
0.15040916
0.33087075
0.28972888
0.1383731
-0.2679433
-0.7194237
0.06655742
0.0300938
-0.06711497
0.22074558
-0.16660011
0.250589
-0.010315239
0.124984644
-0.117574364
0.0183032
0.008087361
-0.20433034
-0.42365482
0.27592725
0.16266036
-0.18696186
0.00566514
0.007491475
-0.5295541
-0.44052783
-0.12337592
-1.6218718
0.36362004
0.020908803
-0.045463454
-0.23963258
0.24538286
-0.3293248
-0.14466015
0.21671215
0.21242651
0.1972501
-0.121913
0.19283484
1.282798
-0.27977175
-1.0141228
0.10509588
-0.32303408
0.28730503
0.82336044
-0.14595148
0.08968738
0.26435316
0.4458831
-0.103861
0.30711353
-0.11470699
-0.17666471
0.27883887
-0.06357876
-0.20270163
0.17058611
-0.053454287
-0.13595204
0.08710223
-0.08694706
-0.079823405
0.2060388
-0.08975324
-0.25430074
-0.26286075
0.08070769
-0.3297494
-0.013650103
0.09123484
0.10679614
-0.20623286
-0.26679423
-0.118219696
0.31779596
-0.2919735
-0.009953916
-0.12855498
-0.35561585
-0.22256087
-0.06929634
-0.103544034
0.044856515
-0.12880272
-0.011868963
0.48172644
0.09808889
0.06707257
-0.15337533
-0.2635073
0.29162994
-0.07637131
-0.22449493
-0.2554297
0.39925173
0.103076816
-0.014707424
-0.12315062
0.023260005
0.008728861
0.33750665
0.25942934
0.11349082
-0.08952674
0.2865322
0.16230251
0.2779575
-0.024936387
0.27259135
-0.9262869
-0.19467579
-0.39531904
0.09410198
-0.11355202
0.001080207
-0.065458536
-0.10589744
0.36404213
-2.768035
-0.010016266
-0.27821386
-0.03059346
-0.32814574
0.021428062
0.36117032
-0.14182624
0.06569045
-0.57444596
-0.06007877
-0.24277501
0.029652389
-0.13892914
0.18370812
0.3097214
0.25806305
0.28103495
0.040579416
-0.2990986
-0.3149442
-0.22672531
-0.28204894
0.19908969
-0.24759026
0.1527343
0.19661978
-0.3356486
-0.05592673
-0.06343764
-0.3577897
0.047168218
0.16365445
-0.1264236
0.09796509
0.23197675
0.011515926
0.20692123
0.4196425
0.11820777
-0.12762797
-0.16216189
-0.68719715
0.14481069
-0.75563
-0.2378487
0.24892068
0.11559939
0.14241968
0.5254128
0.14282912
-0.0333655
-0.053689033
-0.31020868
-0.24827862
0.15237522
0.023660632
-0.1348495
-0.004805113
-0.14491116
-0.15341073
0.17931867
-0.01776487
0.061924107
0.25970775
-0.06937157
0.07564816
-0.20041254
0.12117126
-0.23936372
-0.27197254
0.07143807
-0.03327506
0.14933795
-0.021208376
0.2813242
0.122145474
-0.1279671
0.17922711
0.32502258
-0.12726305
-0.17009705
-0.15633968
0.13705686
0.15535519
-0.11107204
0.16366576
-0.52286744
-0.13458227
-0.054900795
-0.24483623
0.26662976
0.02488303
0.30749324
-0.08606265
0.21518631
-0.14234869
0.30224702
0.014538629
0.057267338
-0.18585105
0.17757225
0.26116565
0.120826386
-0.0469997
0.2185338
0.0821219
0.027365066
0.11552438
-0.06812205
0.12863886
0.31004748
-0.21025974
-0.29426932
-0.05968957
0.09712758
-0.08491379
0.16908567
-0.020333648
-0.19800167
-0.024383688
-0.12249047
0.011231095
0.053400464
0.32950342
-0.10761259
-0.16010372
0.18865979
-0.30413666
0.16298798
0.027334537
0.1333973
0.11253311
-0.15058875
0.08727934
0.37086177
-0.28619888
0.03285587
-0.3064596
0.08029295
-0.33005732
-0.37417176
-0.09690598
0.3131638
0.14577696
-0.32503432
0.19992214
-0.25461543
0.04480471
-0.08545388
0.38581967
0.002539105
-0.27944934
-0.06892792
0.19138592
0.056511402
0.06768659
-0.21393296
-0.18112022
-0.18973614
-0.19450195
-0.3444461
-0.22644387
-0.031099662
0.051897652
0.034835752
0.2746027
0.08118165
0.14128079
-0.23674718
0.086942285
-0.1941426
-0.3291968
0.20188975
0.22315842
0.16212584
-0.040774915
0.21150634
-0.368977
0.051433716
0.0020717825
0.08231939
-0.21240154
-0.09536014
0.009523756
-0.20579056
0.062004697
-0.3276621
0.15836604
0.035277516
0.26486072
-0.28343734
0.0808811
-0.027706757
-0.32482466
0.26146123
0.046325624
0.017022168
-0.14895977
-0.026897386
0.10534413
0.15438798
0.070186555
-0.092104934
0.3107685
0.1283018
0.031790342
0.044651013
0.064360686
0.22522998
-0.14551519
-0.20308024
-0.06731391
-0.24991836
-0.09727091
-0.1110182
-0.29388964
0.012172589
0.53708506
0.06492439
-0.09659991
-0.11045702
-0.23735562
-0.00036403918
0.12080574
0.104345605
0.04990824
-0.38774624
0.33866513
0.1700372
0.08035603
0.22641426
0.21757454
0.26257885
0.22139332
-0.32242206
-0.15670145
0.3451283
-0.12083338
0.2274352
-0.22042201
-0.27215546
-0.028531343
0.155594
0.19812904
-0.01006226
-0.11273484
0.079949096
-0.18609476
0.16872668
0.024491046
0.19844566
0.22909716
-0.37649632
0.05928321
-0.12686925
0.13613263
-0.080198556
-0.15351072
0.15875335
0.22475396
0.4479017
-0.31386608
-0.09975922
-0.01108494
-0.1560126
-0.080437236
0.16326365
-0.3114819
-0.05979246
0.21860415
-0.02775543
0.02167857
0.28871864
0.16733967
-0.035680313
-0.08600825
0.12360926
-0.29613844
0.33726782
0.22086921
-0.3638481
-0.21434504
0.08419609
-0.16947396
-0.24424873
-0.27101624
0.10441564
0.24839742
0.14060819
-0.10608529
0.15296568
0.014835313
-0.20881325
0.038882256
-0.036789734
-0.41137177
0.25936615
0.24414304
-0.038676713
0.21020228
0.17513807
0.32602045
0.2961563
-0.10894895
0.02901883
0.01881685
0.06715112
0.23276
-0.090449184
-0.16810362
-0.04070837
0.18858947
-0.24116468
0.3590382
-0.009129552
0.080381244
0.18874404
-0.103157744
0.14824785
0.22605915
-0.20699827
-0.23750234
-0.08526094
-0.13275766
-0.239616
0.3465197
0.3279627
0.2818912
-0.034961283
-0.16151154
-0.05026517
-0.11078547
0.20858192
0.18936864
0.23990555
0.1994109
-0.58408326
0.26196423
0.25575364
-0.09095341
-0.19684003
0.18774042
-0.16809645
0.13282752
-0.17936891
-0.13512725
0.009692296
-0.24243988
-0.20176534
-0.049818072
-0.3130147
-0.38835773
0.16258352
-2.3140463e-05
0.001196361
0.09006361
-0.039359223
0.07415296
0.22347295
0.31639057
-0.02040988
0.25991398
0.233494
0.13995574
0.15843977
0.36395878
-0.0059640203
0.2679778
-0.3002075
-0.18144193
0.03245796
-0.2850093
0.22555268
-0.15907894
-0.23747452
0.048151508
-0.08373061
0.07181642
0.13285656
0.19404499
-0.028042573
0.30114982
0.322521
-0.031886164
-0.26733282
-0.09012299
-0.24330966
0.33019254
0.08158977
-0.26595604
0.0318099
-0.038359694
0.23857458
-0.33596832
-0.24211799
0.41161478
0.26068544
-0.23478805
-0.14655349
0.1968404
0.20423082
-0.028904134
0.30318883
-0.025879387
-0.18116555
-0.20884514
0.26669204
0.079883754
0.31561998
0.24405675
0.06726846
-0.16879338
-0.25930327
-0.26584375
-0.30016428
0.26220575
-0.05911905
0.13046305
-0.15053956
-0.033873618
-0.35562664
-0.22685882
0.24951112
-0.10776659
0.09904421
0.30373928
-0.10657747
-0.41771525
-0.17957653
-0.30815905
-0.19083391
-0.58164674
0.26979923
-0.06277906
0.12441353
-0.11383418
0.44633976
0.32951516
0.092208736
-0.1892064
-0.42433864
0.028417401
0.8072196
-0.8241494
-0.6762003
0.27785102
-0.06840365
0.26719102
0.045747608
-0.083647616
-0.31617364
0.1004512
-0.58483666
0.25577345
0.16794883
0.19611478
-0.07209192
0.27641004
0.050006628
-0.13865945
0.7052888
-0.046276204
0.3143555
0.13132063
-0.49823862
0.29430783
-1.4611229
-0.08275306
0.3980701
0.34439933
0.66045016
-0.11221967
-0.20703569
0.12672807
-0.124510065
-0.19015375
0.6029526
0.13816932
0.041927695
-0.2099908
-0.56020147
0.10431865
-0.07911041
-0.2595476
0.26894602
-0.10495268
0.18462385
-0.19133517
-0.6105097
0.41208512
-2.6416698
1.5121278
-0.14895986
-0.34103727
-0.07845861
-0.0007967085
0.107444435
-0.22015098
-0.22160576
-0.1589753
0.11518027
0.1123931
-0.09311365
-0.13063224
0.42755598
0.04002614
-0.2625128
-0.05959525
-0.46470276
-0.14844234
0.20872398
0.13783014
0.7051206
0.18515803
0.2790618
0.66887164
-0.16485137
0.094651364
0.37214038
0.9883881
0.23708399
0.21826884
0.33275658
-0.010265854
-0.1240644
-0.26796743
0.505014
-0.19906926
-0.766263
0.36524466
-0.1685722
0.14204167
0.33297685
0.138008
0.21698695
-0.27069297
-0.43681753
0.18368769
-0.059988208
0.2721084
0.2469525
0.36859083
-0.3090005
0.18277426
0.28986615
-0.28219658
-0.15654707
-0.12361499
-0.3389993
-0.21286598
0.41941378
0.10056927
0.042838495
-0.20745532
0.5445525
-0.35871056
-0.30630174
-0.023407578
-0.12560727
0.0681888
-0.009251257
-0.15914854
-0.024554264
-0.43367445
-0.3491237
-0.2383824
-0.011758895
-0.14525579
0.15908366
0.40370044
0.13895012
0.22854796
-0.24402493
-0.024723606
0.0926298
-0.30094692
0.16310771
0.6445535
-0.20366912
-0.22291999
0.17459552
-0.21790469
-0.37241906
-0.029175078
-0.28653702
0.2867588
0.4431454
0.10131574
-0.24108142
0.0035465674
0.035557304
0.19613309
-0.15256639
-0.2791584
0.2945487
0.06777826
-0.18741064
0.25457436
0.04693821
-0.19721295
0.18834952
-0.315496
0.22320469
0.22846241
0.11037315
0.20390822
0.36404467
0.19625114
0.21120784
-0.17076644
0.41140655
0.30546254
-0.27178288
-0.046355177
-0.37392974
0.16455355
-0.30560452
-0.0965973
0.17695455
0.019569507
0.8045312
0.09403927
-0.19709486
0.15941474
-0.21850903
0.5460125
0.17338626
-0.08114356
-0.26164576
-0.112749286
-0.22812474
0.10627308
0.07645042
0.46971348
-0.101486646
0.06358175
-0.042056832
0.4809732
0.22377348
-0.06027225
0.051101305
0.09366571
0.08729307
0.15402743
0.16183747
-0.20415242
-0.093660414
-0.13891445
0.03775394
-0.21171634
0.10058339
-0.8487401
0.061164226
0.1790775
-0.013174951
-0.012837826
-0.29552153
-0.6408061
0.052204244
-0.057609342
-0.064964645
0.08569994
0.082866795
0.010100114
-0.23191766
0.07221186
0.30905256
-0.16189383
-0.11694443
-0.1702359
0.033246234
-0.034980156
0.2603438
-0.16775912
-0.05595825
-0.009575092
0.08583486
0.032308638
0.21446402
0.34576476
-0.18618421
0.101130545
0.12105539
0.10248352
0.26355734
-0.057229232
-0.020878015
-0.12265232
0.26349914
0.07568947
0.09614878
0.32692045
-0.059834108
0.21559508
0.2097247
0.2547847
-0.27385452
0.49758327
-0.078286916
-0.0056565925
-0.037145596
0.17526868
0.26791805
-0.023965305
-0.23605224
0.2923503
0.11358833
-0.22738163
-0.11257396
0.28383085
0.18202414
-0.1596615
-0.03846951
-0.17819543
-0.06495943
0.007015491
0.101794675
-0.2556453
0.10202926
-0.019241221
-0.00593293
-0.005543232
-0.21648063
0.16260238
0.17096458
0.048046
-0.3314255
0.3086217
0.4675489
-0.09729877
-0.031390294
-0.050481945
-0.14097506
-0.027928831
-0.2215165
0.09797077
-0.21654558
-0.17125459
0.22608148
-0.050750747
-0.0676063
0.31867912
0.18523881
-0.2872502
0.1825765
-0.015125903
-0.11476205
0.20846376
-0.026085738
-0.082391135
0.06547224
0.0011812386
0.1107625
-0.14179188
0.28690368
-0.19235472
0.030348593
0.1787102
-0.05779311
0.1494762
-0.4486854
0.04643128
0.009923424
-0.34759688
-0.06524606
0.20579252
0.23864189
-0.30775452
-0.20930752
0.0372254
-0.028897723
0.15617578
0.20390514
-0.03188899
-0.04581717
0.22556694
-0.13245574
-0.29028523
0.0757892
-0.22306201
0.32181534
0.17396985
-0.1328341
0.13318133
0.15509827
-0.023322875
0.15515636
-0.2632009
0.064742774
-0.009691581
-0.40970993
-0.09229048
-0.20221826
-0.002500085
-0.17336233
-0.33632976
0.2692748
0.26709658
0.23293689
-0.13644077
0.054728907
0.124575846
-0.12668276
-0.19996092
0.2544013
-0.25799075
-0.07010501
-0.11946982
-0.15826806
-0.4525285
0.31304726
-0.15580076
-0.25855756
-0.09241607
-0.046242878
0.24367224
-0.2466871
0.17705697
-0.2059274
0.008914015
-0.24533677
-0.24978498
0.136662
-0.18872495
0.28160462
-0.08917191
0.2984643
0.29302448
0.3276743
0.0009956744
-0.04316902
0.05479594
0.29583463
0.13213192
0.20576596
-0.2792046
0.2262361
-0.39210555
-0.281352
-0.24633504
-0.08026572
-0.2664597
-0.073452026
0.11619909
0.12328111
-0.18399198
0.10542971
-0.22028016
-0.17893611
0.2568473
0.07168084
-0.15224881
0.2443107
0.3824116
-0.21072309
-0.35084838
0.09846306
0.25056425
-0.090699494
0.15137771
0.06351184
-0.19199443
0.25687417
-0.28564528
-0.2692272
0.15146378
0.20893882
0.19753955
0.13342465
0.27685136
-0.020578926
-0.24241468
-0.029585108
-0.1124822
0.07594787
0.07926301
0.01598941
-0.23882587
0.2071746
-0.056320038
0.100735
0.15769744
0.1063217
0.14572108
0.120772585
0.081270985
0.25956756
-0.42338553
-0.15916115
0.047869727
0.06277684
0.17942083
-0.2799878
0.05747184
-0.09941096
0.05949759
0.29848415
0.113780715
0.29733393
0.2082725
0.11358562
0.2981969
0.13035
-0.20469013
-0.06403679
-0.2425986
-0.00810866
0.0888973
-0.06314251
0.21840587
-0.28227893
0.028054126
-0.2615083
0.13470231
0.20946248
0.3330248
0.35247073
-0.18483078
-0.06616183
-0.33244732
-0.2751449
-0.42587045
0.10369987
-0.3744277
-0.058138266
0.09531927
0.005052577
-0.050828245
-0.08907884
-0.2078472
0.01573239
0.22078454
0.17591558
0.3347181
-0.064541325
-0.11800528
-0.02154289
0.06332771
-0.14863016
0.16031952
-0.19701998
0.16560638
0.32918295
-0.09663971
0.17960477
-0.045125064
-0.0040878467
0.21839684
0.15676509
-0.039099824
-0.20484212
0.2136021
0.095176905
-0.062095523
0.07108756
0.14734676
-0.110549115
0.37420696
0.118676126
0.04369477
0.06517067
-0.22094147
0.3201664
0.033892006
0.27742845
-0.12644109
-0.09658764
-0.16236418
-0.29882747
0.27619863
0.06984266
0.31729367
0.068372406
-0.1897228
-0.12038797
-0.2377912
0.28801703
0.1897675
-0.22540785
-0.22318998
-0.060290024
-0.20655276
0.012960055
0.16804004
0.19722424
0.016980408
0.21640071
0.33914775
0.027068859
0.30191112
-0.28011307
0.3490789
-0.25658193
-0.24899991
0.26724705
0.17124963
-0.052041072
0.11934537
0.2324939
0.07426786
-0.23328002
0.1774978
-0.056094702
0.028413992
0.03354091
-0.316055
0.254412
0.2416642
0.23523617
-0.1607168
0.07631284
-0.31853724
-0.2528106
-0.15458676
-0.294802
-0.43010616
-0.045028232
0.9601776
0.4531298
-0.16963612
0.099159695
0.03393083
-0.44528008
0.18154101
0.43614003
0.23262943
0.25857058
-0.5399852
-0.21014695
0.05789386
-0.1937048
-0.053024244
0.115788616
0.6291231
0.123340845
-0.16188696
1.0178814
-0.071005225
0.20766667
0.3526779
-0.20826787
0.16160247
-0.44220337
0.18615596
-0.06654136
0.020339463
0.059860084
0.09589211
-0.25885758
-0.18528314
-1.9164842
0.15112616
-0.14683744
-0.6307503
0.2317963
0.189089
0.2795609
0.0041439594
0.3154071
0.25426573
0.23391731
0.03769365
-0.17028067
0.60680836
-0.7952192
0.122305214
0.035006996
0.035303116
0.12335752
0.13624991
-0.592357
0.14411816
0.28209355
-0.029614247
0.3660906
-0.26596513
0.2093973
-0.14142728
-0.20941359
0.04249059
-0.09838538
-0.10850896
-0.15355012
-3.1575594
0.34316528
0.2750362
-0.15117009
0.19469728
-0.30346853
-0.04110095
-0.35214835
-0.48362526
0.056357168
-0.598874
0.101595946
-0.42292947
-0.25172034
0.7487092
0.070010096
-0.22115296
-0.20514558
-0.047246996
-0.3076153
-0.28629485
-0.37632817
0.06970731
-0.18555945
0.053808846
0.9820805
-0.6991415
0.3631242
0.26585922
0.21139607
-0.035884127
0.22259168
-0.0131810615
0.38630173
0.14706449
-0.034740273
0.16064785
0.2507388
-0.23148371
-0.18599626
-0.008407618
0.047814924
-0.1864079
0.5389497
0.019542027
0.10703434
0.820809
-0.55267495
-0.57465166
-0.10631963
-0.32111636
0.03889036
0.16483235
0.085869506
0.10985626
-0.05981827
-0.3723541
0.1421317
0.40799344
-0.08725398
0.21201153
-0.18600138
-0.021442106
0.025540872
-0.023788685
0.063877076
-0.11268884
0.07266398
0.041185845
0.20453691
-0.5866864
0.050857242
0.2823252
0.4261027
-0.17790689
0.32023084
-0.31928444
0.15665194
-0.2980137
0.13139427
-0.02488761
-0.0619916
-0.12593387
-0.04497989
-0.060935494
0.15493613
0.2044636
-0.11359194
0.2638164
-0.20724164
-0.2451624
0.04834331
-0.17195432
0.04500685
-0.06765936
-0.26263815
0.229776
0.14212316
0.13605604
0.12368488
-0.119962975
0.01870474
0.12887639
-0.337086
0.30908835
-0.049340926
-0.04444539
0.19654593
-0.056268804
0.022967597
-0.056744274
-0.87299615
0.038503606
-0.025351968
0.15814541
-0.16286428
0.08831092
-0.02754801
-0.14895275
-0.2687556
-0.81424326
-0.20125608
-0.2731789
0.12149618
-0.05171116
-0.032760136
0.2887212
-0.90743154
0.095797755
-0.032094564
-0.09744759
0.0279858
0.22546303
0.10756701
0.18961458
0.27124774
-0.006639942
0.065127075
0.2891266
0.2124284
0.1847796
0.11970238
0.0053424337
-0.13521728
-0.3205059
-0.01949137
0.4179767
0.08395967
0.15724273
0.046035774
-0.291763
0.116594546
-0.2394102
0.15151912
-0.40435418
-0.40358198
-0.33394322
-0.057839107
0.2946052
0.20821318
0.1057225
0.18566163
-0.15180092
-0.15246554
0.11515501
-0.035551406
-0.099221155
0.022322683
0.2142416
0.3500888
0.15465838
0.33059472
-0.09804997
0.10103091
0.2689098
-0.19469173
0.028700767
-0.12178605
-0.36968523
0.2580297
-0.2649102
0.29296154
-0.28158435
-0.067800835
-0.0550233
-0.11555171
0.03771748
-0.28715816
-0.17987804
-0.05618813
-0.2764568
-0.39513123
-0.08367093
0.63119686
-0.31150398
-0.1907034
0.3995433
0.07135493
0.29064366
0.13737813
-0.2706329
0.07892159
-0.23149574
-0.047076356
-0.19020286
-0.25911418
-0.40075687
-0.022039568
0.13908198
-0.29577038
0.17068736
-0.20666187
-0.26015317
-0.16601281
-0.123080164
-0.17872089
-0.30379602
0.047237244
0.11334032
0.014270193
-0.0003550503
0.27938074
-0.04081393
0.17643741
-0.08708075
-0.10741664
0.37601057
-0.25249273
-0.11367568
0.07148419
-0.12597823
-0.11016994
0.20441875
-0.10924425
0.4817758
0.07036402
-0.041431077
0.15723662
-0.17393585
0.29112637
-0.100012235
0.18713713
0.4523563
0.29317948
0.16232276
0.1531335
0.2802208
0.01607273
-0.2424455
0.023530122
0.050902683
-0.07675558
0.1693523
-0.06786677
-0.24643095
0.20580913
0.10166595
0.2135079
0.17004976
-0.06527686
0.04793507
0.2525591
0.024128525
-0.0060608615
-0.020096792
0.09931659
0.13777539
-0.3050268
-0.14521304
0.11844543
0.08275594
0.2532979
-0.07604078
0.20018141
0.09415842
-0.068021536
-0.19939241
-0.13566399
0.0026361356
-0.047229055
0.050084826
-0.35701567
-0.13660225
-0.33832178
0.26379263
0.098377265
0.16372621
-0.069623925
-0.008405417
-0.10131076
0.17078751
-0.46062416
0.055553753
0.1502779
0.072525084
-0.10569978
-0.2638716
0.21728267
-0.35276073
0.17289768
0.2753426
0.17688504
-0.08412123
0.07767172
-0.29148668
-0.112445384
-0.21622999
0.015423153
0.04604156
-0.29432142
0.26077434
-0.10606056
-0.2896385
0.19648795
0.07337731
0.14716071
-0.10592821
0.1922986
0.09071326
0.06815045
0.08666384
0.10358282
-0.16814938
-0.044349108
-0.16920671
-0.2670405
-0.40776113
0.044128492
0.057754327
-0.009173929
0.29711223
0.033608817
-0.32414767
-0.37057385
-0.060042158
-0.10742627
0.2579103
0.121336766
0.19591802
-0.025604239
-0.13584125
-0.30398583
0.09037175
0.09547541
0.14179397
-0.12936343
0.26997292
0.1357302
-0.32867682
-0.2231095
0.1035657
-0.057484202
-0.0957751
-0.28640094
-0.23936053
-0.14454539
0.30897444
0.2036377
0.12224418
-0.07836077
-0.08494229
-0.37402305
-0.14126153
-0.2704566
-0.22041418
0.15274616
-0.27763012
0.068581395
-0.05729938
-0.22263242
-0.03639903
-0.13066529
0.07807383
-0.24054062
0.01574955
-0.3080877
0.16653632
-0.082142584
-0.68267536
0.24603847
0.23890215
0.30394942
0.13919151
0.2597057
0.021256652
-0.13992882
-0.32743868
0.33656
-0.286805
-0.0682376
0.086018056
-0.20813552
0.057202797
-0.04719
0.36534703
0.012192388
-0.27728724
0.15945792
-0.17841807
-0.17130305
-0.08702802
0.26517197
-0.18509315
0.08949889
0.054649264
0.13752416
0.10268817
0.24449359
0.34085703
-0.2811694
-0.09728241
0.07492878
0.2511961
0.29000458
-0.21524844
-0.14102256
-0.32189053
-0.084798045
-0.24003929
0.17419802
-0.031110184
0.27214885
-0.38892475
-0.17099859
-0.114892535
-0.24984768
0.25274634
-0.091262
0.31547955
-0.1052377
0.037326545
-0.16473061
-0.19882649
-0.23184104
-0.14798199
-0.0354103
-0.15558338
0.24577609
0.1741655
-0.38492754
0.03880968
0.31434134
-0.20537606
-0.23713472
-0.2687399
-0.18245406
0.11140236
-0.060859066
0.22123417
0.2711753
-0.051953334
-0.18210003
0.12955497
0.29618844
0.0992615
0.013022959
0.3138325
0.3370314
-0.29756135
0.26789066
0.05019472
-0.13411593
-0.105827145
-0.118699096
-0.2816327
0.28884393
-0.040762383
0.13182338
0.15907705
0.031919856
0.250784
0.15629463
0.19976304
-0.0013619277
0.31646213
0.15017545
-0.110734425
0.18073416
-0.29249293
0.028864566
0.05866914
-0.1430086
-0.047426164
0.08513213
0.055375177
-0.18180294
0.023098947
0.21775003
0.16848764
0.06624798
-0.08030416
-0.1844485
0.2716356
-0.20137648
-0.30230618
0.2196499
0.0062390636
-0.09142803
0.17844906
0.28047174
0.24609847
-0.2600678
-0.18910149
-0.093478754
-0.21902634
-0.079583116
0.16218327
0.37843436
0.25456595
-0.0004723908
0.22044885
0.33328307
0.042261925
-0.01046899
0.258414
0.041602656
0.22343968
0.05112863
-0.20798658
-0.10069798
0.12872341
-0.14698651
-0.26362044
-0.3151707
-0.028702792
0.11050324
0.23208398
-0.20029347
-0.016565274
-0.16496226
-0.07939097
-0.12617332
0.039071057
0.050558694
0.05702465
-0.009395016
-0.0094829565
-0.016951697
0.019618666
-0.024738448
0.0058903503
-0.048431855
-0.065214984
-0.10101191
-0.013295945
0.0
0.08804953
-0.044012148
0.10590393
-0.026610712
0.032093503
0.055416323
0.0121568795
0.07510849
0.0
0.026394986
-0.048282705
0.07539076
-0.07353018
-0.043531395
-0.045955546
0.033822082
0.04577938
0.04717105
-0.024499165
-0.021950496
0.0116902655
-0.03795469
0.0178467
0.06677917
0.0034396523
-0.045525312
-0.014847931
-0.037854593
-0.11627033
0.0
0.00479722
0.06832771
-0.013682592
0.049199674
0.013791699
0.03421159
-0.0930838
0.01192947
0.0
0.028672777
0.02498791
-0.06723733
-0.08848421
-0.035263915
-0.02487432
0.14456527
-0.05573142
-0.04002517
0.1329041
0.01630877
-0.061875112
-0.018177263
-0.02336985
-0.014715786
-0.048027225
0.0058266832
0.040227126
-0.009474024
-0.016552208
-0.06412556
-0.014976863
-0.016107332
0.040586628
-0.029852493
-0.0019161954
0.080532454
-0.033718154
0.0
-0.012950997
-0.11154391
-0.030175727
-0.09716529
-0.0800771
-0.02000053
0.0063176863
0.037981834
-0.025466435
-0.0568101
0.051525332
-0.0045414995
-0.033000685
0.06761854
0.00651484
-0.0131005
-0.057383724
0.017463926
0.009799214
-0.015550673
-0.038078297
-0.09067979
-0.004323963
-0.012263709
0.06914118
-0.048741207
-0.0032924186
0.003701276
-0.050421514
-0.018558625
-0.07159144
0.00022958426
0.01994785
0.004735957
-0.07436595
-0.04426265
0.0
0.4088187
0.3120957
0.08584846
0.31303504
-0.09568836
0.058751952
0.070681736
0.13828906
0.11556069
-0.0853853
-0.028565569
-0.14421476
0.30199566
0.25460568
-0.0033619106
0.13708852
0.07803149
-0.34102112
-0.11515898
0.1342682
0.06858796
-0.20392483
0.17164586
0.15718302
0.06576426
-0.08018589
0.18225682
-0.17639157
0.17386483
0.32456464
0.17936285
0.061825074
-0.17088641
0.141218
0.09111134
0.063122176
-1.3830549
0.117228754
0.013925905
-0.09862245
-0.005634375
0.054524526
0.51269114
-0.4283874
-0.13442338
-0.110147946
-0.18416484
0.008190371
-0.32819402
0.14159223
-0.1323819
-0.39975098
0.21211834
-0.14280482
0.16262482
0.09527729
0.17867704
0.085373506
-0.08913087
-0.16814388
-0.3630617
-0.08847621
-0.14313917
0.41354504
0.023653258
-0.17275818
-0.156077
0.1615478
0.10619722
-0.18979251
0.11006357
-0.10145076
-0.022138646
0.09309088
0.11747599
-0.1559335
0.07364035
0.09096353
0.037442338
-0.18987116
-0.25320268
0.017958382
0.14462414
-0.13152777
-0.3376122
-0.078070834
0.27737153
0.79814374
0.06839869
0.049340837
-0.075039424
-0.19632195
-0.11415145
0.054878898
0.28621686
-0.08356589
0.22782218
-0.15882121
0.22025792
-0.13784967
0.15249953
-0.2148024
-0.051090818
-0.072607264
0.2877615
-0.15730867
0.06091043
0.063450694
-0.093806684
0.035764948
-0.064762756
0.12707601
-0.0811781
0.38727337
0.07002517
-0.24571267
0.24866457
-0.4262511
0.1892486
0.007129416
0.014920932
