49
2
120
1
relu
line
1
1
0.22195452
-0.18659987
0.017543884
0.023536598
-0.27919742
-0.018397052
-0.22169824
-0.23859942
-0.119040355
0.15958995
-0.14855176
-0.47579214
-0.72168404
-0.12193224
0.33066112
0.2368967
0.33197445
0.15389931
-0.34612012
-0.6629708
0.12829155
0.09434826
0.11990466
0.18494308
0.058697723
0.28701827
0.1728363
0.29962438
0.18478084
0.33072832
-0.30063933
-0.028768951
0.18956405
0.18392184
0.2536457
0.23023479
-0.024380416
-0.03367026
0.18302661
0.17512983
0.35074896
-0.21099232
-0.22809777
0.015841302
0.10389164
0.21836537
0.017631063
-0.01994665
0.25292873
-0.34180638
-0.15193145
-0.083938725
0.013039512
0.13709086
0.26883295
-0.54631114
0.0048161303
0.21521097
0.014898667
0.09962107
-0.067180194
0.05045337
0.046183977
-0.009328298
0.07697918
-0.2765432
0.15689406
-0.01333509
-0.29326832
-1.805491
-0.27115366
-0.04957106
0.122718334
0.3711713
0.10615316
-0.34560776
0.24830776
-0.3612435
-0.44329166
0.030053172
-0.26524472
-0.28431872
0.20783421
0.107688904
0.22180982
0.18770856
-0.209507
-0.22603689
0.023868114
0.26656023
-0.32373548
-0.020728424
-0.14128923
-0.009561425
0.09320879
0.28130072
-0.140292
0.14748737
0.1043674
0.21694499
-0.19498155
-0.031272978
-0.3023711
0.21631876
0.24119996
0.14929682
-0.061988212
0.07433617
0.22529106
-0.06905917
0.21122926
-0.20530924
0.26757556
-0.2215676
-0.03998213
0.40911853
-0.44069952
-0.051049702
0.074487664
-1.2052916
-0.35893878
-0.1424561
-0.10451657
-0.03607622
0.11485951
0.27806783
-0.31119144
0.33061516
-0.25362176
-0.06528103
0.24147682
-0.0019225454
-0.41374752
-0.32758552
-0.33938813
-0.2296609
0.3754294
-0.18745476
0.20859016
-0.18479295
0.11953335
-0.020666404
0.031622052
-1.1311975
-0.115858376
0.10616678
0.23545092
-0.10753499
0.057041325
0.45672056
0.1437856
-0.20269813
0.27736583
0.10186147
-2.0642917
-0.27167958
0.02565381
0.013055253
-0.07529422
0.073042735
0.16365469
0.21775742
-0.21537155
-0.09267835
0.053863093
-0.291515
-0.3404075
-0.36250702
-0.5097996
0.7150783
0.17617193
0.45422032
-0.028957551
-1.4608066
-0.095655695
-0.30076298
-0.110895745
0.04289199
-0.30853257
-0.2539265
-0.09175351
-0.12976597
0.2558879
0.12830263
-0.028918168
-0.6380696
-0.12970693
-0.35857227
0.73732555
-0.23816925
0.028615743
0.109452054
0.07872021
0.56118405
-0.19245854
-0.05772098
-0.21142595
0.05732134
-0.23050757
0.14956313
0.24494593
-0.12395334
0.0076739015
0.1587894
-0.11746195
-0.012138993
-0.09326576
0.021735877
-0.22735973
-0.73005503
-0.19125803
-0.111200005
0.28316757
-0.12770875
-0.20641732
0.38774338
0.013284308
0.18365012
-0.1408675
0.21708992
0.35257977
0.07741006
-0.2793188
0.13462482
0.8358757
0.0029602803
-0.18585132
-0.22853112
-0.24111718
-0.025364518
0.05850708
0.095976174
-0.7501786
0.25659254
0.31511432
-0.14333898
0.31025925
0.17194399
0.23087819
0.522959
-0.005078917
0.29962283
-0.25670135
-0.02752106
0.053556744
0.37044844
0.74591756
0.25640497
0.39818156
-0.8835388
-0.40921855
-0.038300402
0.047756974
-0.04505664
-0.061285615
-0.0021609988
0.28174433
-0.98773056
0.29268909
0.08439099
0.16384223
0.10162816
0.06982714
0.20187496
0.3107741
0.14165364
0.31732297
-0.04203157
-0.06609942
-0.17442156
0.3345947
-0.41343504
-4.3515477
0.11257953
-0.30317378
-0.34373206
-0.016672492
-0.098631576
0.07614334
-0.22001958
-0.25708935
-0.3616622
-0.041742444
0.19547266
0.21403313
0.25738323
-0.21923648
0.20124555
0.13318251
0.07837261
0.27091134
-0.09358396
0.09522573
0.10412791
0.10383745
-0.17414452
0.15673772
-0.1034067
-0.2009538
-0.13363914
0.6888659
0.04582101
0.14969984
-0.19066878
0.0041331854
0.11066151
0.13390487
-0.29765543
0.372958
-0.2789466
-0.32849112
0.13322411
0.12129086
-0.06754293
-0.3206164
0.045617558
-0.16311812
-0.37857205
-0.086901486
-0.11852547
0.2809178
0.15155676
-0.6038137
-0.16174456
0.20535676
-0.0506548
0.10258637
-0.25454858
-1.8143737
-0.2599143
-0.27277973
0.10656222
0.15350157
0.017631698
-0.10663341
0.20507894
-0.35726893
0.035596304
-0.06080201
-0.41226462
0.47091612
0.38398364
0.1266077
0.23232126
0.29208013
-0.22470883
-0.35292846
-0.09476802
-2.06503
-0.37310955
0.33124912
-0.344289
-0.10953341
-0.013023788
0.17331794
-0.2307828
0.09728411
0.19331129
0.06910882
-0.2682097
0.12626457
0.107135065
-0.124027774
-0.24015903
0.13154203
-0.18721142
0.22682431
0.47334892
-0.10439546
-0.22831833
-0.3219468
0.35289413
0.13698757
0.0129489
0.05187863
-0.11934887
-0.15570565
0.08274373
0.052833386
-0.041901473
0.4339487
0.19700974
-0.024770731
-0.34737182
0.15325618
-0.036169905
-0.0024642646
0.2710748
0.086210504
0.07890691
-0.27003896
0.2515553
-0.33619556
0.16774699
-0.20289786
0.45018294
0.10240328
-0.06192427
0.21160085
0.49231452
0.09366682
0.08395317
0.08684881
0.12330824
-0.111227244
-0.6175422
-0.49693254
0.12151259
0.027168876
0.7815205
0.08045661
0.4641302
0.045353502
0.17189322
0.0051362533
-0.32601884
0.15220912
-0.12728608
0.32902935
0.0044692797
0.2416416
-0.021304244
0.049125507
-0.015959235
-0.030823825
-0.32018057
0.12883787
0.26297942
0.049136356
-0.44881243
-0.111807466
0.41571653
-0.09808793
-0.09892446
0.20832908
0.16653405
0.071763396
-0.09553073
0.087354556
0.5393103
-0.117669806
0.35215005
0.025348416
0.046923656
0.16668919
0.16464132
-0.29716182
0.17373699
-0.03207272
0.12482214
0.05583535
0.046408884
-0.37583053
0.28323916
-0.20462222
-0.38501245
-0.17278846
0.3740478
-0.008166214
-0.5341184
-1.0672647
0.038552225
-0.490373
0.009893426
-0.3178545
-0.617485
0.05933727
-0.7722766
-0.26631498
0.06851343
-0.19811177
-0.10508615
0.09894384
-0.014518897
0.41135904
-0.9286724
0.0007516331
0.24226822
0.36073154
0.1484753
0.10425608
0.38409004
0.15881811
-0.034181755
0.1752424
0.1153068
-0.06924904
0.44358084
0.21698847
-0.059547134
-0.5112018
0.02115611
0.25935653
-0.008573562
-0.10668574
-0.18177903
-0.27942824
-0.2495745
0.05835319
0.31193772
0.20758042
-0.33029377
0.064482
-0.35439676
0.30184036
0.26976863
0.23545346
-0.0025655825
-0.058351975
0.10635002
-0.040726777
0.028808236
-0.36571506
0.05137285
0.09112372
0.26738325
-0.043053836
0.25177005
-0.096803606
-0.034772355
0.70173776
0.04839828
-0.12290635
-0.18356256
-0.5819264
-0.21287175
0.19214745
-0.31753102
0.17860281
0.08650271
-0.10863087
-0.24869947
-0.14145705
0.19707566
0.2246688
-0.66826004
-0.19559543
-0.32342163
-0.037793305
-0.106257305
0.63559675
0.14119229
0.14071538
0.23393686
-0.32400063
0.14502926
0.033530906
-0.17604265
0.24579522
-0.16492355
-0.28941008
0.33110097
0.295324
0.055798747
0.04480091
0.05893662
0.21061492
0.10555844
0.0693612
-0.1380637
-0.20164172
0.32097802
-0.030059664
0.21186233
-0.25022024
-0.2514148
0.19507386
-0.21052216
0.034337386
0.19926594
-0.1154369
-0.18339269
0.02701334
-0.27459645
-0.002761513
-0.1255461
-0.31370208
0.020193946
0.3901647
0.09022967
-0.063341185
-0.20107242
-0.035619985
-0.18004084
0.20345046
0.15790927
-0.21899188
0.16160263
-0.22396952
0.15593737
-0.026610393
0.017967643
-0.16237326
-0.00014379891
0.0003524021
-0.11540032
-0.18283005
-0.1886283
0.52427596
-0.025890162
0.21430251
-0.29617268
0.0881607
-0.15640138
-0.007385439
-0.06802871
1.3798475e-05
0.10796732
0.32908753
-0.26911873
0.026579557
0.14037421
0.8184667
-0.31634396
0.1515252
-0.2943915
0.119335376
-0.5461641
0.07323282
-0.055158116
0.21090657
-0.15739824
-0.2188037
-0.21541561
0.21086079
-2.7476354
0.25303227
-0.30950692
0.2890139
1.6196023
-0.32796508
-0.5532202
0.11572176
0.06764612
-0.33453968
-0.3129055
0.21240872
-0.01928447
-0.14424683
0.24294251
-2.4535344
-0.01062714
-0.32339373
0.15028127
0.16896743
0.09034482
-0.26147082
0.31095013
0.040111188
0.2427994
0.25809744
0.29460818
-0.28347465
0.062127396
-0.16835114
0.59070367
0.049122624
0.17379005
0.30224368
-0.2642912
0.42736885
-0.17424043
-0.095266424
-0.28540877
0.020887356
0.038981438
0.17227541
-0.13136834
-0.12178218
-0.7604326
0.21014488
-0.16207457
-0.18213426
0.20837224
-0.14166504
0.3223484
-0.09929961
-0.085472904
0.32059172
0.29731032
0.27989691
0.20340985
0.057823617
0.20104878
-0.0054858616
0.23984611
-0.31910193
0.24227142
0.066146165
0.17992897
-0.3538503
-0.066426694
-0.122199565
-0.23753934
-0.053949267
0.06922542
-0.16186623
-0.21476609
0.10578151
0.013374376
0.19250089
0.27440685
0.02848351
-0.2587521
-0.24356389
0.035091102
0.010811195
-0.26604617
0.117862284
-0.30763572
0.53290015
-0.14043264
0.23511608
-0.03814898
0.09072117
0.245882
-1.1475927
0.13887325
-0.014611577
-0.25199142
0.015285992
-0.07044509
0.023914231
-0.009210996
0.09055683
0.27863953
0.18042648
-0.7167386
0.63482237
-0.42484087
-0.4230525
-0.39554995
0.60109574
0.24393213
-0.0647119
0.16161846
-0.10044164
-0.026269713
-0.6790422
-0.45590803
0.1950774
-0.16598326
0.014799754
0.19888404
-0.06148129
-0.3988549
-0.29993072
0.27261072
0.28974375
-0.76187736
0.11145649
0.16825616
0.7305266
-0.23463014
-0.43965444
0.13351972
0.0632478
-0.3524817
-0.27346206
-0.36665222
-0.11458982
-0.10353439
0.19354077
0.3070878
-0.0214262
-0.15247409
0.185491
0.21664914
-0.74889874
-2.042632
0.17171703
0.016098306
0.47347173
0.019271655
-0.030976508
0.42421594
0.027813055
-0.08326519
0.2323841
0.26845732
0.3724638
0.135917
-0.35409164
0.12234458
0.22773592
1.0771443
-0.03883064
-0.32807025
-1.099627
0.23666687
-0.31925684
-0.11565342
0.30655813
-1.2409978
-0.22567089
-0.11135524
-0.26291773
0.15193294
0.3214219
-0.014988344
0.09941895
0.29416248
0.03284173
0.0099537065
-0.8255725
-0.27163154
0.10888694
0.10526925
-0.087863415
-0.024550844
0.009160871
0.19286215
-0.17170183
0.19240364
0.2002455
-0.5512046
-0.134276
-0.27241707
0.28650424
-0.26001304
-0.28611106
-0.23408338
-0.07639043
0.36058754
0.20075436
-0.15416475
0.15244266
-0.07910654
-0.57990384
0.16144237
-0.07721814
0.19396274
-0.05183107
0.00686523
0.32126117
-0.20871332
-0.1429595
0.117218874
-0.049897186
-0.97121257
0.2877044
-0.2979739
0.23297274
-0.07919755
0.16050063
0.18369243
-2.1342435
-0.8140914
-0.2926565
0.51943374
0.0788899
0.3772332
0.082065575
-0.040965766
0.16948527
0.122449294
-0.14262713
-0.12464977
-0.10343543
-0.07079245
0.36114234
-0.006814437
0.18231054
-0.3545505
-0.23615998
-0.057432756
-0.31942013
0.0031761301
-0.014599536
-0.021116722
0.05858654
-0.3778448
-0.19616376
0.3314513
-0.031223144
-0.27068847
-0.23281436
-0.024917018
-0.37614194
0.41233316
-0.09060927
-0.054625224
0.42379692
-0.00027885174
0.36512774
-0.32675433
0.015093941
-0.24358062
-0.20659225
-0.110216334
0.07290942
0.19094521
0.35029465
-0.29246408
-0.4245482
0.31428832
-0.11055731
-0.14131135
0.2815392
0.14600344
-0.26986432
-0.0941763
-0.09784813
-0.027029667
0.12484828
-0.08837714
0.059742074
0.38406876
-0.02632927
-0.07784499
-0.0431768
-0.18737072
0.20933145
-0.078709036
-0.2650197
-0.053443186
0.22811669
0.051177967
0.24371332
0.049352013
0.11351042
-0.20230263
-0.12196236
0.37178126
0.47410557
-0.18382764
-0.17412642
0.025886863
-0.13858853
-0.009209704
0.2536603
-0.1871025
-0.3269462
-0.085449874
-0.07030064
-0.27153918
0.22931321
-0.1653711
0.27238676
-0.024625916
0.11848203
-0.9193503
0.27113003
-0.1939293
0.023707548
0.56772643
0.17873168
0.14665517
0.40108085
-0.0065188166
0.16834183
0.19837894
-0.059592478
0.11585669
-0.26380634
-0.31313843
-0.37164736
0.25866085
-0.058456063
0.08353108
-0.30333224
-0.49765253
-0.19828725
0.031167815
0.015904827
0.37737516
0.0061597424
-0.108058915
-0.2221121
0.22994027
0.33777857
0.06862603
-0.30515665
0.31803226
-0.16144459
-0.057450257
-0.26653257
-0.055196434
0.15551087
0.09757139
-0.34772244
-0.3243682
-0.18005542
0.2044917
-0.022928165
0.23884831
0.20294887
0.33228263
0.29356217
0.006866851
-0.10158351
-0.21473749
-0.027743025
0.2633198
0.27274442
0.03116182
-0.21260072
-0.19230287
-0.24475801
0.17785662
0.070126094
0.36838764
0.0110245515
0.14499271
0.18160987
0.09015991
0.05212202
-0.15879281
-0.05851856
-0.076837435
-0.1376953
-0.20487505
0.37466204
-0.19501968
-0.3185061
0.053948943
0.065598726
-0.18189435
0.27184418
0.098019995
-0.19584155
-0.117140025
0.13628007
-0.06432698
-0.14240362
-0.2591807
-0.36973774
-0.29409307
-0.42242783
0.046954215
-0.20602816
-0.18526304
0.20058079
-0.31759197
-0.38218966
-0.3051641
0.1755631
-0.13303666
-0.1793481
0.25566608
0.005915309
0.15850957
0.19691917
0.19154346
-0.08172445
0.1854409
0.0018083657
0.27265757
0.46931556
0.2781397
-0.000946345
0.19747934
0.21745418
-0.32483938
0.23773104
0.5029275
-0.24518013
0.06397876
0.21805014
0.94435906
-0.10053797
0.08627006
-0.39738145
0.1663521
-0.08401844
0.33723515
0.17802356
-0.105983175
-0.068592556
0.48677176
-0.19610982
-0.019127905
0.27890468
-0.242801
0.20279196
-0.53737473
-0.07722778
-0.3340283
-0.07641421
0.23274331
-0.35637882
-0.007628983
0.002385352
0.0805233
-0.28523776
-0.024593232
0.12803848
0.2301163
0.28748697
0.3811106
0.32900617
0.09362247
-0.19019465
-0.24350125
-0.22262965
-0.046868965
-0.27980268
0.050406802
0.25913417
0.26701635
0.05340118
-0.14139576
0.09120734
0.35938683
0.2485478
-0.019225797
-0.2289769
0.17221451
0.15423866
0.26970446
0.31330872
-0.23004867
0.08347586
0.22315942
-0.01897456
0.24599122
-0.2930022
0.18173762
-0.040493134
-0.33522874
-0.22730762
-0.05704071
-0.24407645
0.21341302
-0.3595544
0.109884694
0.22364683
-0.04754981
0.005464873
-0.34965244
-0.20684297
-0.17325129
0.22828373
0.4509119
0.33767477
0.015232735
0.00904491
0.19855987
0.17879742
-0.015958823
-0.2047123
0.045907885
-0.26315933
0.14436936
0.0038812272
0.21985967
0.11028664
-0.10875663
-0.1194308
0.28960168
-0.22807837
-0.0035763646
-0.073200054
-0.12230541
0.22807044
-0.20705229
-0.21344991
0.32476887
0.21196142
0.040422343
-0.042639468
-0.11083223
-0.22463126
0.024058985
-0.23935828
-0.31313795
0.16536835
-0.26684615
-0.19938317
0.0658814
-0.16933534
0.27072507
0.21735221
0.10783356
0.008973062
0.019224137
0.07220153
0.50312215
0.075351454
0.064173706
0.079776056
0.18296236
0.34430122
-0.029628454
-0.2782896
-0.00270221
0.23585692
-0.24048425
0.13421118
0.005133192
-0.21035306
0.10574195
0.0043107383
-0.121275276
-0.1325947
0.16169235
0.039763827
-0.14749466
-0.06938693
-0.02532616
0.050617952
0.3346358
0.54533184
-0.053837746
-0.035786517
0.10273455
-0.16241536
0.29870927
-0.986691
-0.87034625
0.86263496
-0.051811136
-0.4996259
0.13894683
0.17346227
-0.5833965
0.066036455
0.10723663
0.37643194
0.08798282
-0.36541763
-0.37353188
-0.2009993
-0.49836186
-0.14831299
-3.1470315
0.08276406
-0.80267227
0.096039794
-1.5136268
0.20493844
-0.061302185
-0.4726516
-0.19604172
-0.2979406
0.0299091
-0.16139701
0.27500045
0.30121255
-0.0058016432
-0.51446813
0.5146797
0.13789178
0.07924186
-0.2696215
0.16733724
0.08230953
0.53583986
-0.05620687
-0.20840545
0.45983505
0.10325481
0.45798787
-0.03720193
-0.018741935
1.4229035
0.44960812
0.16014227
-0.058658816
-0.30065012
-0.018247308
0.47187543
-0.84961414
-0.2653791
0.25899017
-0.012159929
0.21485882
0.5059832
-0.3108847
0.054060295
0.032626748
-0.24205443
-0.26271954
-0.10239286
0.28688142
0.20867208
0.022922277
0.15652518
0.48819837
-1.6012119
0.51060104
0.590051
-0.52222
0.042998727
0.317911
0.26927835
0.3281133
-0.2349177
0.16016568
0.4593011
0.9902043
0.071476206
0.5476326
0.5149298
-0.23946422
-0.70611644
0.5176832
0.05191762
-0.35331511
-0.1896314
0.33250293
-0.13812515
0.30026853
-0.5520803
-0.17360823
-0.2620145
0.52794915
-0.14801808
-0.12281404
-0.056476858
-1.7379652
0.31241667
-0.08176898
-0.050625365
-0.57304364
-0.0058349725
-0.7768027
0.25841448
-0.070325054
0.42368773
0.1240904
0.06949505
0.04248188
0.25638452
0.4514478
-0.5625344
-0.20078498
-0.78219974
-0.43755585
-0.45956072
0.099355884
-0.19462934
-0.34767807
-0.2010785
0.026866823
0.017562075
-0.519189
-0.13703412
-0.30673018
0.22784369
-0.18044083
-0.22238024
0.11817345
-0.33946174
-0.38634536
-0.24319457
0.15153742
0.24908268
0.115899295
0.12216114
0.785304
0.66656727
-0.09073772
-0.1339012
0.17057578
-0.38120186
-0.064483374
-0.04602995
-0.16188625
0.27183393
-0.37172928
-0.1488193
0.47457558
-0.034849867
-0.5250342
-0.030666875
0.17355469
-0.03208718
0.18976764
-0.9520929
0.89230543
-0.23618042
0.011846851
0.11815153
0.13808648
0.32776642
0.5711464
-0.2149311
0.4590266
0.31846187
-0.39558673
0.2842358
-0.3254108
0.32964313
-0.011693539
-1.0246114
0.08217156
0.12867384
-0.7985159
0.2541691
0.073035955
-0.14811818
-0.43914467
0.32510367
0.06085791
0.009191517
0.19128233
0.2384078
0.17677128
-0.17017633
0.27829072
0.29202163
-0.36312497
-0.2355764
-0.07418977
0.08487955
-0.21242943
0.15247533
-0.298107
-0.21086285
0.18775865
0.027201211
0.3518237
0.45547292
-0.12976556
0.08198974
0.30692923
0.2122078
-0.15801863
0.14382377
-0.37639803
0.07464325
0.017166251
-0.07412219
-0.20975564
-0.58318514
0.17622496
0.181508
-0.70780706
0.0010176409
-0.09461664
0.23669682
-0.18826103
-0.19175221
-0.0872295
-0.09566716
-0.64020956
-0.11121196
-0.0037488213
-0.757713
-0.11195287
-0.003231287
0.26397064
-0.10409087
0.2788785
-0.4137477
-0.820815
-0.5223406
-0.028468367
0.36054578
0.022269899
0.44356775
-0.05687527
-0.1263069
-0.019248305
-0.06932392
0.25753692
0.17493984
0.14012656
0.28796926
-0.35841456
0.012057674
-0.10736591
-0.16189831
0.23901106
-0.36912075
-0.10199942
-0.13807803
-0.5697991
0.14894527
-0.32297176
-0.049296234
-0.37099597
-0.063902766
-0.11703705
0.103407286
0.17116004
-0.23146486
0.12544934
-0.019552883
-0.14281572
0.43642974
0.331902
-0.39737833
0.22656733
0.30587935
0.012333997
0.1740836
-0.1469278
-0.14193848
0.014330643
0.06854009
0.1657473
-0.0965745
-0.20288521
0.028282553
0.2811323
-0.77283275
0.11057746
0.14719547
-0.17554514
-0.24020725
-0.24485394
0.15165941
0.25772148
-0.20226505
-0.09827113
0.36312002
-0.34292182
0.19288667
0.34108382
-0.27532676
-0.34127894
0.2432675
0.052372415
-0.25493968
0.2612946
0.24206962
-0.13984933
-0.11847474
0.13592263
0.023617873
-0.098582625
-0.3262054
-0.47364083
-0.29428515
-0.081100956
-0.12033172
0.018680789
0.62749404
-0.31844735
-0.029456237
0.12856242
0.26616743
0.26601124
0.11188535
0.27318996
-0.28415242
-0.221804
-0.18235746
0.29787913
-1.5249915
-0.33122504
-0.08021695
0.2459725
-0.41797015
0.32237458
0.17615563
-0.02677343
0.039524157
0.12428007
-0.0339837
-0.2217799
-0.22304387
0.023881743
-0.3592754
-0.2884965
0.012249942
-0.13312113
0.34416938
0.14956023
-0.37016803
0.10670865
0.3651045
0.17235297
-0.22391076
-0.44479135
-0.079977706
-0.37914538
0.1275012
-0.06947601
0.1302101
-0.28954756
-0.2090186
0.30712643
0.13462603
-0.2529912
0.26007074
0.15541387
0.14806966
-0.11622941
0.03232433
-0.12432449
0.25361976
-0.033380017
0.17174663
-0.12846978
0.010166723
-0.19882083
0.4097194
0.23609604
0.09621092
-0.20708218
0.03249585
0.15568402
-0.012354838
0.20917422
0.119086534
-0.4113316
0.115827106
0.22432633
-0.19667035
-0.2539532
-0.46806994
0.2517785
0.5810634
0.18223672
0.39798647
-0.23581226
-0.020826166
0.070420265
0.053542454
-0.15562738
0.112866215
-0.0913252
0.27850646
0.4745119
-0.39338425
0.40766436
0.13074487
-0.08990647
0.22593145
-0.20712702
-0.15261923
-0.03818795
-0.14799689
0.055472843
0.42289764
0.15102737
0.3460738
-0.12248023
-0.11732871
-0.048983496
-0.02769558
-0.24123278
-0.22632019
-0.32414958
0.27367476
0.013993948
-0.016447548
0.31829074
0.036018755
0.3916509
0.26284617
-0.12575921
0.0043859016
0.25112277
-0.22621933
0.42305332
-0.23110849
-0.08829546
0.54813325
0.20241398
0.2996225
0.3027624
0.028311402
-0.34435707
0.4106591
-0.32483885
-0.89563197
-0.012885758
-0.5476204
-0.3400806
0.26291043
0.20830773
0.34591258
-0.19999114
0.30816525
-0.23722354
-1.4393293
0.14461307
-0.12207459
-0.16254427
0.10630438
0.0137608
-0.18963946
0.12951492
0.22953708
-0.14468592
0.17077255
-0.23755726
-0.5113788
0.29813436
0.0012383142
-0.06566838
0.024728548
-0.30393654
-0.13365445
0.20777981
-0.10942127
-0.35695636
-0.30254942
-0.03480286
-0.018617153
0.06986825
0.23746845
0.0767391
0.14615485
-0.10904344
0.23783667
-0.34742603
0.297962
0.08132276
-0.025568666
-0.2642294
-0.3091636
-0.08206212
0.41815606
-0.06850418
-0.2682288
-0.29807466
0.24964567
-0.036061045
-0.14882506
0.18060441
0.058552083
-0.20731616
0.0826918
0.0035724211
-0.23454033
-0.103954814
-0.3239893
-0.09616579
-0.28855383
0.17042461
0.45738316
-0.14312151
0.30520156
0.52542514
0.022175279
0.15194325
-0.2570221
-0.16670851
0.42728835
-0.254984
0.08537045
-0.057709727
0.07165781
0.103417516
0.5557099
0.05525829
0.16197538
0.20329908
0.009349024
-0.044580728
0.09634887
0.16369916
0.16154994
-0.16351117
0.12592638
0.077996194
0.09362541
0.19273715
0.0674519
-0.17545816
-0.1729754
-0.1963963
-0.26195064
0.02629734
-0.20524165
0.13324109
-0.2887938
-0.09499189
0.024183786
-0.10588549
0.13399498
-0.14653894
-0.23959373
0.08922267
-0.29342866
0.22061616
0.21168497
-0.13060442
0.40136847
0.0047471523
0.096706405
0.24670325
-0.48470494
-0.19423506
-0.39252073
0.35106373
-0.060335938
-0.015577196
-0.29739445
-0.15576622
0.1224666
-0.2728952
0.007856341
-0.11271804
-0.35712788
0.13793011
0.34808522
0.09882882
0.33922067
0.023341253
-0.06668459
-0.12919514
-0.20014541
-0.0723639
0.11269741
-0.19902903
0.11693865
0.03802381
0.32723716
-0.13116927
-0.011531602
0.19172627
0.58463234
0.13646437
0.30355963
-0.29744697
-0.026860615
-0.5708046
0.0045253932
-0.2839093
0.1457362
0.56458646
-0.26336643
0.5689795
0.026623037
-0.06561009
-0.19791484
0.044373866
0.40205538
0.2803734
-0.08913397
-0.12344745
-0.415553
-0.042350627
0.24692924
-0.19858667
0.34235328
-0.6276668
-0.06722859
-0.20134005
-0.45813322
-0.29112118
-0.1304136
-0.25310928
0.9292444
0.2759325
0.24682511
-0.15868609
-0.2052512
-0.12016488
-0.12555894
0.1521011
-0.2743495
1.14851
-0.22220787
0.48080364
0.299896
-0.24108572
-0.10185981
-0.3345213
0.21602699
0.0050775753
0.39171845
0.010804136
-0.063315466
-0.039782718
-0.19606107
-0.20599152
-0.14817476
0.053646084
0.78034514
0.60403794
0.3179612
0.171658
0.24438097
0.28567106
-0.10137164
-0.25865912
0.26739627
-0.11197679
0.29258618
-0.09200445
-0.005905293
-0.3564629
-0.31294513
0.38408697
-0.5627994
-0.10546367
0.18574907
0.29331392
0.29911804
-0.18877184
-0.21005966
0.4302495
0.020341458
-0.18337244
0.43009615
0.32758918
-0.06210238
0.12738174
0.041746695
0.1863107
-0.06010822
-0.3749932
0.31582245
-0.47176886
-0.22487052
-0.072644055
0.26915413
0.13469689
-0.91375136
-0.2196077
-0.19613034
-0.20800222
-0.36589214
0.028454568
0.080128625
0.21782558
0.19628721
0.07861332
0.060554203
0.40266806
0.07423696
-0.4397107
-0.0067487643
-0.017936682
-0.16334872
-0.1222658
0.25090915
0.414595
-0.2279228
-0.35854718
0.42593598
-0.008404949
-0.122262836
-0.19026059
0.3449195
0.25567514
-0.16044979
0.2987219
0.2660475
-0.4920569
0.46238637
-0.08482062
0.22174215
0.23519713
0.17149621
-0.25832352
0.071404435
-0.19289245
0.09909984
-0.085544795
-0.118416876
0.1985094
0.36734262
0.5294741
0.11739983
-0.17148945
-0.20583086
-0.22234698
0.09529531
-0.26252848
-0.14817142
-0.22009988
0.06752034
0.18490759
0.05129179
-0.55537313
-0.16347301
-0.2502121
0.00517308
0.07932429
0.33084017
0.47935522
-0.014225685
0.15818305
0.07788758
-0.088701695
-0.053541172
0.37869012
0.13407002
0.21161577
0.38715357
-0.057788268
-0.30857536
0.32609755
0.32415825
-0.3607011
0.09595632
-0.23055995
0.23154598
-0.4839418
0.2995716
-0.14380148
-0.18186301
-0.1316861
0.013683902
0.16487025
0.38879335
0.3832585
0.11139438
0.18943042
0.24287406
-0.15818779
-0.1550136
0.07446213
-0.316753
-0.31740728
0.22572355
0.08849019
-0.14881937
0.17772001
-0.047289252
-0.21785419
0.10519222
-0.6028585
0.017998794
-0.1896269
-0.025632843
0.16367733
-0.11238717
0.2800091
0.30807045
-0.22314861
0.13994789
-0.09390086
0.17730749
0.30610782
0.0504427
0.28723642
-0.49485746
0.054654304
-0.10198991
-0.33590248
-0.11633083
0.22473039
0.19708964
0.06685672
-0.2245535
-0.3121501
0.009317652
-0.2933646
0.319138
0.050377917
-0.29247233
-0.20067373
-0.6110046
-0.08150971
0.26373252
-0.40906084
-0.2898135
-0.0068513537
-0.1836512
0.31483203
-0.39572018
-0.12140267
0.25006542
0.020814031
0.048774213
-0.27539366
-0.211746
0.26827985
0.044136558
0.13662173
0.18736497
0.06532467
-0.19723824
-0.13618782
-0.22446622
0.06949319
0.20306379
0.095154226
-0.16694874
0.33295882
0.23440257
-0.24866448
-0.111655265
0.25610346
-0.054990496
0.17341302
-0.7030193
-0.1346816
-0.12648621
-0.416396
-0.402621
-0.21790737
-0.181696
0.35800222
0.17186978
-0.23239923
0.21119912
0.33176577
-0.12555273
0.37178215
-0.042853653
0.051194634
-0.14737335
-0.27050275
-0.41199917
0.027733928
-0.045838885
0.21576451
0.18713796
0.35549852
-0.037509684
0.25881687
-0.18409103
0.12693462
0.18217434
-0.18734887
-0.30060852
0.42109022
0.19300024
-0.21163437
0.28081858
0.1321227
0.017214911
-0.12593946
0.15787902
0.2333565
-0.13443887
-0.20167613
0.19500552
-0.31416863
-0.09441545
0.23954847
-0.13851237
-0.068945736
-0.026197372
0.17842671
-0.22135441
0.25551796
0.15380287
0.22967881
-0.18812416
0.26314166
-0.25244325
-0.18026109
-0.22928445
-0.27596492
-0.22325145
-0.10245407
0.09917203
-0.35145336
0.03498035
-0.21418227
0.2716711
-0.022568412
0.25650913
0.13434397
0.2542878
-0.16776454
-0.2534587
-0.0971555
-0.032937214
0.20861204
0.26428422
-0.29091012
0.067168154
0.07902358
-0.15525663
0.19768535
-0.27039552
0.34017706
0.25034794
-0.16046795
-0.6352768
0.13976967
0.10261651
0.30767465
-0.24583583
-0.078146055
0.27281046
0.21592514
-0.4038348
-0.106739536
0.27018845
0.20020254
-0.10221018
-0.18320884
0.18430704
0.31955883
0.05474513
0.25393015
-0.28998172
-0.15734619
0.053099968
0.17562595
-0.20267314
0.4193125
-0.04984
0.07566571
-0.34715545
-0.47995633
-0.14925198
0.25188965
-0.39505306
0.18388559
-0.26911637
0.22929513
-0.21112238
-0.16918118
0.25840265
-0.3615752
0.073360845
0.18862933
0.20884183
-0.34629652
0.3067129
-0.022552958
-0.2148933
-0.087116644
0.008112649
0.09360838
-0.20851351
-0.26351875
0.1581611
0.031272974
-0.01621499
-0.15447524
0.056594126
0.017456464
-0.29912055
-0.28462094
-0.05965562
-0.17025563
0.025611212
-0.15291177
0.22185133
0.21384002
0.40534434
0.17131974
-0.23719907
0.011581949
-0.037804943
-0.17011173
0.11281179
0.3619874
0.05489461
0.070135765
-0.2678243
0.17522931
0.23789215
0.365304
-0.014555702
0.19777419
-0.3423263
0.32478198
-0.14990063
-0.016960021
-0.27231085
0.19730148
-0.31351992
0.2326134
-0.00042562513
-0.05447099
0.4182529
0.07194129
0.13876188
0.0766696
0.2004463
0.16024612
-1.3614804
0.35912827
-0.30700195
-0.13105027
0.39405334
-0.3770301
-0.17408806
-0.03286933
0.0029571517
0.16351525
-0.40578058
-0.10616037
0.24355876
0.041686997
-0.30319265
0.0710443
-0.44707367
0.21001995
-0.3781519
-0.30918843
0.26427996
0.05566655
-0.17052406
0.23710151
0.14541563
0.2792588
0.24222061
-0.05505563
-0.25356457
0.27762973
0.032176845
0.28587785
-0.3405656
0.095117
-0.28820217
0.05037392
-0.263785
-0.31272912
-0.3128805
0.17212297
0.27470195
-0.043187078
-0.15891889
0.3679375
-0.07496284
0.020267814
-0.042588774
-0.24836132
0.24289413
-0.029746462
0.34432063
0.06255471
0.06976438
-0.33538806
0.26763597
-0.027328197
-0.3055896
0.3376141
0.23509389
-0.3102448
0.09046217
0.10689813
0.1594267
0.18523571
0.30612865
-0.18477748
0.024050273
-0.099523924
-0.008972999
-0.27808
-0.055940274
0.22799659
0.16666809
-0.117973566
0.19184785
-0.18541157
-0.17347194
0.080109
-0.08153572
-0.26148075
0.020123193
0.012377132
0.059055764
0.25958967
-0.13617554
-0.21399336
0.28099224
0.11722315
0.06050227
0.01590076
-0.15248986
-0.26363555
0.38457805
-0.2845355
-0.1606483
0.12734208
-0.2798512
0.21103935
-0.29271215
-0.10078
0.23617558
-0.2659532
-0.20762596
0.33334088
-0.12293745
0.35711065
-0.15099905
0.11165831
-0.15786564
-2.9242787e-05
0.16780722
0.16596596
-0.080108285
0.22034268
0.10815988
0.21342278
-0.24436617
-0.215693
0.16659382
0.2733811
-0.2242166
0.22215573
-0.06594346
-0.24455082
-0.052575234
0.17554958
0.28115496
0.38379294
0.30617243
-0.32924652
-0.043741334
-0.25554398
0.28941834
0.04187391
-0.030061575
-0.16978835
0.22686575
-0.1591043
0.34375906
0.07748454
0.21135588
0.018589212
-0.18763292
-0.20281808
0.2597443
0.16904654
-0.2931944
-0.124712974
0.27142954
-0.14043257
-0.030701898
0.09111366
-0.91517353
0.34414998
-0.035874993
-0.05480353
0.027724028
-0.3284823
-0.096847735
-0.12948504
0.06612059
0.4333991
0.53929657
-0.20584315
0.40627584
-0.01907446
-0.2994455
0.021125922
0.11056521
-0.32469222
-0.032999128
0.19151221
0.22454514
0.3010385
0.35622925
0.29131106
0.14711468
0.44741216
0.19518343
0.090845644
-0.31486794
0.4802855
-0.10069805
0.05674394
-0.22404276
-0.1174095
0.112526536
0.5922094
0.14352559
-0.17288844
-0.16434734
-1.6405634
-0.04477594
-0.4238339
-0.024750086
-0.6522713
0.021492476
-0.15946239
0.3135916
-0.74870586
-0.004007568
-0.15257071
-0.32447705
-0.07593608
0.23690146
0.2966694
0.06273304
0.36529332
0.053293616
-0.38124856
-0.20535038
-0.32193273
0.2745657
0.1767276
-0.20324716
0.25279906
-0.24486518
0.2684325
0.30330598
0.0144920945
-0.140497
-0.11455229
0.21151672
-0.16810927
0.13895549
0.044916987
0.34768602
0.092857495
0.23421782
-0.24031816
-0.08253139
0.36071855
0.26834562
-0.057549383
-1.5428178
-0.08781167
0.20208706
-0.25140312
-0.13586348
-0.15604946
0.3629516
0.033951256
-0.27351677
-0.08465524
-0.15065041
-0.13297541
0.39228
-0.1387182
0.19667946
-0.0037010347
0.24769819
0.2681089
-0.25868386
-0.13926724
0.14495681
0.1771829
0.23547363
0.15007783
0.10544787
-0.21406452
0.1298639
0.08450281
0.2026597
0.30735788
0.10185061
-0.037205037
-0.095424876
-0.39400223
0.18207057
-0.07097081
-0.043483447
-0.41852045
0.32566956
0.3791416
-0.10948277
0.12042461
-0.27585158
0.2883304
0.06740959
0.4387965
-0.19392969
-0.12238489
-0.031867072
-0.14502317
0.30564553
0.051267967
0.18349276
0.23372386
-0.0075349053
-0.21284866
0.16308062
-0.011737216
0.15531571
-0.17480114
0.19202283
-0.12199105
-0.12217143
0.01578078
0.26890838
-0.28126764
0.11151668
0.21409677
0.2311098
-0.13238701
0.07195964
-0.13137457
0.35095614
0.2536127
-0.07715425
-0.10165619
-0.21675842
-0.34385026
-0.12753087
-0.12011351
-0.1451011
-0.38377753
-0.6098868
0.039847236
-0.16842477
-0.36113068
-0.082024254
-0.12361206
-1.1152642
-0.05135347
-0.10221422
-0.22004071
0.2517696
0.33436218
0.19686079
-0.2848784
-0.0600165
-0.27361488
0.08831955
-0.31435376
-0.24135906
-0.14928722
0.5061881
-0.27521905
0.14996944
-0.3363711
-0.41216195
0.4384922
-0.19889013
-0.43983948
0.36817202
0.1197696
0.2465818
-0.12374178
-0.23033598
0.2435319
0.16183811
0.16885567
-0.45999426
-0.54697007
-0.014681503
0.02372149
0.20557249
-0.0007266402
0.45221528
0.0777807
0.05278283
0.18185668
-0.08001484
-0.102293186
0.06797081
-0.24678795
0.49639738
-0.084410414
0.20337419
-0.07042438
0.26340997
0.32164955
-0.035170462
0.78207564
0.09121377
0.2283653
0.05324389
0.021899257
0.017043099
0.0358426
0.08827724
0.20511131
-0.31387958
-0.22683702
0.22421381
-0.32804337
-0.26818624
0.34236526
0.26219216
-0.19268316
0.0149515765
-0.25482896
-1.0417455
0.22992304
0.0066084545
-0.19504113
0.23905736
0.3148987
-0.7328375
-0.20498922
0.17535669
-0.39876655
0.08290052
0.46817747
0.426337
0.57304835
0.085104175
0.37385142
0.048907265
-0.24174595
-0.2969179
0.19305228
0.21971625
0.04481288
-0.5054591
0.28833938
0.30474877
-0.2810903
0.3043331
-0.19932659
-0.08431068
0.27745885
0.041372314
0.06119839
-0.07772074
-0.20119743
0.3706025
-0.53222924
-0.15854943
0.06897225
0.2452002
-0.23141581
0.20829128
-0.30167744
0.008014637
-0.2637084
0.06692761
0.14762557
-0.0044445978
-0.22564852
0.10389137
-0.25605854
-0.2834462
-0.03215446
0.14517167
0.20906836
-0.08382289
-0.03403159
0.255816
0.078593515
0.15116853
-0.07914044
-0.21874164
-0.081360936
-0.22472598
0.13332021
-0.07629838
-0.22972113
0.11586139
-0.2946174
0.15064482
-0.13103169
-0.24399705
-0.30026728
-0.24489443
0.23197633
0.13049816
0.18979515
-0.29227883
-0.37966177
-0.014659017
-0.17723581
-0.10376155
-0.2099824
0.020426039
-0.40141425
-0.13524102
-0.3104169
-0.2133676
0.23825805
-0.09955892
-0.2400102
-0.6958424
-0.042830873
-0.23702969
0.18291627
0.094279945
0.061451122
-0.29440942
0.18592334
-0.22591045
0.29652515
-0.30048066
-0.31238422
0.0074014417
0.12865312
0.059770204
0.10312858
0.04046911
0.16223423
-0.12840188
0.16971211
0.32308665
-0.24609418
0.2028212
-0.17583843
0.019869786
0.18112214
0.08527345
-0.07180493
0.5191323
0.1673593
0.29291058
-0.2973137
0.1592803
0.2302456
0.050343186
-0.08991302
-0.056192722
0.30793366
0.36700028
-0.305585
-0.08608788
-0.20515881
0.1505305
-0.35467255
0.17245986
-0.12089391
0.20185179
0.03752595
-0.21090823
0.250646
-0.23975374
-0.13889612
-0.4393871
0.15925474
0.34744656
-0.34380215
0.2111548
0.1293968
0.27881858
0.23016493
0.3387731
-0.039428763
-0.057262845
0.0940813
0.30067727
-0.013815975
-0.9314521
-0.009770791
0.22841336
-0.10075709
0.19794336
-0.24825011
-0.17064139
0.04498036
0.028960194
-0.53680694
0.15072529
-0.26002365
-0.14606173
0.1744329
-0.20701498
-0.15288067
-0.3013472
0.3160422
0.28064847
-0.081314
-0.111390874
-0.2993499
-0.1660205
0.58479327
0.01198483
0.09781811
0.31770903
0.13368145
-0.13375214
0.17821243
0.0021890716
0.101815075
-0.026757922
0.12606302
-0.13261417
0.052855115
-0.23463584
-0.07702109
0.110090986
-0.27056152
0.075863436
-0.12389449
-0.20959723
-0.31131303
0.18100117
0.19666322
-0.12252379
0.20791855
-0.18584365
0.07064736
-0.266869
-0.09321121
0.32307145
0.1752987
-0.053806815
-0.18934485
0.009820747
0.07579338
-0.06200116
-0.42333403
-0.2087685
0.01248753
-0.7840395
0.049157344
-0.048522994
-0.08435725
-0.19461592
0.024381904
-0.6414862
-0.32733792
-0.18604933
0.16638158
0.07331956
0.29155728
0.05374685
-0.06458753
0.23011279
0.30513337
0.20463319
-0.34097993
-0.18114437
0.424342
-0.08359921
-0.04576151
-0.38301906
-0.23392569
-0.34493405
-0.24337515
-0.3346362
0.052616872
-0.17229396
-0.2854275
-0.27867627
-0.20995192
-0.27794644
0.15721065
0.04482957
-0.05907476
-0.014480288
-0.004792624
0.060940787
-0.2511593
-0.13621788
0.21161851
0.033054464
0.19413267
0.30556288
0.2905071
-0.20069617
0.3114307
0.06684804
0.17019886
-0.29309773
-0.27103278
-0.17223766
-0.20390673
-0.21296935
-0.21293475
-0.005823409
-0.07893338
-0.13428554
0.25955704
-0.22343327
-0.36485767
-0.23215011
0.16073175
-0.25056407
0.37004545
-0.13661467
0.3249305
-0.20983891
-0.3636319
0.24588223
0.012094125
0.0036125428
0.27673295
0.18771054
0.12144896
0.1197124
-0.17640106
0.02629484
-0.183809
0.1633925
0.21725024
0.09961807
0.26553732
0.219289
-0.19193093
0.18571103
-0.25694418
0.03759835
-0.24932392
0.056299098
-0.02988517
0.21403915
-0.31760174
0.34433863
-0.26110804
-0.20060317
-0.0030070446
-0.26836047
-0.1059116
-0.3289661
-0.074992
-0.28138524
0.33113584
-0.16210616
0.03429523
0.0021475377
-0.072809905
0.029622834
-0.17822306
0.16468607
0.22673112
-0.26793417
-0.083447896
0.34147564
-0.2604429
0.034135226
0.08623169
0.022773648
-0.06131174
-0.42418608
-0.22291803
-0.20538178
-0.02446988
0.09730589
-0.009032047
-0.13219087
-0.30046618
0.11975226
-0.07091887
-0.29139572
-0.30431813
0.021356905
0.19497868
0.3341083
-0.086572155
0.08287382
0.070803195
0.05377722
-0.1782768
-0.29554492
-0.40556967
-0.11725488
-0.6062048
-0.020350032
-0.45459467
0.13736495
0.11991927
0.3955995
-0.1501401
0.099562965
0.24578986
0.06099601
0.1303731
0.36825028
-0.13403419
0.08401975
-0.2267554
-0.8551571
-0.033033013
0.29004925
-0.22810335
-0.262581
0.05293834
0.43436188
0.27489972
-0.052800473
0.22725351
0.014995373
-0.002329141
-0.44947687
0.10281071
0.23180664
0.04688466
0.117829375
-0.06659812
0.116929784
-0.34139764
0.045369178
0.1015421
0.03621447
-0.056960016
-1.101438
0.14144818
-0.16732474
0.11542965
0.12841223
0.13262129
0.022491302
-0.060066972
0.2268244
-0.12492916
0.5084612
-0.44800928
-0.17318489
0.29250675
0.5305522
-0.060281508
0.016301155
0.5845764
0.11347611
-0.17446297
-1.1273844
-0.14685148
-0.08995132
0.18623553
0.39165404
-0.6934963
-0.34115615
-0.19368036
0.34041965
-0.17499715
-0.0692203
0.21263695
-0.0068581873
0.2329485
0.3838461
0.04000553
0.08785799
0.2556023
-0.10965605
-0.08159062
0.25776067
-1.0040151
-0.4193848
0.1262251
0.2879681
-0.0037465692
-0.22777204
0.20298047
-0.29709274
-0.18781555
0.23376258
0.21443434
0.25593728
0.1785742
0.23937409
-0.16972533
-0.2926301
0.022273306
-0.30759794
0.3410927
0.2946235
-0.23683111
0.16020156
-0.035048537
0.0671406
-0.13687076
-0.078220755
-0.1599354
-0.10711984
-0.1371352
-1.18265
0.049948715
-0.00621593
0.008245522
0.12440238
-0.052242536
0.3066937
-0.46190038
0.35609698
0.029280566
-0.3441077
0.19083291
0.07944998
-0.35143596
-0.3185027
0.089321345
-0.05180599
0.17465463
0.14146058
-0.065758236
0.15352218
0.2089439
0.08729847
-0.21454582
0.17548496
-0.21971948
0.04429494
-0.26124114
-0.49248382
0.1543588
-0.095343456
0.010266453
0.102422245
-0.14533176
-0.10406924
0.19545408
-0.16580908
-0.3196237
-0.2099392
-0.010896008
-0.14382188
0.011332935
-0.28962907
0.069869205
0.12617123
-0.3291181
0.11519888
0.07235898
-0.28355417
-0.28554228
-0.008137329
0.056215864
-0.21857825
-0.14245997
-0.53933585
-0.07486793
-0.0036830208
0.21495566
0.073905185
0.073890485
0.14279203
0.004283368
0.11014794
0.18851787
-0.21039227
-0.03352745
-0.5799985
0.00748058
-0.11455186
-0.0029492234
0.10671887
-0.191497
-0.032277253
0.2844095
-0.1796754
-0.28872254
-0.05397624
0.038814038
0.017632656
-0.063316785
0.011658685
0.07459555
-0.04652801
0.46009678
0.2887838
0.41326958
0.14566341
-0.17009662
-0.075772196
0.31684065
0.33176658
0.01559824
0.01264725
-0.08852283
0.21710882
0.21698028
-0.1140249
-0.11350823
-0.24139798
0.13805225
0.16416183
0.38465253
-1.0293418
0.2508406
0.070187114
0.2751495
0.16362572
-0.035788942
-0.27666453
0.13506126
0.21210879
-0.034501437
-0.06388886
0.12775005
0.29186404
-0.039768487
0.29202497
-0.068208
0.11090132
-0.38580996
0.1902562
0.053307503
0.33608606
0.2845953
-0.36542392
0.1060703
-0.22251333
-0.16841945
0.04777563
-0.21568844
0.17475404
-0.10069862
-0.3638219
0.0986621
-0.2554133
-0.09019968
-0.029274449
-0.13926786
-0.1281021
0.30386534
0.11917849
-0.20364757
0.20570141
-0.1710404
-0.15962796
-0.036599156
0.15228438
-0.20153464
-0.21622926
0.15297362
-0.2769345
0.18469968
0.20003544
-0.8819143
0.039634723
0.15483439
0.21903796
0.0001218915
-0.106216766
-0.13828135
0.027065696
-0.0015912532
0.06814863
-0.074039765
-0.030874927
-0.094673574
0.032503694
0.27073622
-0.020225963
-0.057569128
-0.12909213
-0.08823323
-0.002112432
-0.31565562
0.10070712
0.059558686
0.01581082
-0.0026589385
-0.10023226
0.12988032
0.071717694
-0.045873653
-0.12183417
0.1632961
-0.078357175
-0.026052864
-0.025608778
-0.14009403
-0.33344495
0.3145406
0.36005723
0.11379698
-0.20020425
-0.33938724
-0.10901818
-0.011957183
-0.13726157
0.14731136
-0.23348173
-0.026708225
0.2707163
0.23319592
-0.102387264
-0.45905095
0.30578575
-0.20543967
-0.17114493
0.14557096
-0.24825516
0.2784262
-0.08762587
0.0940163
0.00067685754
-0.1340648
0.0323477
-0.20143083
-0.06575004
-0.26439205
-0.041348804
-0.1457725
0.054870415
0.5136955
-0.012199965
-0.16430028
0.28564906
0.026910286
0.30608284
-0.3645652
-0.32484084
-0.8773677
0.092558466
-0.012908847
-0.0674879
0.007553036
-0.3390084
0.14881405
0.019440232
0.02857505
0.18719834
-0.14872234
0.025833404
-0.012985826
-0.08532716
-0.122442596
0.04543417
-0.23795754
0.123937674
-0.269478
-0.29484764
0.2665257
0.060230136
-0.00087547733
-0.24410625
-0.19481714
0.04582879
-0.044834405
0.03308023
-0.20502616
-0.11795591
0.010388489
0.18903913
-0.09160355
-0.086809486
-0.08074034
0.10597565
-0.12583607
-0.07224178
-0.156024
-0.053883225
-0.6058474
-0.25611752
-0.27901566
-0.16383992
-0.29474446
-0.22998032
0.3660035
-0.11493212
-0.0949963
-0.119616926
-0.091414995
0.19330546
-0.095743895
0.2422464
0.045009475
0.25787723
0.2813998
-0.20306426
0.21129672
0.02576179
-0.029845435
-0.039060295
-0.17440444
0.5316937
-0.21263485
-0.09599667
0.05620053
-0.097016
0.07244627
0.35659885
0.25778744
-0.051480655
-0.08686302
-0.15357329
-0.15273574
0.030859563
-0.2617317
0.13673003
-0.1432054
0.23131332
0.13778493
-0.19015785
-0.21657135
0.14840107
0.29799286
0.1473151
0.086180165
0.32466784
-0.047076076
0.112915166
-0.06558813
0.29268566
-0.075045474
0.041641418
0.020412039
0.06745608
-0.20769095
-0.011578292
0.14230347
0.093212426
0.12787773
-0.00551202
-0.116389036
0.07658519
0.1391765
0.1497397
-0.3262218
-0.16457394
0.24709925
-0.12443144
-0.27409905
0.15824789
-0.37092724
0.17258467
-0.21548687
-0.07066183
-0.3296564
0.4369622
-0.05875837
0.057078492
-0.3046888
0.070825756
-0.04415474
-0.19664752
0.08023942
-0.36100087
-0.15466814
0.2601812
0.081559315
-0.34688616
0.29443994
-0.28800172
-0.31682366
-0.08976589
0.016579844
0.17636868
0.17957588
-0.013922989
0.08926403
-0.3367007
-0.32393885
-0.21319857
0.10274864
-0.003499306
-0.100366585
0.29800224
-0.17552696
0.1325449
0.23686446
0.14441103
-0.0625185
0.23192255
0.27210674
0.050175045
-0.11376236
0.14154813
0.024472833
0.33706647
-0.0024488866
-0.35665193
-0.13700691
-0.15550523
0.055405684
0.08331927
0.006639852
-0.22752349
0.1639157
-0.35095096
0.093911976
0.109503105
-0.022401785
0.14924778
-0.109002136
0.11735199
0.029081238
0.18920694
-0.8360688
-0.351843
-0.29377687
0.21268205
0.012940091
-0.1661603
0.25244647
-0.15288019
0.089868285
-0.085224025
0.0078525925
0.1370049
0.42666453
0.11340162
-0.40452442
-0.19234285
-0.1938753
-0.01935096
0.09697663
-0.24600016
0.040824182
0.04845989
0.11435561
-0.4603435
0.14221253
-0.23884907
0.050560147
-0.21513307
-0.22109273
0.08271292
-0.17926283
0.16903846
0.018394828
-0.123329096
-0.322322
0.008213308
0.1903827
-0.05897318
-0.34319264
0.033716504
0.15094842
-0.18949255
-0.1419848
-0.14235583
0.19682378
0.2461476
-0.17977314
0.111108735
0.045517802
-0.012996581
-0.1363676
0.14856151
0.25590843
-0.26495677
0.27892497
-0.12761815
-0.030555755
0.27935392
-0.067578
-0.0770919
-0.19446066
-2.1119444
0.27658477
-0.045573134
0.23095979
-0.19083875
-0.03971424
-0.20727809
0.09800708
0.21250236
0.23623495
-0.043035254
0.17613254
-0.11384814
0.00893484
0.20249096
0.3070187
0.02604422
-0.24459864
-0.082754076
0.411648
0.18995428
0.07991585
-0.071517855
-0.19907916
0.11633903
-0.20767844
-0.006276965
-0.5342592
0.24352264
-0.25139898
0.18948247
0.17982829
0.033801015
0.2393332
-0.20353247
-0.058324106
0.24015358
-0.24259295
0.012144864
-0.29542992
-0.18643236
0.004259944
0.3230574
-0.13852903
-0.10704174
0.23392136
0.039622553
-0.18238652
0.17874935
0.17144574
0.02232449
0.057149142
0.27289477
-0.29750916
-0.033535365
0.12283782
-0.23990037
-0.16529985
-0.13119061
-0.05475229
0.32921594
-0.11714832
-0.2177309
-0.1966552
-0.1937585
-0.25772306
0.24808748
-0.19220957
0.15835297
0.13350303
-0.06402344
0.006314423
-0.048677154
0.21892126
-0.19468851
0.07426678
-0.054963715
0.15430495
-0.06782634
-0.028326457
0.28612947
-0.41228974
0.35867703
-0.22589418
-0.010062827
0.04285404
0.12395679
-0.30183798
0.2811799
0.3579108
0.20668739
0.15827394
-0.0011170136
-0.07557083
0.12877956
0.015509224
0.018455127
-0.1326171
-0.40658268
-0.11512372
-0.2019884
0.35844174
-0.06082511
-0.06704152
-0.47433433
-0.24421704
0.0352183
-0.15239395
-0.18756075
-0.15967913
0.15337445
0.06249652
-0.17671922
-0.27946648
0.024138052
-0.08540214
0.14480759
0.19618404
-0.39440367
0.27665368
-0.26010066
0.2781725
-0.07008904
-0.03235819
0.30667606
-0.3941802
-0.074640594
0.038398027
0.13220444
-0.15156965
-0.4426928
-0.23669149
0.16329005
0.073397815
0.26836297
0.19422036
-0.18526703
0.116785415
0.17313254
-0.34696463
0.14674431
0.08867854
-0.40565446
0.0051108375
-1.5419949
0.03064132
0.0077889157
-0.05605057
-0.21204868
-0.038971126
0.13179182
-0.24644896
0.2578409
0.05739103
0.28343242
-0.018114382
0.11103285
0.18926828
0.14128295
0.0328426
-0.32011613
-0.054375768
-0.80859965
-0.09214004
0.056791566
0.009146612
-0.11479998
-0.40565598
0.27840963
0.12486506
-0.25432515
-0.11079787
0.11756739
-0.26012373
-0.1427573
0.32162037
-0.13154826
0.17578548
-0.1260847
-0.15707296
-0.013106465
0.2116484
0.20021906
0.16447195
-0.17112632
0.04695092
-0.09157339
0.09042152
-0.008846191
0.22035584
-0.2316121
0.04124776
-0.29733318
0.06766032
-0.040768016
0.060414173
-0.08959886
-0.28562924
0.03421142
-0.1032738
-0.08693224
0.05834292
0.2031193
0.565998
0.06405851
-0.1456279
-0.02900038
0.10818482
-0.4189399
0.0094312895
0.16619997
-0.3084156
-0.20548636
-0.042146716
-0.081518225
-0.37134638
0.21716732
0.3610713
0.12164948
0.4384288
-0.25650474
0.16822368
-0.32575282
-0.3427934
0.026405893
0.18912318
-0.086175725
-0.31475616
0.23312026
-0.29808778
-0.48731744
-0.1873941
-0.08843647
-0.06066004
0.09309236
0.015514795
0.015425885
-0.08056841
0.21802051
0.23577367
0.046663847
-0.067424074
0.19381922
-0.049206622
-0.35886854
0.013505101
-0.008146265
0.5785486
-0.27144533
0.22917739
-0.46116382
-0.16934203
-0.14550774
-0.018265352
0.010532617
0.24207103
-0.19243036
0.0320292
0.12814917
0.15609075
0.33429566
-0.14004087
0.3831485
-0.12699561
0.098582104
0.16741472
-0.11315361
0.2671082
-0.21079645
-0.0006451905
-0.007974796
-0.10198428
0.11564991
-0.055175923
-0.07169538
-0.19233295
-0.12540035
0.027229657
-0.10365375
-0.07320386
-0.20712097
0.24855351
-0.19533673
-0.24456967
0.08242704
-0.46544388
-0.3136425
0.46503395
-0.13567263
0.03371453
-0.14926378
0.047424108
0.10751422
-0.40930834
-0.087906174
0.063840315
0.08387738
0.09364935
0.16324238
0.3908104
0.11155526
-0.1514228
0.12640543
-0.1650149
0.053856716
-0.16386123
-0.36308444
-0.30470085
0.12821971
-0.08060671
0.19192842
-0.07478832
0.1456741
-0.25085643
-0.055645283
-0.058719743
-0.24785946
-0.29697123
-0.32941362
0.07716966
-0.012265391
0.044271525
0.04829933
0.05042923
-0.091484204
0.29077816
-0.11320905
0.25229838
-0.019429363
0.3426093
0.057353083
-0.23208508
-0.012248744
-0.3918296
0.024753222
-0.030277887
0.12865545
-0.04782709
0.21191949
-0.18060838
0.3176005
-0.08772719
-0.22357346
0.24144025
-0.024274938
0.0672811
0.17862874
0.27619696
0.116669126
-0.08088049
-0.5841387
-0.27111748
-0.026948925
0.008046568
0.07563492
-0.17781155
0.32129407
0.1073334
0.039958987
0.12583928
0.6346008
0.1527025
-0.28897393
0.33575922
0.27646872
-0.12719129
0.032927305
0.12843786
0.15723005
-0.18750104
0.2086378
0.20047957
-0.31903666
-0.18252507
-0.34560585
0.19230969
-0.29728732
0.17379978
0.043898933
0.09482095
0.34613904
0.001970421
-0.08628694
-0.021082127
-0.039890967
0.067776
0.22045535
0.21870264
-0.021509081
-0.3342354
0.2839117
-0.11350243
0.15731928
-0.43959576
0.14393419
-0.17562474
0.25267044
0.0901233
0.31394926
-0.21353732
0.03602982
0.19119316
0.14665107
-0.43278643
0.29675362
0.20074947
0.117398486
-0.065497905
0.14509784
-0.3277195
-0.42974132
-0.33928812
-0.08742459
0.11201749
-0.3180594
-0.17899473
0.029640533
0.16891089
-0.07963759
0.19722597
-0.25454012
0.18975924
-0.28109726
-0.029100299
0.13680375
-0.072454065
0.27275923
0.07431346
-0.17120491
-0.051441673
-0.24339652
0.15914306
0.10578369
-0.28981417
0.20092244
0.105055176
-0.050165437
0.02058999
-0.11508196
0.084368795
-0.09076246
0.113825984
-0.2525718
-0.1863679
-0.14361714
-0.08807248
0.14941427
-0.2556609
-0.07853459
0.155337
0.055700548
-0.34375998
-0.015841484
-0.105021045
0.0077168653
-0.2589321
-0.2315473
-0.08098153
0.18491894
0.025954925
-0.18297242
-0.29256108
-0.007855445
-0.23508932
0.1044088
-0.30137774
-0.18482143
0.17877904
0.010384593
0.00091418624
0.05498633
-0.29130337
0.14429538
0.20476933
-0.17467694
-0.059697244
-0.13509117
0.17071418
0.0070925243
-0.10391018
0.27271912
0.29188246
-0.26101783
0.38717645
0.17134045
-0.07353386
0.31852657
0.28605762
0.0007998937
-0.25648144
0.08221838
0.1972512
-0.04593617
0.34411615
0.19443579
-0.10549749
-0.2973771
-0.31204617
-0.18216683
0.09464908
0.0010611233
0.07103707
-0.28817397
0.066052765
0.25800386
0.28028536
0.012778111
-0.038843248
-0.1088759
0.005337742
-0.07934279
0.3581916
0.026001716
0.21499978
-0.1909676
0.14323448
0.38294992
-0.055717684
-0.12139831
0.12835443
0.15829629
-0.3231973
-0.332593
-0.27635345
-0.27102497
-0.18115994
0.025671141
-0.03945951
-0.10993445
0.13643867
0.24768251
0.2841491
0.15743136
-0.2868682
-0.30933034
-0.2913418
0.33162108
-0.34324956
-0.16385917
-0.14714995
-0.17358099
-0.066426374
0.07217231
-0.26879215
-0.13875519
-0.10549028
0.20364861
-0.27614024
-0.09087202
0.09549724
0.3939042
0.15635914
-0.21980925
0.03111335
-0.34032774
0.0067526363
0.10321603
0.0021110892
0.31411934
0.104056485
0.11021214
0.022859141
0.18044914
0.14565589
-0.3365087
0.074884266
0.2739109
0.17039394
-0.02022657
-0.20716068
0.24463072
0.06874504
0.040659934
0.25715572
-0.015012427
-0.36328983
-0.16479777
-0.106911
0.34213248
0.34166288
0.20149635
-0.13124186
-0.020970076
-0.14669226
0.12873337
0.23914354
-0.35087582
0.20426576
-0.19075853
-0.1540547
0.08865452
-0.10566951
-0.12866774
-0.17829105
0.18354687
0.27177575
0.26867226
-0.34650457
0.0017943316
-0.3036388
-0.16754006
-0.20383629
0.17116407
0.118619986
-0.3973956
0.2077854
-0.03027169
0.13147068
0.13447428
0.0798815
-0.038811006
0.131033
-0.30410546
0.24517748
0.0026261697
-0.27908957
0.16989577
0.102315664
0.24790597
-0.36768186
-0.19509813
-0.27588183
-0.13363327
0.31368196
-0.06069983
0.3870443
-0.4501551
0.2558743
-0.052848667
-0.303006
0.22961378
-0.21431135
0.39597046
1.2239199
-0.33135864
-0.11807858
0.18285488
0.13347045
-2.3666916
0.14686112
1.0594105
-0.31623137
-0.4915263
0.2635205
-1.0275335
0.13103886
0.006241496
-0.23268999
0.09315359
-0.15952094
-0.030640224
-0.22886372
0.20712127
-0.007875174
-0.00053707033
0.055553522
-0.32380232
0.026176877
0.14201257
-0.04261774
0.232799
-0.025967045
0.2018923
-0.22430834
0.07048109
0.26486117
-0.0501676
0.16826417
-0.16904259
0.10745894
-0.1296343
0.28810266
-0.18348427
-0.35469967
-0.21168198
0.31687406
0.24558927
0.14935055
0.31129727
0.20904207
-0.19176212
0.14551063
-0.13060008
-0.1009458
-1.013626
-0.08813551
-0.037648465
0.353998
0.12232697
0.10723873
0.23410176
-0.25881
-0.124933355
0.095169336
0.54632545
-0.06883392
-0.12943809
0.22687483
0.22914483
-0.11307509
0.15473151
0.17188068
0.24346995
-2.4244869
0.09657014
-0.37914526
-0.096420825
0.19104584
-0.33996275
-0.04627964
-1.0768077
0.07689367
0.15786731
0.33614254
0.27888012
-0.05747805
-0.0035217497
-0.09138002
-0.22455373
0.08526387
0.012059629
-0.21050261
-0.04899937
-0.40356708
0.13815315
-0.08823612
-0.200252
-0.23046176
-0.09201955
-0.1997529
1.0139972
1.2675711
0.13413525
0.22036062
0.21988316
0.01999362
0.29721498
0.0031530315
0.26125363
-0.20935303
-0.2602224
-0.056733817
-0.99534017
-0.15561745
-0.3392102
0.3191893
-0.061669845
-0.03225417
-0.031742066
0.13934317
-0.15950195
0.08673444
0.38387164
0.051504094
0.034223266
0.09216583
0.17737906
0.24718891
-0.026154947
0.01809224
0.29491886
-0.1986932
0.17491566
-0.124108285
-0.029074585
0.20910777
0.07518906
0.24771312
0.06566888
-0.09699124
0.23590972
-0.117019504
0.14740993
0.08492234
-0.13500436
0.2798337
0.30450818
0.12888418
0.12670176
-0.1286375
0.22725697
0.076730855
0.17321953
-0.012059641
0.32959417
0.15549377
0.27612883
-0.213176
0.24290027
0.43208355
-0.19888008
-0.052598182
0.043895517
-0.23012659
-0.20801048
0.15387996
-0.32101244
0.17389578
-0.45018205
-0.32081595
-0.5172318
0.075047
0.022523554
-0.18602513
-0.0971631
0.18369013
-0.043499008
-0.2843634
0.17313822
0.29461333
-0.16044691
0.055474877
-0.15958443
0.111764245
0.08644575
-0.09387415
-0.19737077
0.055481546
0.27612853
-0.36845934
0.10509533
0.12168205
-0.34028935
0.010162913
0.059454206
0.025238547
0.045241155
-0.115337215
0.046635013
0.2429573
0.39698237
-0.1862224
-0.07503774
-0.34275365
-0.09265024
0.43701115
-0.13052207
-0.08631628
0.2230388
0.310438
-0.27203134
0.087977305
0.19741923
-0.08351584
0.039621856
0.03775173
-0.3138679
0.0909573
0.25314665
-0.06720023
-0.02483053
-0.85806954
0.3157326
-0.31446165
0.32857496
0.27815706
-0.052312076
-0.016233785
0.1131065
-0.17979237
-0.22427551
0.4850225
-0.099352285
0.12454195
-0.12380573
0.028944813
0.38846663
-0.063013636
0.17764813
-0.07510113
0.059574638
-0.24537475
-0.011920253
0.33217773
-0.24200745
-0.12645248
0.13314378
0.35166135
-0.20566657
0.08860146
0.19938558
-0.18139039
-0.14703229
0.26625654
-0.014244241
0.1711828
0.12739904
-0.28859818
-0.3603041
-0.2720224
0.16724078
0.16631997
0.15606645
0.009458039
0.15545988
0.19721976
0.11663288
0.05306894
-0.3068034
0.14208783
-0.2023952
0.019645773
0.035622276
0.11850242
0.024892487
0.17253347
-0.31482503
0.22940773
0.31879395
-0.0637239
0.029932134
0.05921199
-0.05709883
-0.15137613
-0.03274183
-0.32223976
-0.023361232
0.08949093
0.016877135
-0.3175986
0.11916194
0.22725792
-0.2811967
0.20434538
-0.030753113
0.19745767
0.30353978
-0.2499289
0.0826151
0.14412475
0.123460114
0.055397004
-0.28612155
0.20241244
0.26767844
0.25128895
0.22192508
0.10666919
0.20364638
-0.070154406
-0.29292315
-0.059368387
-0.2961199
-0.13335766
0.21302953
0.004167903
-0.05119106
-0.334155
0.016860636
0.18615115
-0.024910824
0.22300664
0.014911549
0.14816388
-0.27594507
-0.35573372
-0.23675671
0.2935278
0.23785469
-0.05180508
0.10607149
-0.24711339
0.1335235
-0.1694818
-0.32473952
0.2846577
-0.22027457
-0.20839149
0.19006957
0.0011220115
0.21310541
0.35265946
0.05426002
-0.022161715
0.33850366
-0.23913749
0.18853475
0.17371185
0.2456992
-0.34321207
-0.11060006
0.4274573
0.15657307
0.14043342
0.04283403
0.19026716
-0.20117599
0.30671325
-0.04662934
-0.024093723
0.403567
-0.11647425
-0.17117882
-0.07743638
-0.27813607
-0.06821898
-0.20830257
0.30443925
0.04993272
-0.20614232
-0.3016409
-0.09863393
0.058992606
0.16307709
0.28400573
-0.34149218
0.019401332
0.14078712
-0.07625035
-0.17782411
-0.20536894
-0.14838354
0.28006658
-0.018382914
0.11879659
-0.24462423
0.27512452
0.04074985
0.08513988
0.048241176
-0.39037308
0.26670983
0.13556974
-0.11267201
0.14082602
-0.28965604
0.013582626
0.16104546
-0.15888105
0.30605096
-0.17214184
0.27697313
0.044612616
-0.013405447
0.15768343
-0.13366076
0.29597497
0.32310376
0.06502238
0.40080705
-0.16821454
-0.53296334
0.0035995464
-0.15602985
0.32323456
-0.0683682
-0.19082087
0.1013539
0.0557751
0.31965595
0.12743054
0.04721424
0.26137286
-0.17388044
0.059695546
-0.29339668
-0.026648898
-0.29987866
0.37323833
0.29374653
-0.24039486
0.034512457
-0.29431802
-0.45664254
-0.26777172
-0.1055306
-0.51796407
0.14075553
-0.2509552
-0.08319518
0.21834584
0.3102146
-0.33870518
0.11067469
0.07097118
-0.18127437
-0.33384863
0.24274512
-0.22932039
-0.0995754
0.22805552
0.25835252
-0.27966726
-0.03764276
-0.12374561
-0.20360237
-0.026332606
-0.4861842
0.17986897
0.2504614
-0.19844924
0.149438
0.040092338
-0.0018196865
-0.13485284
0.24547465
0.19978079
-0.26482916
0.14958566
-0.21445349
0.30847764
-0.16800362
-0.23387958
0.029420108
0.28347293
-0.25775164
0.030474534
0.20186044
-0.07054198
-0.15513496
0.087755255
0.10322021
-0.17978272
0.12663439
-0.060713653
0.0019205307
-0.19016588
-0.36753967
0.30664417
-0.2915879
-0.04660295
-0.34388584
-0.17656654
0.04694196
0.2074358
-0.17370795
0.3630508
0.027664669
0.33090258
0.3073665
-0.3691757
0.08447781
-0.32716998
-0.02590551
-0.14797266
-0.079534546
-0.071772955
0.15967114
0.079308756
0.1933202
-0.34234264
0.37364188
-0.2664564
0.0281186
0.21799563
-0.13072805
0.13593902
-0.18705077
0.03268324
0.3279571
-0.06402399
-0.04732133
-0.23363848
0.095516965
0.26950255
0.14089109
-0.123667985
0.15083334
-0.26605278
-0.04025801
0.2551593
0.09679277
0.16540779
-0.2107435
0.26750478
-0.019599915
0.24378183
0.2187578
-0.028324684
0.2641626
0.01359666
0.22662403
0.12850021
0.18461439
-0.21213499
0.23973058
-0.23080896
0.044850614
0.23645793
-0.26599428
0.11920188
0.0014621306
0.23986113
0.1597564
0.22902252
0.09792647
-0.069239825
-0.16781597
0.10302879
0.002372831
-0.26606375
-0.09179217
0.07663287
-0.1531295
0.3675745
0.05214769
0.16149859
0.26042077
-0.2338794
-0.34551424
-0.008483198
0.10571909
0.008913983
0.38529116
-0.1897286
-0.16006325
-0.29092267
0.25970212
0.047551822
0.21366689
-0.0054615345
-0.066761225
-0.23009087
0.2922659
-0.05788455
-0.16532025
0.08594851
-0.274076
-0.06516107
-0.18898426
0.054609302
-0.2636351
-0.78798807
0.51946604
0.34148073
-0.54937077
0.07414887
0.18940465
-0.04217127
0.03646195
-0.23802981
0.23395592
-0.03762211
-1.0331053
-0.5290269
0.36071572
0.38758343
-0.14024065
-0.2809068
0.17457439
0.67877287
0.15257096
0.4605777
0.10885232
-0.35795063
-0.22785679
0.35186163
-0.057935223
0.021537054
0.40600118
0.05090419
-0.18151444
-0.20817733
-0.79229224
-0.59664655
0.0952126
-0.20677508
0.3884332
-0.12893598
-0.673755
0.0222466
-0.04378153
-0.08526309
-0.17136073
0.13103163
-0.054498624
-0.06667241
0.68686306
-0.19526611
-0.5179167
-0.3875256
0.13624294
-0.91201115
-0.06717948
-0.019402245
-0.2547986
-0.137682
0.14056444
0.01500498
0.056506053
-0.6598309
0.49502483
-0.093812905
0.14728642
-0.033013146
0.2723449
-0.21926293
0.10029526
-0.07802046
-0.17944579
-0.11043344
0.3246913
-0.19207348
-0.16484922
0.67011523
-0.57563233
-0.5751609
-0.1522528
0.059297238
0.08468882
-0.006267637
0.2593961
0.10016838
-0.48342684
0.009891284
-0.24091007
-0.09654024
-0.3459526
-0.25898108
0.057287663
-0.26410648
-0.2601009
-0.25900877
0.08223079
0.04586052
0.41915482
-0.27532336
0.28276005
0.20472488
0.09313476
-0.12752903
0.15631889
0.12467581
0.53903955
0.15718198
0.5214634
0.22054899
-0.43460572
-0.008606768
-0.1366351
0.68804514
0.66772264
0.29306573
-0.10192617
-0.0731196
0.24729459
0.3874823
-0.32011986
0.004417635
0.42624447
0.15935633
-0.21430837
0.08627021
0.066521384
-0.11751363
-0.097366616
0.29788542
-0.22859652
0.105177164
0.12681548
0.22076155
0.032771703
-0.13761681
-0.31518048
0.32123908
-0.05148383
0.24477124
0.10220929
0.3081939
-0.07138888
-0.28856993
0.28113377
-0.17875601
-0.3745412
-0.21928272
0.26346642
0.2457782
-0.34778994
0.25145972
-0.22635812
0.31581262
0.070631236
0.06089798
0.17943375
-0.10271723
-0.29783553
-0.2958655
-0.16789895
-0.2691226
0.02016644
0.2561962
0.40217242
-0.02216666
0.11183202
0.2508844
0.15290253
-0.25700113
0.12289996
-0.522026
0.32981828
-0.1431898
0.011602595
0.4671153
0.06427739
0.11981702
-0.1337232
-0.15751451
0.20616771
-0.13241023
0.29999742
0.14590229
0.04832967
0.23750015
-0.16791742
-0.35995486
0.031645924
0.08374228
0.2275887
0.21559812
0.060026776
-0.10992906
0.101949185
-0.23505805
0.022954596
0.014964824
-0.2640871
-0.031108683
0.3454757
0.06556312
-0.28853497
0.3290913
0.20209627
0.31562412
-0.059332713
0.13048396
0.07365385
0.20341319
0.16859497
-0.2900512
-0.28887695
0.011302791
0.1376722
-0.23379576
0.29482526
-0.052820645
0.23042114
-0.6672139
0.08668225
0.24026027
-0.16134961
0.26414302
-0.13866414
0.1754371
0.098442696
-0.05185119
-0.093712896
-0.34567565
-0.07410157
-0.02408554
-0.12204132
0.0852325
-0.01634251
-0.2975527
0.013930816
-0.15930268
0.009345975
0.54051137
0.21413612
-0.1320702
-0.08525213
0.18589982
0.17192061
0.13712342
0.11255251
-0.027290061
-0.12527221
-0.03016584
-0.14427504
0.047533303
0.18508773
0.14712942
0.23618136
0.028690536
-0.13893075
-0.091723576
-0.14126794
-0.33655462
-0.0776708
-0.043308258
-0.19813961
-0.3132922
-0.053005517
-0.08046471
0.22197662
-0.08325468
-0.17847608
0.090870805
-0.01876583
-0.101737514
-0.31263626
-0.10936043
0.33324152
0.1389629
-0.31138867
-0.06975493
-0.107539214
0.0074391156
0.20121673
-0.15876736
0.080248445
-0.34479034
-0.19638391
0.059607234
0.11729321
0.12157389
0.26868498
0.28636283
0.12800153
0.08691936
0.20800602
0.18029039
-0.100748315
0.18586233
-0.030904735
0.12721096
-0.12985118
-0.13167334
0.14102484
-0.31508118
0.07304128
0.023856675
0.3294292
0.2417738
-0.19451055
0.018264512
-0.1733924
0.2199061
-0.14333698
-0.024804382
0.18050109
0.09527344
0.014944345
-0.3555651
0.3996905
0.061566778
0.057887405
0.033908732
0.055476304
-0.19397181
0.06626107
0.14979932
-0.2604153
-0.17600581
0.1013999
0.22392392
-0.21328068
0.10976789
-0.1972189
0.16120219
0.06613302
0.16965286
0.06353514
-0.1580093
0.044257674
-0.4539693
0.01917954
-0.049848508
-0.27446502
-0.14027816
-0.10403094
0.26608953
0.2879262
-0.29174954
0.10578384
0.16244511
-0.21688655
0.14859247
0.11351892
0.20456713
0.32296887
0.082451284
-0.19050552
0.22696404
0.2806838
0.3262313
-0.32983267
0.2743894
-0.06530519
-0.14815351
0.13171288
0.2566274
-0.05267891
-0.1220436
-0.042500123
-0.10104635
0.18237983
-0.036928907
0.06371732
-0.23041394
-0.26588196
-0.027423792
0.2894342
-0.24829614
0.17981914
-0.28956956
0.19867781
0.1746692
-0.13491002
-0.14876148
0.17399888
0.27600318
-0.28914693
0.31983346
-0.1664723
0.09780252
-0.3596384
0.07448945
0.096806355
-0.110974394
0.15504271
-0.056777835
-0.30374914
0.032119974
0.47303873
-0.19015843
-0.15584563
-0.0815354
0.023752788
-0.2761111
-0.12782672
-0.03271358
-0.17759311
0.17757188
0.06241231
-0.16367105
0.31655872
-0.0069489824
0.10573065
-0.23385476
-0.07720616
-0.02602645
-0.16567573
0.12236554
-0.05179186
0.05236419
0.10380202
0.2771286
0.17068462
-0.112883635
0.25346157
-0.18677242
-0.01325078
-0.029485852
-0.11601977
0.20560981
-0.23630571
0.25017804
-0.27725726
-0.20684007
-0.060691264
-0.33654472
-0.2158856
0.29411966
-0.19462724
0.18208465
-0.058375925
-0.091754355
-0.13411416
0.14290383
0.08994459
-0.09209101
-0.0030041535
0.20535398
-0.08971867
-0.31159204
0.30873448
-0.38872963
-0.0993719
-0.13776997
-0.33995387
0.14620632
-0.018113911
0.013804192
0.09303732
0.14148308
0.11329894
-0.30014196
0.031163065
0.043745212
-0.19190808
-0.21405621
-0.09418785
-0.24272726
-0.020648923
0.02440491
-0.014085109
0.18934964
-0.16193895
-0.040978145
0.24288437
0.3913889
-0.297497
0.0057022064
0.05122247
-0.08251685
-0.34252915
0.0180573
0.25476453
-0.056087997
0.28573725
0.033539496
-0.13499162
-0.22177012
0.2681372
0.10696908
0.32409167
-0.1404768
0.226454
0.14829344
-0.08647709
0.16470951
-0.18720871
0.2873185
0.2390828
-0.2655476
0.30974248
0.010857902
-0.1854294
-0.28876886
-0.13117298
-0.23114133
0.32159853
0.08404861
0.23580514
-0.3245551
-0.02968791
-0.2058629
0.14781865
0.23126844
0.14640062
-0.17270298
-0.24656397
0.34798267
0.25716084
0.19238847
0.19572188
-0.26903334
0.112275064
0.094544634
-0.24793452
0.062899515
-0.29609254
0.22796464
0.19643733
-0.2790202
-0.0713993
-0.015974322
0.15120518
-0.1551633
0.016364116
-0.055533882
-0.097026385
-0.025798319
0.14976461
-0.039076656
-0.3189471
0.32840234
-0.17552678
-0.23579465
-0.25246605
-0.27057847
0.11637119
0.10849562
-0.23286985
-0.22042593
-0.2560063
-0.30653605
0.0203746
-0.030926574
-0.1266692
-0.15061499
0.014022261
-0.109201685
0.07909821
-0.30423355
0.35202047
0.1766278
0.25201854
-0.31454006
0.1811343
0.15571044
0.008991967
-0.10899253
-0.21968046
-0.30457103
0.053118985
0.23346807
0.15884142
-0.032192037
-0.21486503
-0.21116757
-0.08228675
-0.01698982
0.12937674
0.1582039
-0.15190804
-0.04428051
-0.0051081204
0.21402645
-0.1674577
-0.27317056
-0.053581733
0.013012092
-0.14082429
0.31506112
-0.03421714
0.15954769
0.27092007
-0.36735487
0.24628568
0.27730042
-0.21911483
-0.11364769
-0.26465952
-0.26777914
-0.07239104
-0.36640236
-0.001670917
-0.29783383
-0.20374525
-0.013347435
-0.52024066
-0.27492902
0.1291702
0.7896771
-0.40619856
-0.38180166
0.2522011
0.050713688
0.02973367
0.1033321
-0.20633738
-0.38751164
-0.2750266
-0.33483773
0.08461551
0.35062584
0.24440394
-0.091067895
-0.003177314
-0.11783671
-0.22479126
0.1019725
-0.530965
-0.38461307
-0.120968506
-0.19328235
0.09743814
0.07222053
0.19339348
-0.27432778
0.2940632
-0.028712386
-0.040261064
-0.51725584
0.45422682
-0.037544128
0.1933145
0.09338485
-0.05672125
-0.18145572
-0.18860297
-0.10265514
0.24452308
-6.474098e-05
0.11140995
0.18689086
0.27386525
0.3333358
-0.36618105
-0.29226834
0.11149288
-0.25952104
0.010317701
0.62616104
-4.5050245e-05
0.052994356
-0.15766175
0.025113603
0.2590179
-0.4456214
-0.104610674
0.02165884
-0.70178795
-0.13927922
0.21422398
0.03199307
-0.03653445
-0.4082975
0.17455216
-0.18234637
0.10695946
-0.09293691
-0.43392098
0.008236692
0.048264388
-0.8254002
0.042165466
0.20836133
0.22375527
-0.33387712
-0.3902208
0.06868848
-0.08433791
-0.25526232
0.2984062
0.24112235
-0.017633848
-0.016615786
0.3219242
0.22399156
-0.274311
-0.5069274
-0.2301242
1.1327747
0.080551006
-0.34777686
0.16867448
0.41465902
0.025724333
-0.1546216
0.092777744
-0.19925721
0.16680902
-0.22152805
-0.26441413
-0.13156977
-0.059102204
-0.25037143
-0.04794721
-0.38637298
0.17859882
-0.11572061
-0.09707523
-0.24521343
0.28690937
-0.181644
-0.26147017
0.11070189
0.015527276
-0.008142987
-0.05350646
0.24225575
-0.45526984
0.3943084
-0.21200883
0.05706328
0.029988656
-0.2905096
-0.17733002
-0.092044085
0.24185255
0.002267379
0.08612965
-0.5892397
-0.26343608
0.03801589
0.0065456294
0.1618174
0.122450925
-0.25461942
-0.26228732
-0.20012523
-0.11386892
0.07239447
0.22350414
-0.04527858
-0.24100344
-0.1419002
-0.088629626
0.13700217
-0.31693572
0.03307558
0.44375548
0.15264812
-0.01938096
0.2000952
0.012936227
0.08555746
0.15841728
0.19755779
0.14293666
-0.15692508
0.13734192
0.026441827
0.027287658
0.29614356
-0.048230328
-0.008261592
0.10540884
0.16956419
-0.048265014
0.14534047
0.22907801
0.22176062
-0.025088506
-0.094233915
0.20896669
-0.01865192
0.17905754
0.09390264
0.08495732
-0.044794496
0.14678393
0.10028606
0.043850094
0.23257838
0.17895104
-0.08805809
0.15245387
0.056486487
-0.3208985
0.27503636
0.15770556
-0.28247496
0.06928547
0.24507362
-0.030868338
0.1567398
0.04179779
0.030206442
0.30648243
-0.06375879
-0.25012678
-0.016027711
0.02004871
-0.011123105
0.3176957
0.2716004
-0.10305409
0.3106325
0.1469447
0.32519385
-0.067448124
-0.20778528
0.21820228
-0.25398082
-0.05981267
0.3819034
-0.15038534
-0.009520148
-0.36508638
-0.25590518
-0.11447718
0.53153414
0.2945234
0.13496995
0.09293214
-0.13105051
0.027381796
0.04165381
0.21611874
0.0005038197
-0.40558282
0.031262524
0.04815318
-0.102458164
0.2941164
-0.1588217
-0.07233395
0.17377345
0.059901133
-0.13822259
0.16562596
0.1521283
0.22576496
-0.11141449
-0.16392271
0.33257407
-0.048617784
0.13807657
0.06177687
-0.13740897
0.019900704
-0.10460728
0.08231333
0.070371225
0.39973092
-0.09997771
-0.06995963
0.04348672
-0.10221085
0.4265165
-0.26214537
-0.26186323
0.02115398
-0.056209292
-0.16471195
0.14369002
-0.307735
-0.16672854
-0.13680302
-0.3274368
-0.21239227
-0.096647605
0.049363203
-0.0060478924
0.1033246
0.1292132
-0.2924804
0.20663638
-0.2099508
0.24578817
0.13645068
-0.14506039
-0.063497365
0.15202558
0.18810913
0.30343026
-0.17086133
-0.13553295
0.11827658
0.11703388
-0.25568455
0.3008161
-0.14938353
-0.298672
0.28235796
0.2712437
-0.2402447
-0.20290662
-0.10062596
0.076639645
0.0018584986
0.04840925
-0.20578542
-0.11712484
-0.16109078
0.13181186
-0.18444297
0.22150175
-0.19604874
-0.35819665
-0.31501615
0.16002427
0.22570132
0.2475043
-0.10465711
-0.25688964
0.2262726
0.20691562
0.27228183
-0.19189541
-0.037244335
0.14244708
-0.0142135
-0.10685406
0.32610536
0.22341214
-0.28465015
-0.16147543
0.18860106
0.45089772
-0.092603415
0.078944884
-0.023795258
-0.22565739
-0.26196915
-0.2931792
-0.11763728
0.08373754
0.0421812
0.6243489
0.21653104
0.24166545
-0.31136242
0.065445736
-0.031101894
0.066479065
0.23950738
0.038953673
-0.1977374
-0.35959554
-0.21083833
-0.21466534
-0.0457658
-0.097224124
0.00046606647
-0.22544728
0.093240745
0.31506944
-0.12103172
0.1713518
-0.24987814
0.117488444
0.058244254
-0.21136536
-0.37162104
-0.21519737
-0.3876314
-0.075932965
0.061733976
0.018177837
-0.17208172
-0.020825282
-0.20114592
-0.1252046
-0.20242666
0.0628135
0.12432297
0.015476276
-0.21689774
-0.09228082
-0.089570574
0.1215588
0.14307371
0.083014764
0.3218847
-0.0939888
-0.03881585
0.13010885
0.1355905
0.08995582
0.26792836
-0.05066849
0.08619
0.050098225
-0.1435863
0.13950476
0.22295447
-0.100104004
0.120199464
-0.060384855
-0.100060485
-0.15685143
0.16669688
-0.25323117
0.20089106
0.042987198
-0.34601423
0.27618712
0.16538432
0.040161155
-0.13667056
-0.41525844
-0.08100927
0.12198895
0.13936952
-0.24827905
0.13482468
-0.12993735
-0.09498104
0.1365265
0.29648575
-0.10265103
0.1057885
0.02708928
-0.13114281
-0.14717358
0.2413488
-0.12400886
-0.07656604
0.01656945
0.30370215
0.13255024
-0.23805732
0.26614892
0.30167872
-0.2725094
-0.2939477
0.18242934
0.22419842
0.14024276
0.048164476
0.073791474
0.2755442
-0.19518822
-0.21923253
0.18165216
-0.24692175
-0.072799444
-0.0639221
0.11261366
-0.21571982
0.10184426
0.16753991
0.099882595
0.018823419
-0.06184096
0.19524814
-0.18995868
0.2975073
0.22084919
-0.16690841
0.15270312
-0.22035213
0.15569668
0.01675522
-1.0265125
-0.014691116
-0.07896369
0.18927713
-0.106773816
-0.2718383
0.39138442
-0.14740954
-0.0008616071
-0.30855748
-0.013615186
-0.13755141
-0.2755169
0.04905334
-0.07346674
0.0053337743
0.13096856
-0.20019482
-0.19373588
0.29490566
-0.23783538
0.09676996
-0.028338261
0.17102365
0.15089816
0.2000987
0.31320193
-0.1762331
-0.13914983
0.13066284
0.32034105
0.30127877
0.25937247
-0.19864869
-0.07450585
-0.14757693
-0.1899418
-0.12668222
-0.15424626
0.115092926
0.03110056
-0.24461874
-0.14045566
-0.3073542
0.21553673
0.17143717
0.07198033
-0.05330621
-0.1817467
0.03105666
0.08156755
0.3228771
0.23545341
-0.15908134
0.19565366
-0.2855295
0.2045056
-0.33771488
-0.35839048
-0.14100268
-0.1487274
-0.17672428
-0.04930922
-0.36529517
0.19509605
-0.20011315
-0.14340574
0.13205403
0.25179055
-0.291785
-0.02632685
0.040226873
0.21007593
-0.027562492
-0.27963302
-0.02175959
-0.13987763
-0.2291129
-0.20369737
0.2065171
-0.15609288
-0.25665262
-0.25854012
-0.30849612
0.20436895
0.037266217
-0.16573322
0.24772966
0.21347693
-0.01704055
0.006437007
0.26671273
-0.24602424
0.20010142
0.16516703
0.14679879
-0.31451178
0.06698852
0.109767675
-0.21267256
-0.11751056
-0.20206076
-0.17050646
0.27324286
0.06350545
0.09162122
0.2516773
0.2192016
0.22933981
-0.24438982
-0.33278233
-0.04961879
-0.2931211
0.19266623
0.28509152
-0.1547031
0.27791864
-0.055452436
0.16926701
-0.100928105
-0.052191533
-0.042553306
0.36959842
0.16162169
-0.01969389
-0.28164336
0.053262297
-0.07486351
0.17976326
0.010573016
0.053098038
-0.038202446
0.028473143
0.102159575
0.00038723263
-0.026117207
-0.017475143
-0.021556415
-0.017059045
-0.022069242
0.0
-0.0069293818
-0.051879272
-0.053144284
-0.021909645
-0.007472847
0.03114303
0.027305642
0.014411702
-0.040905107
0.03147176
0.0046263267
-0.018265989
-0.0031526203
0.11652263
-0.08031012
-0.007983419
-0.061933376
0.024824936
-0.0033587238
-0.022837894
0.0076074335
-0.11847466
0.0
0.0063211042
-0.07447099
0.010813383
0.01471567
0.001820574
-0.006928067
-0.0069350074
-0.02890596
0.08235189
0.02477057
0.016863747
-0.12800157
-0.012577364
0.056661163
-0.033315174
0.045347713
-0.1257743
0.060180005
-0.046412442
-0.020979505
-0.018171925
0.048954137
-0.0030695049
-0.004932115
-0.0015976316
-0.009379781
0.0023975933
-0.020631323
0.022039747
-0.031313993
-0.017187743
0.018766152
0.08383906
0.0
-0.037224647
-0.036950044
-0.055574067
-0.015414704
-0.00638127
-0.008288076
-0.031845674
0.00035986802
-0.0370104
0.018272523
0.047612775
-0.018118972
-0.05868368
-0.03735446
-0.034884576
-0.022097712
0.0
0.048385106
-0.0139456075
-0.0005684881
-0.014579482
-0.02344569
0.051473908
0.0
0.018334115
0.01587985
0.012418045
-0.041318156
0.030116666
-0.05076728
0.03935402
0.07589126
-0.014725698
0.023538915
-0.0070736334
-0.013833094
0.23019849
0.04577817
0.16420291
-0.009694791
-0.048350103
-0.058741774
0.0664734
-0.013775719
0.0044388957
0.036695696
-0.021662561
-0.015441222
0.03974802
0.096072815
-0.42846316
0.11058759
0.16057608
0.0783745
-0.12565051
-0.20689769
-0.18714432
-0.06373271
0.23155636
-0.13463745
0.10749279
-0.03621325
-0.07870692
0.20740417
-0.182045
-0.054694854
-0.11388848
0.13887186
0.11918018
-0.1386279
-0.12709701
-0.13200854
0.13354577
-0.087464795
-0.09285577
0.1085863
0.18178925
-0.32144898
0.07882385
0.19487704
0.1191596
0.060853016
-0.048689205
0.12888086
0.14551693
-0.015737489
0.089890175
0.118346535
-0.117095895
-0.29929972
0.0492108
0.31698185
-0.16371103
0.44875115
0.21080539
0.12274158
0.12419766
0.32251492
-0.22854033
0.20317858
-0.101215
0.09931104
0.15878488
-0.117059916
-0.20048076
0.31253988
-0.1810297
0.090186864
0.29575318
-0.24940467
0.10511471
-0.086542584
-0.113934346
-0.060618646
-0.10554462
-0.12866282
0.13233852
-0.17979938
0.06868686
-0.17502895
-0.101035774
-0.03696647
-0.08050617
0.116159685
-0.21721861
0.15473858
0.03694623
-0.06659932
-0.12933996
0.13288116
-0.09511129
0.07525011
-0.083678536
-0.06656266
0.09110952
0.021874685
-0.14590618
0.103700586
0.13332933
-0.08640328
0.24860762
0.04698866
0.06660826
0.06016603
0.07590215
0.049268503
0.58218837
-0.028309237
-0.25994045
0.22867829
-0.15300153
-0.33118096
-0.08185216
-0.2629584
0.14327833
0.038799234
0.30582362
0.12429494
-0.29227605
-0.19999929
0.015316612
0.072920136
0.21012351
-0.13453412
0.16337477
-0.12569432
0.0001435955
-0.09456735
0.09564961
0.020318002
