49
2
80
1
relu
line
1
0
0.05211296
0.1867775
0.06741492
0.1301637
-0.17272873
0.14562418
0.118444264
-0.017930387
-0.318346
0.22212335
-0.13807695
0.2113288
-0.002195686
-0.19188823
0.2812546
0.12678158
-0.09189298
-0.12062691
-0.32371232
0.10064518
0.17304726
-0.109612435
-0.110284984
-0.03440526
0.14945935
-0.08456418
0.008030981
0.10270897
-0.10956498
-0.122236796
-0.2115471
0.1357578
0.20294425
-0.28039193
0.0984523
0.23705032
-0.027631465
-0.33272
0.278993
-0.089634925
0.29862443
-0.031192929
0.19127837
-0.059165925
0.055556424
0.08240476
0.29767987
-0.030334597
0.06387442
0.2968822
-0.080129474
-0.07356695
-0.14792843
0.017255947
0.107063085
-0.08573447
0.1252749
0.12195385
0.30989358
-0.24318805
0.17949001
0.08186723
0.34631643
0.12433401
0.108967096
0.06434835
0.17463067
0.08569293
-0.15566084
0.24297464
0.2627947
0.19738987
-0.32113755
0.0025772257
-0.10233205
0.21990347
0.06214321
-0.07995816
-0.036910143
0.31140196
0.16077408
-0.050444268
-0.32987368
-0.2672728
0.078772366
-0.2768318
0.39340848
-0.031084653
-0.18274783
0.03881982
0.11304645
0.015938397
-0.07496065
-0.25342125
0.037276644
-0.090603486
-0.05000675
0.26841387
0.18015787
-0.012304536
-0.090629905
-0.3005191
-0.28783822
0.029499292
0.011990037
0.1758647
0.11892536
0.074144125
-0.5896233
0.1669429
-0.05757234
-0.60535204
0.1438913
0.037982702
0.10154608
-0.06319463
-0.213057
-0.27245957
0.2565001
0.13774315
0.10230562
-0.3489827
-0.22848804
-0.2649361
0.028414793
0.113508426
0.19121799
-0.20279709
-0.140206
-0.29524374
-0.1832636
0.13430114
0.12734261
0.25013444
0.004812598
0.21341704
-0.1114264
-0.20753853
-0.26781908
-0.17242138
0.25169414
0.24743484
-0.33497143
-0.092912674
0.10667497
0.06264167
0.34247532
0.14712934
0.1528268
0.438617
-0.13924336
-0.23500639
-0.12833004
-0.16345488
0.106389284
-0.1340957
0.0053078686
-0.34204736
0.06725548
0.20515536
-0.25272804
0.142017
0.34590185
0.16529264
0.08518532
-0.34672523
-0.20754358
-0.28417942
0.016221792
-0.13773622
-0.0062702037
0.13110077
-0.24413598
0.057055093
0.21145563
-0.07875882
0.12535587
-0.11543828
0.30381724
-0.17944197
0.29595557
-0.5765155
0.15642788
-0.28373417
-0.26358843
-0.046236835
0.2362254
0.167133
-0.33315936
-0.34136713
0.19685361
-0.44596314
0.32746717
0.15971068
-0.23163328
0.103133
0.21434866
-0.21477804
0.28911024
-0.07123262
0.27401295
-0.1519391
-0.032152113
-0.34789175
-0.01827818
0.069661036
-0.2265985
-0.23584716
0.110288374
-0.33043164
-0.36007527
0.17127496
-0.014105856
-0.3092595
0.17630182
-0.20457846
-0.045336023
0.025715275
-0.19549462
-0.049520433
0.14771833
0.2865699
-0.1689742
-0.13472477
0.20494148
0.09339093
0.2824048
0.243115
-0.06950051
0.37136906
0.005753696
0.07488057
-0.20988727
0.17487395
-0.10728402
0.102632016
-0.050844107
-0.027358172
-0.07162008
0.013950341
0.22830385
-0.099890985
-0.7054611
0.20428948
-0.12669538
-0.27695096
0.17672943
-0.120358154
-0.2991996
-0.24423543
-0.23115835
-0.0978512
0.051639706
0.086453885
0.20279266
0.35227332
-0.118258424
0.084189326
-0.13710508
0.06272369
0.33012134
-0.038510624
-0.093277395
-0.049689054
-0.40610126
0.12863114
0.29893354
0.35031438
-0.14112253
-0.23655228
-0.10500224
-0.2273196
0.10142729
-0.07821131
-0.24940711
-0.26440918
0.34600887
0.0150570655
0.18121076
-0.20067815
0.05219835
0.19593102
0.09538254
0.1812742
-0.06254667
0.027854517
0.061670303
-0.03827613
-0.09940836
-0.23939957
-0.19169176
0.08982518
-0.3143475
0.2754275
-0.3015971
0.020296618
-0.14459535
0.22748242
-0.30845606
-0.11372191
0.118480206
-0.17313622
-0.16723812
0.22256586
-0.35288346
-0.16640016
0.5533517
-0.2488193
-0.18876362
0.15962288
-0.2416558
-0.33046284
-0.42156607
-0.26919347
0.07558983
-0.17373794
-0.08792973
-0.15201548
0.18777509
-0.07655128
-0.00023468475
0.010498452
0.024000654
0.13322975
0.13210383
-0.21360403
-0.31690145
0.094589315
0.18272856
0.25654182
-0.06809669
0.12031715
0.2689382
0.22519873
-0.21337634
0.18442917
0.015661804
-0.30555892
0.27019605
0.23380664
0.17935659
-0.10688365
0.094392404
0.32587972
0.3246927
-0.1978039
0.10071248
0.11615288
0.13457274
-0.15597378
-0.10204331
-0.117079936
-0.2786611
-0.12136325
0.32190832
-0.2948238
-0.2844493
-0.01144993
0.007758714
-0.24795227
0.28232357
-0.32851997
0.08952257
-0.26307386
0.13608743
0.100966886
0.13879535
-0.16452256
-0.101535335
-0.0007097732
0.005316328
-0.013295164
-0.23551515
-0.30616453
-0.04190134
0.22243714
-0.32913557
0.14786299
-0.023842307
-0.022817373
0.14574113
-0.014523955
-0.07841251
-0.26638812
-0.24352759
-0.028893778
-0.2096731
0.016383039
-0.22089297
0.0722091
-0.027535617
-0.11580977
-0.31257308
-0.04804644
0.12016555
0.46491024
-0.24625766
0.13140137
-0.07554036
-0.061622348
0.23889726
-0.08524409
-0.037481986
-0.053702872
-0.20758751
-0.16315995
-0.11783768
0.101581566
-0.044377446
0.12254438
0.12805174
-0.0075170547
0.0074209273
0.13406266
-0.19670826
-0.30061212
-0.050949395
-0.068663836
-0.13077398
-0.118672565
-0.123709336
0.03151359
0.010293318
0.03907737
-0.32617056
0.13603526
-0.20760478
-0.2925166
-0.3128525
-0.34346202
0.024980862
0.2832847
0.0141150355
-0.27555153
0.17173836
0.16227418
-0.1044585
0.08672253
-0.04855828
-0.23399891
0.23296556
0.2405331
0.23372151
0.075829655
0.11450349
-0.14453954
0.08187811
0.018575652
-0.005753466
-0.030327415
0.30562752
-0.018537205
0.067120075
-0.35765293
-0.051113315
0.08326063
-0.33190957
0.23825659
0.0258898
-0.034272373
-0.029522829
0.13866982
-0.10350357
0.07153529
-0.08696402
0.064763024
-0.19586241
-0.3034115
-0.13178247
0.07599173
0.09491038
0.0413752
-0.10625532
0.12321067
0.15905873
0.28551963
0.121679
-0.14495155
0.06217321
0.04065683
0.007977818
-0.0064227246
-0.013624074
0.007003652
-0.3115406
-0.16036367
-0.113344826
0.16733271
0.11849931
-0.24796145
0.06242678
0.060367495
0.06686753
0.2456152
0.09041344
0.015540782
0.14227124
-0.27960277
-0.11605474
0.1613578
0.14568518
0.0339658
0.010422106
-0.20546582
0.012259887
-0.042869236
-0.28312892
0.14689513
-0.008197288
0.050842676
0.027981658
-0.06845377
0.11760101
0.24708709
-0.19462496
0.099131495
0.20144601
-0.15347953
-0.005381227
-0.1870228
-0.1673866
-0.06862381
0.2507546
0.12139848
-0.032799944
-0.1263305
0.06562619
0.32714263
-0.011133812
-0.09385409
0.16711509
-0.07580201
-0.025052428
-0.03383919
-0.22435257
0.24677147
0.21703207
-0.014939419
-0.07304615
-0.23909342
-0.0838448
-0.2691769
0.1558542
-0.040815115
0.11601636
0.025084708
0.32661965
0.016283425
0.023122368
-0.23946954
-0.18965884
0.026511308
-0.066526875
0.049923696
-0.20053595
-0.23528737
-0.2246174
0.024453312
0.0023789057
0.011106158
-0.29785022
-0.27049565
-0.112611964
0.1321046
0.15037867
-0.17223099
-0.008655012
0.09753433
0.22847155
-0.26959378
-0.1984118
-0.02874291
-0.17970783
-0.13531427
-0.34763888
0.15044138
0.28964677
-0.18523818
0.2991341
-0.3269997
0.09493023
-0.33714992
0.043999612
-0.07146329
-0.34073412
0.036435485
0.10154125
-0.26048175
0.13216984
0.15808865
-0.19465248
-0.25396985
0.3149034
0.15342799
0.28083125
0.11107069
-0.08025205
0.021543235
-0.036877006
-0.2555791
-0.20998727
-0.06320158
0.14449573
0.13057083
0.29068926
-0.1969226
-0.14640976
0.010855377
-0.117135495
0.33706835
-0.32668534
0.18705526
0.22974864
0.04021901
-0.11900698
-0.06422299
-0.27397206
0.08040598
0.28069797
0.32603982
0.31871137
-0.013253629
-0.28894415
0.2625409
-0.32387453
0.2521781
-0.2274836
-0.04890439
-0.19640976
0.014721721
-0.0085167885
-0.065226555
-0.1738536
-0.30597496
0.13079533
0.33083436
-0.18458368
0.34509972
0.2685025
0.32959256
0.22601873
0.33163255
-0.35155818
0.37766814
0.2780867
0.33558115
-0.2166774
0.19560234
-0.12351382
0.32446155
0.38419244
-0.06391693
0.33100513
0.18785076
-0.251216
0.12721322
-0.24724895
-0.11078729
-0.14750668
0.337003
0.12995626
-0.30012083
-0.3313679
-0.16826318
0.0052605984
-0.12750499
-0.2808361
0.3683044
0.23699147
-0.05553147
-0.07598153
0.075250186
-0.31543407
0.07707459
0.12223852
-0.24352802
0.31241038
-0.14170194
0.2942636
-0.18536766
-0.1824076
-0.21329574
-0.22570981
-0.2654825
0.3675742
-0.16633539
-0.26917264
0.1506127
0.010858555
0.12998813
0.20731106
-0.15417561
0.20849821
0.22987832
-0.08373788
-0.03919353
0.25749674
-0.1391925
0.18593815
-0.054397553
-0.31632838
-0.0899516
0.2981685
-0.14079824
-0.22809473
0.31431583
-0.28968185
-0.006402923
-0.22474203
-0.30001417
-0.20814382
-0.20249024
0.24131697
0.21571174
0.09211689
0.3719846
0.004292603
-0.019828126
0.35584858
-0.13229461
-0.04641611
0.2908923
-1.2263464
0.036485873
-0.10116507
0.552952
-0.08426255
-0.27697006
0.19575861
-0.3056113
-0.26169524
0.05575225
-0.122519925
0.23406534
0.24318747
0.08585418
0.1267269
0.18474671
-0.09164056
0.030545449
0.36163527
-0.45168057
-0.103678465
0.011404753
0.54409784
0.11210206
-0.21766925
0.06402785
0.11494169
0.16039203
-0.24461815
0.69583833
-0.12134206
-0.0972586
-0.12170215
-0.12121892
0.21203198
-0.33618802
-0.35164064
0.049723417
-0.33758393
-0.17492302
-0.17865595
-0.28489
-0.22565784
-0.18944292
-0.09108207
-0.16653071
-0.024754234
0.022281023
-0.18323298
-0.06362888
0.3480188
-0.10637209
-0.36227286
-0.08518308
0.35857496
0.5639216
-0.091513336
-0.007821143
-0.013230361
-0.048092484
0.4100333
0.11118725
-0.090378955
0.27871424
-0.5667704
-0.0462044
0.10713714
-0.3342632
0.2078242
-0.33074075
0.5402316
-0.34231275
0.23751332
0.3487482
0.14944406
0.20772885
0.09557606
-0.036573548
-0.1532875
0.4779603
-0.00390731
0.018383896
0.19209656
0.45450264
0.03550558
-0.2433629
-0.23781547
0.10627735
-0.18627134
0.17430185
-0.16891977
-0.08821241
0.06540545
-0.06761657
0.45303854
-0.022472471
-0.15713634
-0.19122124
0.35939974
0.009128154
0.15142342
-0.18251137
0.017926706
-0.19795589
-0.104917884
-0.07679237
-0.29258764
0.044825416
-0.017210284
0.4594823
0.13199854
0.114429295
0.08729315
0.10451594
-0.0020200335
-0.21712016
-0.1806056
-0.14523359
0.26350042
0.1789916
-0.0040951297
0.21617505
0.0036707579
-0.17854887
-1.1874138
-0.25359303
-0.19035825
0.051672444
0.03085957
-0.16008471
-0.18657805
-0.09854927
0.12586282
0.277832
0.37636963
-0.06136492
0.24166523
-0.05146138
-0.030184686
0.2671817
0.09021012
-0.18003896
-0.04920478
-0.23197345
-0.10028436
-0.10982092
-0.03288265
-0.067514665
-0.106861696
-0.22694165
0.807326
0.14822374
-0.19157903
0.21698242
0.027602829
0.06860427
0.07976206
-0.11725385
-0.12182073
0.47237736
-0.026739368
-0.20983237
0.049392223
0.37092802
0.38020155
0.06320446
-0.15868211
0.11760837
0.3635899
0.199939
-0.12132363
-0.22461428
0.06861381
0.07222916
0.29503497
0.33070996
-0.34873232
-0.25735083
0.1146732
-0.46447763
0.26330316
0.28738138
0.25728002
-0.14667045
-0.105326936
-0.28288347
0.038842045
-0.09290391
-0.029670298
0.12732477
0.084826976
-0.094401896
-0.33607712
-0.5508381
-0.067971714
-0.012432946
0.039548554
0.15475725
-0.27820474
-0.07688163
0.17468424
-0.13115057
-0.007765771
-0.11799008
-0.30866805
-0.34008494
-0.019606676
-0.15831627
-0.102563836
0.015244247
0.22151783
0.1672577
-0.15364727
-0.21756004
0.04910696
0.00803335
-0.3042443
-0.025796246
0.22789237
0.19780217
-0.0913147
0.23722067
-0.17808029
0.40203947
-0.6966587
0.30228442
0.0024283628
-0.12628776
0.057521373
-0.042808715
0.501307
0.28751394
-0.01653616
0.10267657
0.3112421
-0.067199014
0.07328998
-0.15414363
-0.32441026
0.14668167
-0.23101531
0.33481124
-0.18303123
0.05775254
0.12322286
0.110207155
-0.1821462
0.15660664
0.12201601
-0.18965228
0.04439789
-0.13933188
0.12314034
0.26555562
-0.25827882
-0.16220681
-0.14396279
0.09175927
0.21416812
-0.08723424
-0.12432042
-0.22379345
0.23959155
-0.201989
-0.014918953
-0.1059851
-0.2856926
0.21325994
-0.23083904
-0.033902016
-0.25600702
-0.28012335
-0.24534936
-0.4218848
-0.07000236
0.19680177
-0.22075243
-0.29323235
0.0579679
-0.23311497
-0.06193908
-0.27653176
-0.07296065
-0.37811014
-0.1653502
0.21150258
0.025046336
-0.2137264
-0.22868286
-0.01473071
-0.13475731
-0.28465953
0.16131458
-0.17800191
-0.2261453
0.12210781
-0.20722649
-0.28379598
-0.09424041
0.005447194
-0.17837429
-0.19618791
0.036386784
0.123772286
-0.43676203
0.33054256
0.07508253
-0.050592784
-0.26170295
-0.009168865
0.43209738
-0.088638194
0.023444153
0.054037906
-0.08414299
0.14808184
-0.19784799
-0.094155
0.20644453
0.089562185
-0.1652243
-0.08645464
0.34805188
0.19394346
0.23733231
0.24167758
0.29096207
-0.026422918
-0.059193797
0.41972658
-0.010589421
0.12189393
0.089742735
0.26341403
0.124019146
-0.20227449
-0.27909142
-0.016526163
0.18317053
-0.12428042
0.024407996
-0.10010351
-0.22547123
0.18177994
0.03840968
0.29254562
0.2693353
0.18448144
0.17725976
-0.18967994
-0.202864
-0.29565263
0.341862
-0.108696006
-0.27537078
0.14048196
-0.1292586
-0.13970174
0.019742757
-0.2870991
0.04937806
0.29703453
-0.0523347
0.18209514
-0.08510994
-0.16342868
-0.5184154
-0.3370036
0.22604886
0.07361493
0.24757352
-0.019036103
0.031975303
-0.022091784
-0.22611652
0.20060627
0.043579824
0.22222044
0.058234032
0.1280583
0.10655709
-0.27782708
0.048993967
-0.16065092
0.3436705
0.24310161
0.3202177
-0.016225468
-0.123400435
0.33654088
-0.02783384
-0.24174999
0.038618263
0.04583539
0.20336926
-0.07501617
-0.1954882
-0.12338554
0.258912
-0.1865788
-0.30824214
0.071852
-0.23867145
-0.0080759525
-0.05881986
0.23466799
-0.22426257
0.07290721
-0.22239667
-0.22100583
0.12960523
-0.11019009
0.28293207
-0.24787259
0.07862145
0.27960655
0.32354072
0.17717358
0.14001852
0.29200837
-0.108211905
0.27716258
0.21138313
-0.06879714
0.20279565
-0.25205323
0.32443324
0.0055294335
-0.1036727
0.08531162
-0.13252491
-0.08078766
-0.005079925
-0.081041634
0.3154777
-0.196763
0.17941514
-0.11328457
-0.17940673
-0.33212456
-0.12179467
0.123379916
0.2872071
0.15224478
0.23127672
0.26789322
0.2702413
-0.15191542
-0.016846746
-0.29472595
-0.22087051
0.32792273
-0.009089261
-0.17267041
0.2959375
0.032914966
-0.04156974
-0.27192354
-0.18357836
0.16806296
-0.011186838
0.26732484
-0.34242907
0.14160976
-0.2703604
-0.26146927
0.19760004
0.24486205
0.31897148
-0.29051304
-0.23302738
-0.013216436
-0.31314236
-0.3153565
0.21955773
0.2599459
-0.15475126
-0.2685802
0.11423271
-0.23240769
0.20807059
-0.09822875
0.19396636
-0.12065136
0.17447194
0.043043654
-0.34686667
-0.14673865
-0.34864563
0.20478813
0.12996957
-0.12278506
-0.119843215
-0.119519755
-0.32869092
0.05023685
0.23203376
0.035284642
-0.1054187
0.02017057
-0.2807533
0.15125665
0.15274432
-0.24875838
0.015868396
-0.27861676
0.33979666
0.2218778
-0.019882733
0.30044836
0.04534349
0.15139744
0.003725022
0.096218735
-0.3753503
0.08564791
-0.27232108
-0.08398977
-0.034222364
0.024093783
-0.052806795
0.13372988
0.07502755
0.041731548
-0.1615811
0.27499914
0.18876114
0.32605463
0.38433817
-0.43333143
0.21279892
0.21887264
0.34695575
-0.3729748
-0.28242922
-0.18312085
0.07627815
0.31308177
-0.097320184
-0.18360686
-0.2766345
-0.323053
0.15448263
0.097675435
-0.043025427
-0.22552969
-0.25715268
-0.1804887
0.024886996
0.16238543
0.2591366
-0.03533722
-0.23932528
0.37600452
0.08928644
0.0411567
0.15346894
0.26030597
-0.053403478
-0.13550247
0.119625986
-0.019466938
0.15799275
-0.08771688
0.18129732
0.0740862
-0.101707935
-0.28621095
0.11562601
0.19162796
-0.22266415
-0.57332456
0.18305343
-0.070346326
0.3286504
-0.2054211
0.15044722
0.2399731
-0.3718619
0.08335232
0.0434573
0.027926475
-0.017051287
0.05993339
-0.19196415
-0.04333735
0.35210228
0.27042547
-0.074240245
-0.19672795
-0.12592016
0.21349236
-0.18475905
0.11656818
-0.29048362
-0.005200128
-0.36286914
-0.05624208
-0.3106797
0.0031676188
-0.11820404
0.058110565
0.032928746
0.2031911
0.15157469
0.30625898
-0.26237327
0.3514392
-0.0046107974
0.07512659
-0.10206886
0.23583782
0.0318926
-0.35081607
-0.36308596
-0.4374711
-0.047692418
-0.11684725
-0.45974228
0.0070586237
-0.4287649
-0.28023976
-0.1667177
-0.0733187
0.05488615
-0.005230437
0.1381888
-0.23484029
0.20378605
0.030231953
-0.18530264
-0.16103171
0.24159844
-0.4583064
0.16438355
0.03987458
-0.25738564
0.28542504
0.016359333
-0.37250996
0.26705083
-0.1250169
-0.026837975
-0.09466912
-0.19220321
0.24034677
0.2982308
0.120400816
-0.027610427
0.22551014
-0.17050968
0.026185352
0.13047169
-0.21663548
-0.3134742
0.32908633
-0.24373718
0.093188465
0.05376318
0.41319454
-0.026106678
-0.2791274
-0.2790237
-0.053224184
-0.25381768
0.26995155
-0.2570343
-0.23725013
-0.22264393
0.02707202
-0.057010442
-0.1982668
-0.09534848
-0.3491453
-0.15161315
0.43652695
-0.096443504
0.22448877
-0.32550865
0.0958613
0.16093136
-0.33740807
0.282334
0.1804715
0.21050973
-0.34224638
-0.23039381
0.3715843
0.015498717
0.020897029
-0.1747327
-0.13221282
0.28560913
-0.09413103
0.08460688
-0.27713144
-0.133458
-0.34295952
-0.16237366
0.15109359
-0.023309747
-0.17748877
-0.2102418
-0.20470567
0.079477176
0.059123494
0.2780596
0.1563584
0.18637499
-0.21718465
-0.28815362
0.24315201
-0.34298795
0.2885645
0.25097796
0.005404056
0.14353114
0.36147162
-0.0030795306
-0.3738381
0.033423707
-0.03184059
-0.19996725
0.063219205
0.00036785484
-0.081264935
-0.15695596
-0.28564864
-0.13739964
-0.06918474
0.21067044
-0.05856316
-0.23859552
0.35808858
0.3544548
0.19044492
0.14049438
-0.09464382
-0.20728192
-0.12864377
-0.025436336
-0.26328027
0.3665108
-0.036984958
0.25707224
0.12472104
-0.29847798
0.049191765
-0.05296454
0.011940555
-0.18862031
0.26788172
-0.09718934
0.70879275
0.09877622
0.12592164
-0.10800839
0.2786204
0.32359305
0.30278605
-0.047900457
-0.21683395
-0.05960106
-0.23392978
-0.15266462
-0.2507044
-0.3112602
-0.014777899
0.06315348
-0.041578323
-0.311457
0.22482067
0.26594058
0.3308671
0.31527093
-0.25273082
0.14547086
0.11625951
-0.13352546
-0.15368721
0.1959572
-0.1609845
0.15413739
0.25881287
-0.033742815
0.21890742
0.28674638
-0.22113274
-0.05355206
-0.08394657
-0.151909
0.24549332
0.11960879
0.13796961
0.32950753
0.41773772
-0.16903786
0.062360656
0.2558418
0.00016201942
-0.23896527
-0.17449147
-0.13250513
0.121036455
0.4321584
-0.39896274
0.22427383
0.09595251
-0.0023614506
0.08295475
0.015442729
-0.28743565
0.0073198914
-0.10786572
-0.102710165
-0.19731763
-0.29798922
-0.02920028
0.05787276
-0.25719345
0.13370784
0.22050753
-0.15248641
0.23558412
-0.2965147
-0.26059133
-0.3572464
0.18787985
0.17738709
-0.25886762
-0.0070147216
0.1340344
-0.14439411
0.053333115
-0.23530483
0.0028703033
-0.49743462
-0.073643245
-0.27199036
0.054950498
-0.33665472
-0.12388608
-0.25926626
-0.04425236
-0.3473891
-0.021640785
-0.25962386
-0.2045524
-0.18523972
0.45538664
-0.11211881
0.14065447
-0.238899
0.30875456
0.2905196
0.34404805
0.23985805
-0.18336698
0.28140572
0.06175607
0.39713985
-0.07788658
-0.07533192
0.418701
0.29867396
0.2144803
-0.11044537
0.21018852
0.07440001
-0.12710385
0.24141864
0.04042981
0.17371067
-0.2391698
-0.13112803
0.3917249
0.074037485
-0.29286447
0.11281734
-0.30138522
-0.14994189
-0.0014886615
0.08607674
-0.16547033
0.0034310254
-0.19300215
-0.34000203
-0.30616394
-0.17797452
0.025038956
-0.34152704
0.041597333
0.022261133
0.07350708
-0.01983135
0.24987534
0.19764766
0.123116605
0.26732755
0.2762121
0.23491098
-0.21976966
0.14064753
0.2090763
-0.23444784
0.17564519
0.25706553
0.11506563
-0.2922597
-0.10386428
-0.12912859
-0.21666425
0.2444596
-0.35470542
0.07625557
-0.2062217
0.02734969
-0.33068198
-0.25987795
0.14756253
-0.16659147
-0.15180604
0.35699755
-0.2848206
0.21103579
0.22847459
-0.23845871
0.20580617
-0.020956835
0.060920365
-0.27423126
0.05382431
-0.317303
-0.26088777
0.22256279
-0.07301159
0.13705742
0.08158218
0.24285533
0.23394492
-0.27441734
0.21522436
0.25661
0.0014007366
-0.33964333
-0.13098352
-0.18352129
-0.33357188
0.27897874
0.3008645
-0.107584745
0.21586116
0.18452623
-0.3568981
0.13042378
0.20186226
-0.084465414
0.10382541
-0.05488643
0.29920092
0.2777519
-0.29902607
-0.1877358
0.22095653
0.33538255
0.12531814
0.13772446
-0.095614016
0.23446313
0.014553696
-0.34765148
0.025056273
-0.27513623
-0.08613932
0.023023695
0.19658777
0.12454417
0.030716777
0.25217208
-0.034153372
0.116136014
-0.08721095
-0.275537
0.05725506
0.33316955
-0.06718254
0.22690466
-0.033504546
-0.17053263
-0.20673904
0.27634838
0.26693645
-0.08023536
-0.24290732
0.13725293
0.03284228
-0.01582408
-0.21391594
-0.30892652
-0.19157921
0.194294
-0.028036118
0.11447367
-0.3053152
0.30745748
-0.31085724
0.26986936
-0.26966769
0.06049463
-0.12081888
0.08701882
-0.12244809
-0.1551961
0.232236
-0.058419406
0.17873606
0.15317813
0.29665008
0.28777096
0.1647776
0.15639791
0.077542365
0.304108
0.039713264
0.024454147
-0.33306205
-0.1933419
-0.10649827
-0.04052487
-0.05162552
-0.1765296
0.34564343
-0.27000535
0.1506029
-0.118897766
0.2808132
0.068883
0.2575412
0.14747259
-2.7120895
0.2552157
-0.20900887
-0.1878747
-0.2792469
-0.12894636
-0.21678564
-0.22180058
0.09971231
0.15759315
-1.8588514
-0.24867426
1.299838
0.11488042
-0.36551714
-1.5394124
-0.31513083
-0.083614916
-0.26162252
-1.2562473
0.3147681
0.4228118
0.34534314
0.37036693
0.2487103
-0.2576045
-0.0706352
0.13464303
-0.18786576
-0.31621972
-0.15961161
0.016346186
-0.3305643
0.06997967
-0.05107698
-0.05666211
-0.2745262
0.77394783
0.25992242
0.3421962
-0.08431432
0.1179364
-0.34033924
-0.33387214
-1.0267173
-0.08876652
0.11493855
0.7962746
0.36795834
0.12177974
-1.9169064
0.02954474
0.22644465
-0.294271
-0.05751148
-0.25033918
-1.1111932
0.14243844
0.03590122
-0.094893456
-0.2552487
-1.4265305
0.13831407
-0.024057707
0.110466145
-0.35483167
0.14584121
0.20641927
0.18353683
-0.07591167
0.15001416
0.25181508
-0.08087802
0.2568855
-0.31983614
-0.36816466
-0.13074477
-0.28106207
-1.0733693
0.34543848
-0.40756184
0.15458792
0.058774427
-0.27176827
0.15990311
-0.08422381
0.39613703
-0.09888703
0.060148895
-0.2829164
0.22738077
0.2016199
0.5132596
-0.21032605
0.13895586
0.019041814
0.22473422
0.07964519
-0.050412737
-0.60855246
0.47093585
0.35452557
-0.08112797
-0.20832789
0.25451905
-0.013214499
-0.32914096
0.41624993
-0.005735509
-0.08617649
-0.30977726
0.11094546
-0.15913479
0.22778723
-0.040299922
0.132093
-0.0037915786
0.07617358
-0.100366324
-0.2666958
0.29069018
-0.34500828
0.035309374
-0.45543897
-0.27278417
-0.210701
0.29278973
0.28850612
-0.17450435
0.39324313
-0.20079058
-0.11106001
0.1525302
0.27164212
0.19241346
-0.092511415
-0.18184775
-0.16304515
-0.28443742
-0.09192531
-0.059484605
-0.43243754
-0.3455303
0.196522
0.22325891
0.07181838
0.29688972
0.09826149
-0.38226274
0.16094497
-0.14789997
-0.5411649
-0.01067505
0.23337924
-0.31596106
0.1211513
0.4215651
-0.21905649
-0.31552106
0.4191493
-0.4921978
0.10519271
-0.21324866
0.1669642
-0.30701056
0.051420394
-0.17001598
-0.09865785
0.2858452
-0.008235307
-0.6043523
-0.17534307
-0.13823338
-0.28229183
-0.23573662
0.08825149
-0.15224455
0.14975053
-0.007838561
-0.3963819
0.3713248
-0.041792978
-0.04828036
-0.23650597
0.40229613
0.27558276
0.16381809
0.30359903
0.1174797
0.5651926
-0.1210515
0.030413598
0.13921401
0.18249622
-0.63451
-0.19048108
-0.52061623
0.0005451548
-0.18165904
0.2088106
0.089478865
-0.06847107
-0.31926048
-0.08470091
0.026520176
0.021954976
-0.00074260565
0.15630227
0.10467882
0.2063805
-0.014565967
-0.30888897
-0.0071958913
-0.1703712
0.023408456
0.18792747
-0.10435202
0.21721467
0.21445693
-0.0053517437
-0.16131629
6.8462294e-05
0.035420924
-0.24229436
-0.31208724
-0.14526188
-0.14263621
0.20500773
-0.2165029
0.19944367
-0.92961055
-0.11803338
-0.20541051
0.056634445
0.11797953
-0.29385182
0.2652142
-0.21534556
0.188094
-0.07902414
0.16996634
0.10704893
-0.008651137
0.053183407
-0.41812173
0.029232377
0.3700288
0.073839515
0.16491565
0.11036546
-0.15223947
-0.01357466
0.12498679
-0.0014893907
-0.13717365
0.16181025
-0.031270742
-0.27491772
0.07713538
-0.38049376
0.31168634
-0.06325097
0.014666259
-0.16071624
0.007834299
-0.054621726
-0.1054251
0.028365007
0.27150923
0.06256762
0.14475194
-0.14934506
-0.33588338
0.1867167
-0.10721457
-0.23492567
-0.107229225
-0.08303048
0.03724849
0.23836336
0.29290503
-0.15138425
-0.2518363
-0.28352106
0.057910815
0.39925185
0.1925526
0.06061143
0.09950742
-0.254157
-0.019519977
0.25668898
0.35835758
0.10547797
-0.21457407
0.11243791
-0.35977745
-0.37616944
0.16206852
-0.11747986
-0.33366397
0.3124689
-0.003765583
0.010997656
-0.08192829
0.08658766
0.27408707
0.21086589
-0.033603765
-0.07825768
0.05246325
-0.13197853
-0.19410367
0.160342
-0.14210153
0.16857083
-0.08676433
-0.08693157
0.45947942
0.003481694
0.12669568
0.024039058
-0.2539071
-0.2652307
0.06159951
0.17972817
-0.14003871
-0.24095765
-0.3012372
0.04483449
0.065420106
-0.30601192
-0.052412152
-0.31292894
0.161338
-0.14538114
-0.26883975
0.13699129
-0.30967504
-0.14399873
0.16265754
0.25724092
-0.1342498
-0.1290778
0.21763152
0.24903014
0.21359117
0.31176677
-0.26148537
-0.14699553
-0.32052982
-0.16103664
-0.16560097
-0.26030812
0.10226773
0.29064986
-0.5755335
-0.08697066
0.22595456
-0.25832194
-0.09223438
-0.30999342
0.19343767
-0.09866811
-0.1817834
-0.15725116
-0.2802256
-0.19334967
0.11584467
0.3632652
0.2070792
-0.14760372
0.16424698
-0.32046652
0.2821387
-0.012636778
0.017495763
0.34003273
-0.28098986
0.16007137
-0.27901316
0.038406856
-0.25563267
-0.2169435
-0.084302336
0.16615115
0.2172496
0.2117296
0.23254876
0.045306593
0.24938332
-0.324201
0.33285517
0.0006872217
-0.3648385
0.18758619
-0.08506393
-0.033216562
-0.0869931
-0.10989299
-0.23871031
0.17152838
0.20275979
-0.33219332
-0.23739971
0.039781317
0.19421038
-0.2707844
-0.03210771
-0.05659447
0.07782289
-0.34266585
0.2666934
-0.31816444
0.3289274
-0.25345555
0.1707665
0.28437933
0.14237136
-0.11428279
-0.18873613
0.06065665
-0.024871051
0.24528228
0.16435735
0.14410552
0.19840018
0.2447299
0.19713396
-0.20882878
0.19520308
-0.2235505
-0.2575573
-0.32575667
-0.19186057
0.31094044
0.18207341
0.23389702
0.20288676
-0.3153418
-0.11938189
0.31673193
-0.15200077
0.09574144
0.085041575
-0.27770802
0.28608078
-0.021161968
-0.18132111
-0.20754276
-0.30570662
-0.1567982
-0.038633067
0.1345674
0.27005887
-0.2871164
0.32016993
0.1566231
-0.26169544
-0.047239702
0.22810027
-0.0119721955
-0.33180863
-0.33408296
-0.065703146
0.12794736
0.30041867
0.18055934
0.018348314
0.028942645
0.13805735
-0.1239129
0.15520054
-0.022240814
-0.38930348
0.13330734
-0.002716373
0.18994354
0.33241898
-0.2725467
-0.57655716
0.21064682
-1.1755009
-0.030289441
-0.2888661
0.2833291
0.13508424
-0.11529246
-0.2724343
0.05924818
-0.20627737
-0.29543695
0.20074913
-0.30772915
-0.10403898
-0.42936498
0.24558952
-0.32018328
-0.13492477
-0.04564062
-0.08179956
-0.601657
0.08274242
0.29839092
-0.43485197
0.08313444
0.40342876
-0.17267385
-0.24425669
-0.029215002
-0.027733289
0.14052224
-0.10455729
0.03814289
0.25788537
0.14295994
-0.27555078
0.08481787
0.04882139
0.02843213
0.23889759
-0.2400693
-0.30274433
-0.012633506
0.024153968
0.14852297
0.0008759202
0.17467648
-0.527599
-0.3747719
0.09269744
-0.124191
0.08416368
-0.23460127
0.39505002
-0.15846889
0.26506832
0.19593939
0.13421202
-0.13782257
-0.21510468
0.42706826
-0.15610348
0.21808077
0.32198298
-0.86740613
-0.047346663
0.19518363
0.59194034
-0.22013457
0.057605654
-0.25863457
-0.22288
0.13949361
-0.1278175
-0.16174233
-0.5205985
-0.07899894
-0.2044647
-0.028197924
0.7263124
-0.38533106
-0.023068031
0.34874967
-0.1531871
0.24994962
-0.28143075
0.10149771
0.19328228
-0.25609118
-1.4099748
0.12447849
0.15468538
-0.14666882
0.08976985
-0.59429634
0.20632932
0.014981687
0.18632244
0.51831645
0.34680277
0.118111245
0.10203898
0.70516694
0.07926757
0.015924186
-0.29913908
-0.000827047
-0.11851569
-0.36029577
-0.62621003
0.19546726
-0.17890015
-0.34043646
-0.33723953
-0.078036346
-0.22439823
0.03499459
0.20990448
-0.11089799
0.10500062
0.089850396
0.073586166
0.18968661
-0.06606032
-0.046375
0.025889577
0.04333755
-0.24263367
0.013294705
0.0037519145
-0.008930832
0.16871312
-0.16625062
-0.214271
0.17376372
-0.1512097
0.34159437
0.15890838
-0.09774296
0.3231726
0.04034815
0.13489914
0.09132504
-0.29522648
0.2996127
-0.18553486
-0.42597243
-0.42445567
0.16563734
0.20592687
0.2638822
-0.00785415
0.053647865
-0.16062759
0.046264417
-0.21859646
0.14435185
0.84444445
-0.28550696
-0.34891614
0.073963426
-0.23767017
0.33693132
-0.096824825
-0.25679472
-0.121244945
-0.03604421
0.14175609
-0.26885974
-0.16356075
-0.0023660362
0.038177807
0.18246482
-0.1983115
0.049206167
0.14122215
0.32355842
-0.25344244
0.3395315
0.06643591
0.32980344
0.30983797
-0.38102442
0.060352698
0.19594386
0.3217255
0.006182901
-0.07944735
0.28758848
0.37171492
-0.11808692
-0.18574567
0.15634719
-0.0796762
-0.12882154
-0.15676819
-0.13182896
-0.15484093
0.2777802
0.14822115
-0.21779497
0.2297838
0.3804211
0.040042534
0.04810008
-0.13551144
-0.09939888
0.18515116
0.009315409
-0.25238737
0.16983274
-0.3669929
-0.11968116
0.0027856478
-0.15775692
-0.3303558
-0.26159215
0.091273494
0.39831233
0.41543913
-0.34289002
-0.122870654
0.100008085
-0.05370899
0.32899508
-0.044372715
0.13605599
0.13617763
-0.33657578
-0.2278713
-0.0066581727
-0.21210082
0.27901605
0.25359964
0.3401752
0.05427859
-0.10241651
0.099044986
-0.17106085
-0.17919141
0.24340941
0.091227286
0.044512272
0.3497142
0.006240481
0.19322547
0.048063934
-0.09372261
0.18970451
-0.3497245
-0.12461041
-0.25210592
0.14922406
0.28289545
0.16809125
0.09794736
0.33706757
-0.0046037473
-0.26856363
0.07316681
0.43516973
-0.26608008
0.16889147
-0.17450325
-0.34911808
0.0744426
0.28521553
-0.08536778
0.1374501
0.17260008
0.045204908
0.24731436
0.33245662
-0.20068239
0.18424429
-0.1739567
-0.22478461
-0.22414239
-0.022727758
-0.026942413
-0.33677343
-0.06722075
0.33164394
0.25735754
0.020545252
0.33362845
-0.0895318
0.035559595
-0.19831152
-0.22441386
-0.22599757
-0.2803463
-0.23479518
-0.35104558
0.17007141
0.05181602
-0.17828059
0.11579885
0.23054388
-0.26838782
-0.30501944
0.1850222
-0.3346091
0.33873844
0.39051458
0.20991342
0.32895878
0.030090163
-0.20374677
0.26026502
-0.09259106
-0.10581565
-0.17898954
-0.12848374
0.050904818
0.02821896
-0.2134442
0.08001583
0.13830525
0.12925279
0.41912696
-0.081621535
-0.02248457
-0.3352334
0.33144793
0.24996601
0.010611504
-0.31055614
-0.23576592
-0.2508997
0.21069238
-0.029450314
0.32905093
0.00086503034
-0.29156947
-0.32752547
-0.2591476
0.27204454
0.2639383
0.23762722
0.21059972
-0.019529253
0.15047966
-0.18323058
-0.06517926
0.1947863
-0.23225437
0.32225886
0.10206776
0.024442194
-0.13268326
-0.29931298
-0.23098311
0.01953704
0.15414324
-0.5020761
-0.093689345
0.082517646
-0.19491395
-0.17807628
-0.10584708
-0.32452142
-0.01059969
-0.019448161
0.42522526
0.21040158
0.308651
0.009688442
-0.15682648
-0.28843576
0.16794029
-0.11698475
-0.31938928
0.053701226
0.19116116
-0.18824518
0.017587956
0.14321868
-0.33410567
-0.35148573
-0.20505525
-0.25082833
-0.18387347
0.27424157
-0.23929878
0.31893337
0.3607761
0.04539816
-0.26318377
-0.00987303
0.08454399
-0.07205852
0.31075138
-0.051520303
-0.034324296
-0.16413446
-0.08917873
0.11198966
0.06400958
0.15483806
0.17398708
-0.16541533
0.26701084
-0.14096017
-0.24388129
-0.21386525
-0.18576396
-0.29352075
-0.19957776
0.1397567
-0.019526243
-0.09984416
-0.214441
0.26127997
-0.2772809
-0.22481212
0.2322196
-0.3151314
0.18283689
-0.32249945
-0.031607497
0.156356
-0.29089645
0.19068493
-0.16284388
-0.039433915
0.11756796
0.25358978
0.35790294
0.0020986453
0.24715045
-0.09045845
-0.03042376
-0.293664
0.20670661
0.0065304143
0.27224657
-0.32248384
-0.32623288
-0.123104304
0.15228587
-0.28736243
-0.10273036
0.29561093
-0.29553023
0.33108228
0.2465446
0.3306376
0.08423174
0.21439749
-0.018896699
0.2790982
0.20312549
0.28955245
-0.09774619
-0.28254116
-0.21344589
0.015153243
-0.049724218
-0.16879006
0.12825589
0.22705242
0.21412267
-0.013684581
-0.30019435
0.32185185
0.16113201
0.04824051
0.34659627
-0.038006414
-0.14179257
0.16999227
-0.24068256
-0.016264627
0.054342184
0.34068456
0.3798707
0.084260166
0.14129588
0.08853154
-0.31345737
-0.07762066
-0.3360353
-0.2791678
0.30893275
0.3295884
0.3202668
0.32092836
0.07946452
0.19139375
-0.17200598
0.23676339
0.20808622
0.17191872
0.25860694
-0.17449684
0.010879993
-0.048760436
-0.30855784
-0.32248724
0.039889514
-0.28453836
0.030702168
-0.33412996
-0.31261268
-0.10775001
-0.3003646
-0.13194251
-0.13806662
0.1900707
-0.16777913
0.23094556
0.015606582
0.36541715
-0.20766698
-0.17611289
0.15775268
-0.27471566
0.13956606
-0.18242264
-0.022962
0.19374797
0.0153284
-0.11474525
0.049702905
-0.15662324
0.17677537
0.020965526
0.25962955
-0.0333985
-0.113332376
0.12504055
-0.22656934
-0.25733173
0.13572693
-0.013909194
-0.0053576613
-0.23964348
0.11617068
0.35593686
0.32485747
-0.012886137
0.10464499
-0.17478643
0.12372652
-0.2771402
-0.084515095
0.2385669
-0.06868628
0.07978437
0.11283237
0.2908447
0.036161505
0.29190835
-0.09290276
-0.23375602
0.12472181
-0.17011788
0.0444566
-0.68582845
-0.7663874
0.4393795
-0.3046486
-0.10164575
0.21088195
0.24468906
-0.12517355
0.05931902
0.20973566
-0.78243333
-0.021139681
0.25385648
-0.25967965
-0.17856017
0.2443576
0.30383924
0.11549035
0.13714835
0.20279858
0.087639466
-0.10760417
-0.047864616
0.046711776
0.22579107
0.19133535
-0.18722309
-0.016135132
-0.071770415
-0.21752937
-0.009846742
-0.13925138
-0.34920728
0.01758945
-0.14703265
0.051883638
-0.201152
-0.026621424
0.30375373
-0.17292996
-0.16253048
-0.033034503
0.18313786
0.06715004
-0.0030685319
0.081909455
-0.14376974
-0.038704425
-0.034851816
-0.04614867
0.38557205
0.13798216
0.01568181
0.16313353
0.1237471
0.21497194
-0.2368255
-0.14635128
0.12695876
-0.26601776
-0.30828187
0.13252708
-0.25131404
-0.36156422
0.25491053
-0.24678934
0.2850935
-0.085845314
-0.30048114
0.22103003
-0.10261148
-0.03788331
-0.10939676
-0.30347696
-0.33031148
0.30784014
0.09296571
0.02828436
-0.14919885
-0.22173706
0.38376117
-0.33307117
-0.21440285
0.25907823
-0.30305952
-0.01203365
0.18211667
0.19570753
0.1423164
0.09067156
-0.004086979
-0.08344188
-0.16497034
-0.11188348
0.3057488
-0.0736697
0.34926882
0.31195965
0.055510134
0.15391272
-0.5595154
-0.18693787
-0.27304298
0.2466548
-0.17505294
0.19684967
-0.31586084
-0.21751592
-0.28807178
0.17171258
0.49672607
-0.14098679
-0.15551572
0.26914045
-0.14485289
0.19774994
-0.52492803
0.064967856
0.2577455
-0.1141468
-0.1259871
-0.091426045
-0.09414777
-0.12580289
0.04544664
0.015478594
-0.13394748
0.028217847
-0.22701435
-0.18728167
0.14415513
-0.124222964
0.26344794
-0.18259273
0.34572273
-0.1159831
0.2507588
-0.32495487
-0.15133993
0.049312226
0.2805328
0.19279814
0.14989111
-0.33900028
-0.15120314
-0.050996963
-0.00017038324
-0.12545763
0.13654959
0.25063244
0.21194145
-0.029406115
-0.093992636
0.2223666
-0.19424446
0.2076893
0.037883256
-0.05029494
-0.6572814
-0.02683939
0.07713455
-0.64665145
0.26671162
-0.16493587
-0.22272298
-0.21577033
0.19439971
-0.30042475
0.03248462
-0.26150802
0.063834585
-0.22184563
0.18735535
-0.052374844
0.18594319
0.16247675
-0.32298434
-0.31940305
0.21430163
-0.04680881
-0.018919097
-0.26575294
-0.08388248
-0.22312042
-0.03874342
-0.08700463
0.22701685
0.21112682
0.06267333
-0.31303588
0.31024212
-0.16550878
0.12468392
0.25853464
0.2731109
0.15389206
0.07794553
0.28660265
-0.07096321
-0.13480853
0.19512843
-0.06338686
-0.1816317
-0.123026736
-0.33391184
-0.13501753
-0.07838855
0.19103496
0.1922338
0.17013952
-0.16547938
0.0922364
0.15030968
0.16308089
0.026992677
-0.3034434
-0.08372362
-0.08088882
0.0644308
-0.16156238
0.37017152
-0.028079873
0.12217176
0.21826975
0.014575507
-0.033332344
0.009851676
-0.39172402
0.07633331
0.3035526
-0.21527383
0.10238948
-0.14627004
0.030914418
-0.12794957
0.35648495
-0.19222869
0.29613537
-0.4416177
-0.27429152
-0.09794427
-0.61300445
0.37790248
-0.26894203
0.27476066
-0.18198924
0.042641986
-0.2219082
0.26050743
-0.12474135
-0.17165424
0.16971669
0.0698046
-0.058138072
0.38105112
-0.0492962
-0.06330559
-0.090462625
0.09005122
0.2242477
0.2439103
-0.059136633
-0.27521348
0.28802663
-0.22506818
-0.14341466
0.28500327
0.14832127
-0.033474345
0.065854415
0.027020896
0.1669713
-0.2940693
0.24682614
0.018743547
0.16175392
0.10679183
0.24258712
0.23492141
0.07828772
-0.23357202
-0.22914748
0.31740114
0.29843858
-0.29282808
-0.13066524
0.13427281
0.24201022
0.030411324
0.085194446
0.023638636
0.0030498207
-0.21582834
0.038097113
-0.06932275
-0.25612321
0.10234157
-0.26527244
0.33539394
-0.2645069
-0.28084344
-0.020269388
-0.2583724
0.2743762
0.36662126
0.083455026
-0.3439296
-0.379576
0.4113685
-0.3415045
-0.347954
0.094133385
0.2449409
-0.27417347
-0.16502924
-0.090547666
0.17912945
0.089642465
-0.011151266
0.26525316
-0.014568301
-0.25162792
-0.121775486
-0.076923996
0.32006106
-0.20596525
0.2081737
-0.2044293
-0.1661531
0.3408351
-0.11272405
-0.13591214
-0.23830229
-0.31751943
0.33598486
0.10261465
-0.33587906
0.17377326
0.3208465
0.05674746
0.11691473
0.3118262
0.09703517
0.3105597
-0.0047229584
-0.10579063
-0.23981422
0.0015170432
-0.34880978
-0.12272447
-0.23119643
-0.1551367
-0.3390587
-0.29098976
0.3141163
-0.12566862
-0.10251562
-0.021195479
0.28100476
-0.17908403
0.070766166
0.2882933
-0.31016904
-0.21346147
0.008462776
-0.256654
-0.18659975
-0.14714587
0.23378417
0.06397435
-0.22338349
0.12372005
0.26381117
0.12229267
0.24100448
-0.34132618
0.31163666
0.0858751
0.15623377
0.073138356
0.3325737
-0.12535852
-0.09493309
-0.059998754
0.08472383
0.3454705
0.19221985
0.08407216
0.3543312
0.10938802
-0.04996258
0.29710823
-0.22281171
0.24805881
-0.08421466
0.21427493
-0.21856609
-0.04028537
-0.083308205
0.094866425
0.13400997
-0.113203324
0.06577025
-0.15360035
0.108946495
0.1437358
0.23586892
-0.077439755
-0.13583913
-0.01741499
0.36670402
0.08460456
0.18081854
0.09819157
0.062143713
0.26560622
-0.29064086
0.2717773
0.041263256
0.014018583
-0.24066009
-0.11697204
-0.2532753
0.06275175
0.072985485
-0.2192423
-0.08514724
0.30410972
0.055788137
0.29517204
0.03876409
0.34334543
-0.08710483
0.048725516
0.1547751
-0.2382349
0.20599751
0.34786183
0.074668966
-0.15725589
0.04225604
-0.3299587
-0.09012431
0.23851512
0.18394943
0.21171525
0.2862022
0.13528106
0.0033333546
0.30030334
0.068054765
-0.2763552
-0.08190395
0.07073323
-0.19489159
0.23341107
0.107572064
-0.19703485
0.049946867
-0.32662323
0.19628756
-0.20655686
-0.08655253
0.17325523
-0.11512249
0.0533884
0.10708564
-0.31608748
-0.03611503
-0.22374722
-0.5462335
-0.23376864
-0.06165847
-0.1399633
0.2753822
-0.065422766
-0.011813861
-0.17608224
-0.16014981
0.29268652
0.040290914
-0.08605758
0.30760953
-0.12964685
-0.19260828
0.06709125
0.25442922
0.018183202
-0.2666263
0.29910538
-0.14875121
0.24923256
-0.21562916
0.07629545
-0.17726967
0.34726313
0.15366682
-0.16491
-0.17879507
0.27737984
0.21166293
-0.19361004
0.19521847
0.13458894
0.06855767
-0.21241063
0.060505792
-0.21074355
-0.123092785
-0.10935477
-0.08897453
-0.112890616
-0.20534952
-0.18258205
-0.1763172
-0.10686316
-0.08918409
0.038674932
-0.0029669416
-0.24013479
0.32000962
0.03196672
-0.347537
0.19004382
0.38667414
0.27219436
-0.2895525
0.3509576
-0.074463196
0.30086553
-0.26028305
-0.09185362
0.2107424
-0.2432157
-0.05567407
0.31384635
0.18681984
0.36169133
0.12615626
0.16443254
0.035505157
-0.12383814
-0.2680516
-0.39288372
-0.26443657
0.0058683017
-0.06624248
0.10454649
0.25964758
-0.122831196
-0.2920759
0.093694195
-0.008387137
0.17035985
0.023948235
0.29270434
-0.17523627
0.21841757
0.3529263
-0.05170837
0.023700956
0.25807115
-0.24099493
-0.3265839
0.29785413
0.057835814
0.096848965
0.3130001
-0.100494966
-0.12334381
-0.02259239
0.32233652
0.15937905
0.19621563
0.16286598
0.054973625
-0.05674416
0.2033095
-0.2501471
0.17277353
0.24610297
-0.16195142
-0.17573042
-0.13139975
0.1993709
0.03071767
-0.032600325
-0.010220422
-0.27398083
-0.0073949606
0.023326565
0.23101142
0.31958368
0.18999639
0.07261205
0.31673542
-0.01584698
-0.049486313
0.19989082
-0.2452364
0.04092905
0.15512499
0.33372864
-0.11094139
0.024785766
-0.009569183
0.2058361
-0.02230322
-0.06903279
-0.23750149
0.026850397
0.18613204
0.23237266
-0.27495104
-0.21030492
-0.07143823
-0.063028246
-0.07017214
-0.2458506
-0.31242827
0.17313328
0.0033913713
-0.28633925
0.22493792
-0.086438306
0.2018659
-0.102034226
-0.14400968
-0.08945553
0.32823494
-0.22671822
0.024044955
0.06531867
0.26102415
0.10696953
-0.25021824
-0.15024337
0.20333675
0.37854296
0.2659869
0.050281655
0.2064927
0.030593961
-0.019908845
0.31911054
0.037899453
0.18938403
-0.035812795
0.2309247
0.012731148
-0.024347508
-0.3305515
0.13623565
0.058083616
0.18399061
-0.007029224
-0.06393567
-0.16164993
-0.15017793
0.035127774
-0.21331309
-0.11819803
0.25356713
-0.16084982
0.21584906
0.22445306
0.076826334
-0.24499184
0.17852761
0.31033757
-0.6404165
0.24148545
-0.048588455
0.016579777
-0.40322962
-0.101450846
0.011062998
-0.008003616
-0.06698455
-0.04996246
-0.07930732
-0.24240227
-0.1493821
0.21346644
0.072388195
0.040095344
-0.107649304
-0.15507409
-0.13080713
0.06608954
0.16343743
-0.20803009
-0.33811966
-0.18876444
0.028136114
-0.3558713
0.118043415
-0.21720633
-0.15699482
-0.036502223
0.0034154363
0.10000815
-0.23743227
-0.094143674
-0.0812667
0.007891336
-0.15453398
-0.24877456
-0.29153344
-0.19351894
-0.024910599
-0.006240698
-0.12546735
0.22154672
-0.0011237079
-0.33979443
-0.06937782
0.21788904
-0.14654456
0.19135423
0.06515825
0.33053175
0.17939994
-0.2817796
0.1287113
0.34297234
0.09553489
-0.2068922
-0.008984387
0.12941028
0.010314112
0.023909777
-0.43335038
0.05839523
-0.08512353
-0.08138297
-0.110979676
-0.20325711
0.33654752
0.011258796
-0.15714443
-0.4360042
0.2474815
0.08676207
0.28901842
-0.0032591522
-0.057426468
-0.21510941
0.07990832
-0.03450862
-0.5555967
-0.20842706
-0.30063182
-0.035030812
-0.14838745
-0.22884004
-0.036257308
-0.2311088
-0.06041446
-0.22573608
0.021561326
0.11661298
-0.09872168
0.28150484
0.14591034
0.07476886
0.17409016
-0.0632966
0.012511764
-0.12318384
0.4810627
-0.11468108
0.01933011
0.30911335
-0.32353172
0.28437835
0.209401
0.18201989
-0.19310161
0.0995743
-0.20241326
0.10931841
-0.2131992
0.31131828
-0.05772112
0.17203228
0.02947838
-0.2030441
-0.42600322
-0.00282982
-0.16742957
-0.001899871
0.16718955
0.0336732
-0.044088323
-0.15611279
-0.29721725
0.37331718
-0.4614027
-0.2394824
0.38145012
0.22211258
-0.094459474
0.0029184222
0.19999865
-0.17382853
-0.23546706
-0.15712023
0.009860903
0.25779042
0.077381305
-0.30386028
-0.053172164
0.1391504
0.1527826
-0.064980574
-0.059225738
-0.27086523
-0.041192915
-0.022790384
-0.44252205
-0.004140605
0.02881208
0.07138601
0.15611985
-0.06712583
0.20184049
0.20787662
0.3596583
0.11832921
0.027426481
0.31851038
0.06047836
-0.3033549
0.041592997
0.06368501
-0.088760436
-0.059448052
0.046347026
0.10563254
-0.18471575
-0.36246145
-0.20929521
0.053853706
0.16957675
0.048377287
-0.23205014
-0.1545245
0.14464347
0.15994832
-0.1745748
-0.28665212
-0.31044436
-0.012712902
0.11373784
-0.018954672
-0.0098112775
-0.021208681
-0.021007678
0.36354762
0.07248411
-0.07889487
-0.020941615
-0.33887634
-0.17116454
-0.05143775
-0.26098874
0.063402094
0.14582647
-0.11860709
0.1286346
-0.011823319
0.052483432
-0.06747357
0.18449612
-0.11060413
0.0197986
0.077465944
0.17847542
-0.17369159
-0.015172538
-0.0652942
0.20479639
0.15898386
0.07509863
-0.081705555
0.2270637
-0.023181796
0.20244
0.33361563
0.25693014
-0.30940023
0.19357859
-0.30556688
-0.0038778982
-0.12248314
0.06929731
-0.32573506
0.10674466
-0.018765574
0.019185835
-0.18830347
0.10790196
-0.31236497
-0.27023664
-0.21212113
0.17989728
0.17929164
-0.24837479
0.111729674
0.14872561
0.07762119
-0.002802968
-0.30639544
-0.0054990216
0.2726546
0.32218757
-0.046663903
-0.27807942
-0.26246417
0.2961031
-0.05227336
0.19687298
-0.15765603
-0.145336
0.22503258
0.30683902
-0.04013985
0.14545003
-0.22268124
0.03767809
-0.077599436
-0.124326944
-0.030507695
0.10177847
0.32349855
-0.0036441856
-0.16832644
-0.17285588
-0.1406536
0.0059952876
-0.13135727
0.26641765
-0.12212983
0.15397319
-0.12117064
0.3387655
0.28227273
-0.21970496
0.027477145
-0.5992712
0.01672628
0.12048233
-0.17086713
-0.07643145
-0.11337961
-0.08455928
0.23886369
-0.23505709
-0.29625872
0.20199504
0.34083036
-0.102733396
-0.31817657
-0.14796738
-0.3309153
-0.120439045
-0.30023763
-0.14203675
0.28394538
-0.18884091
-0.27314687
-0.2906944
-0.33623287
-0.34069854
-0.28301746
0.23929414
-0.20806755
0.08562647
-0.18755671
-0.11318421
-0.26180995
-0.19068868
0.2103008
0.07120928
-0.32898596
-0.303768
-0.2217039
-0.00034035195
0.20661552
0.10113657
-0.108931825
-0.24488574
-0.25468734
0.091191605
0.22573057
0.393383
0.19844234
-0.3582512
0.010497481
0.22678633
-0.17201357
0.111521214
0.21154009
0.28543785
9.163459e-05
-0.04180822
-0.0953904
-0.29889053
0.07604986
0.22906691
-0.34404
0.29870766
0.22983642
0.22571757
0.21771544
-0.33424467
-0.15132385
-0.26827058
-0.31733307
0.27216807
0.015970128
-0.33208194
0.07733768
0.06342913
-0.28341243
-0.21336077
0.026410336
-0.30559826
-0.13068864
-0.23683986
-0.19784637
-0.1363699
-0.032474242
0.22307673
0.07944661
0.2526938
0.23176533
0.0914094
-0.03832648
-0.16450429
0.10130274
0.31879503
-0.065466404
0.33214948
0.043437053
-0.19535337
-0.010270208
-0.12083182
0.21849096
0.037438415
0.23799208
0.08069263
0.2519828
0.08799011
-0.25024885
-0.17172007
-0.2875207
0.20276207
-0.14813311
0.04309031
-0.025420103
-0.033887
-0.11964614
0.15900722
0.1309678
0.21458341
0.2256657
0.32043687
-0.20006679
0.23443778
-0.22286338
0.3464553
-0.049200565
-0.011893432
0.15234321
0.34820065
-0.034083616
0.2631586
0.21666977
0.3045719
0.18777898
0.1302306
-0.2784023
-0.04331672
-0.18609482
0.25204185
0.31278262
0.18550178
-0.10488746
-0.11601757
-0.18193355
0.31844917
0.20826675
0.22506885
0.12843171
0.002040725
-0.3796443
-0.0027673128
-0.0914296
0.060675383
-0.016056206
0.061958045
0.033242643
-0.018211879
-0.077750504
0.2151862
-0.3174115
0.15887506
-0.2991473
0.10081956
0.14367926
0.25842154
0.059133954
-0.09915324
0.2666299
-0.05104967
-0.2715799
0.10702261
-0.034878038
0.0073563647
0.008830997
-0.0027951042
0.0
0.0070806723
0.052481517
-0.011617863
0.0
0.0
0.0049420055
0.015618512
0.0
0.00875966
-0.008313647
-0.00021093666
0.035712384
0.0
0.0
0.006670816
0.028924322
-0.005764033
-0.017881611
0.0
0.0010923183
-0.015122259
0.0
-0.004195707
-0.010418047
-0.015718844
0.028311284
-0.055942684
0.0
0.0
0.0
0.05198402
0.009009527
0.009155902
0.032894235
-0.016991533
0.0
-0.010036381
-0.019583337
0.0
-0.01869142
0.059383396
0.013343999
-0.010115649
0.06228406
0.02997942
-0.013937781
0.005710677
0.0
-0.005265384
-0.018587647
0.004555792
-0.011696026
-0.011434055
0.03362523
-0.007475808
0.004070079
0.014874129
-0.00013508048
0.0
-0.04330611
0.009171334
0.0075915474
-0.010297848
0.00670054
-0.028004762
0.0
0.04917547
-0.0057175397
-0.012703275
-0.015228299
-0.04176771
0.0023006732
0.0057417336
0.039221186
0.012282045
0.11593914
-0.059126794
0.28469658
-0.06933293
-0.13518162
-0.09160243
-0.13336122
0.13538606
-0.24914518
0.17383903
-0.23160271
-0.046281546
-0.0017184019
-0.08553274
0.22567382
-0.07449789
-0.05838856
-0.0944055
-0.25334498
-0.023658838
-0.08923326
-0.09732316
0.0722513
-0.026926368
-0.048142664
0.07095418
0.0062852204
-0.04263758
0.035600908
0.05501526
0.089736536
0.05772713
0.158829
-0.21944141
0.0770511
0.24035387
-0.080658436
-0.12877308
0.13112457
-0.058825698
0.23371059
0.10082705
0.138333
-0.046304673
-0.0538047
0.10498779
0.15397485
0.106342494
0.1604839
0.048381653
0.08410691
0.1200422
-0.11577231
0.10832251
0.06722218
-0.19707265
-0.019863192
-0.06611913
0.33371305
-0.1846194
0.10511574
-0.16258712
0.09802472
0.09730676
0.058252867
-0.14618376
-0.03456458
0.20763506
0.0791057
0.10179283
0.2056694
0.10902828
-0.2096032
0.105566025
0.04700889
0.05869537
-0.10909955
0.06381291
-0.17264913
0.103097685
-0.007449971
