25
2
80
1
relu
line
1
0
0.20377962
0.18329819
0.076791644
0.07075103
-0.008949183
0.24198875
0.024387632
0.44461316
-0.06372788
0.4251911
0.028076338
0.19342875
0.066400304
-0.03910746
0.15130897
-0.040811732
-0.311363
-0.033989124
-0.1257629
0.14776799
-0.17700136
-0.21172509
-0.0016424778
-0.04343369
-0.10919302
0.0636599
0.38197526
0.046152804
-0.21658608
-0.019610506
0.5389129
0.20379767
0.22856374
-0.14320004
0.0068574557
0.11143673
-0.8097368
-0.39989182
0.105405174
-0.14198564
0.120143436
-0.2943783
0.031097787
0.42685792
-0.051708635
0.22908475
0.35396972
0.17464852
-0.1666946
0.3792371
-8.218178e-05
0.2937854
-0.094761945
0.17543302
0.21430829
0.001208993
-0.43681565
-0.16284625
0.11413975
0.19598705
0.0574596
-0.034313686
0.4449585
0.11868943
0.019530386
-0.1334473
0.10240547
-0.014151721
-0.1863649
0.25561625
0.27329516
0.27634582
-0.044850208
0.07203068
0.11099282
-0.076986566
-0.07955052
0.12246097
-0.14078316
0.035254188
0.30108538
0.1366776
-0.5049496
-0.26724017
0.13160954
-0.55305207
0.21186282
-0.048252016
-0.1557286
-0.18161693
0.06208139
-0.044194657
-0.061679587
-0.16112077
0.20702559
-0.09608845
-0.39000797
0.0967948
0.75766975
-0.06646093
-0.25924012
-0.8228512
-0.04219957
-0.052237306
0.13196893
0.2761721
0.5380979
-0.14553955
0.54424053
-8.112495e-05
0.052786138
0.24800698
0.13193743
-0.081252374
-0.10204048
0.18325032
-0.80220973
-0.44797292
0.07934518
0.106455445
0.08888033
-0.27486753
-0.49701336
-0.33531702
-0.13131782
0.34479642
0.47603005
-0.4200781
0.043829847
0.3964332
-0.11940697
0.2042414
-0.046454396
0.49229214
-0.27260154
0.12193669
-0.5455179
-0.30296904
-0.44451526
-0.5935561
0.410354
0.37600714
-0.50839406
-0.18506801
0.48839658
-0.07521427
0.046973847
0.13658558
0.25989914
-0.37994036
-0.28159884
-0.32900897
-0.04137634
-0.11630779
0.31112504
-0.17690717
-0.5189658
-0.252861
0.1589713
0.115573935
0.03625549
0.20971727
0.42647576
0.18459846
0.13317037
0.6631537
-0.0047595995
-0.17603844
0.06852495
-0.06148658
-0.38244373
0.08741191
-0.1115697
-0.2033181
0.2876815
-0.14961036
-0.1084808
0.11387685
0.32371527
-0.42182449
0.23845686
-0.5561314
-0.052289575
-0.31978258
-0.21238492
0.43200207
0.04119203
0.037114505
0.16911745
-0.40030232
0.3826461
-0.016317297
0.5069414
0.22217241
-0.30497968
0.26567882
0.06892319
-0.44955254
-0.36969584
-1.5549084
0.38844314
-0.07146923
-0.09023704
-0.49256882
-0.24165146
0.11398733
-0.19231692
-0.33583272
0.4612622
-0.03556654
-0.10363336
0.33793345
-0.20708899
-0.37792644
-0.06697618
0.018856844
-0.30808493
0.21875283
0.08048191
-0.2917276
0.2596552
0.18522139
-0.2847747
-0.24356313
0.26980785
-0.05984969
0.5845541
0.24111402
-0.11624476
-0.12163979
-0.03262233
0.1048328
-0.59980315
0.48202398
-0.01629026
0.3031463
0.034212057
0.19231175
-0.41820362
0.2671852
0.37491632
-0.14729832
-0.5676068
0.090596765
0.016711524
-0.09693709
0.085893236
-0.20443246
-0.5614409
-0.5003904
-0.3224889
0.015688231
-0.15499964
-0.1731882
0.09578269
0.5413424
-0.6424592
-0.18818901
-0.12411022
-0.13227406
0.04422679
-0.6209237
-0.17132443
-0.077411555
-0.20847303
0.1551234
0.28501308
0.2419212
-0.2233489
-0.27836746
0.29170877
0.19431862
0.19145353
-0.04194054
-0.19770187
-0.22616306
0.28672922
-0.43672568
0.26079196
-0.16414198
0.37943542
-0.1985215
0.19024023
0.29056525
-0.1960541
0.26751062
0.054193273
-0.037532385
0.22563319
0.17744969
-0.06197825
0.30529362
-0.27241936
0.52197516
0.061421648
-0.07047603
-0.50923896
0.0071363226
-0.3528698
0.09526683
0.7613807
-0.44883355
-0.042349428
0.26002032
0.3342594
-0.43418136
0.32058004
-0.07542827
0.09442556
0.11715081
-0.20999064
-0.46264797
-0.3279584
0.10088485
0.23894024
0.11439754
-0.042775918
-0.14397025
0.15864703
-0.010853541
0.09345379
-0.08479329
0.31730294
0.45762578
0.15576617
-0.38231084
-0.16945267
-0.14812575
0.10306543
0.2331366
-0.17114995
0.22176053
0.6415064
0.01351193
-0.39474213
0.297569
-0.01904317
-0.34010962
0.14533445
0.25896907
0.2769235
0.18701263
0.4296709
0.6016899
0.47518185
-0.051542733
0.28947148
0.087309495
0.423951
-0.13092703
-0.36773127
0.025290944
-0.27216408
-0.15758197
0.54983085
0.060993344
-0.50124395
0.046828043
0.32781288
-0.44171852
0.19276957
-0.53034836
0.25889066
-0.47101694
0.27957454
0.17197835
-0.47047678
-0.20804052
0.118151724
-0.018185288
0.07994044
-0.21051313
-0.29584596
-0.36922786
0.5605812
-0.0052799364
-0.5829886
0.015760254
-0.14310007
0.011821241
0.23855112
-0.19675694
-0.35541221
-0.384961
-0.6734825
-0.048346724
-0.10262133
0.046546083
-0.2428882
0.21193229
0.07536053
-0.023303509
-0.8317832
-0.15736154
0.24148908
0.21037754
-0.113483705
0.13771486
-0.09874488
-0.5747468
0.3923133
0.10899424
-0.34879142
-0.20418334
-0.20529051
0.29349327
-0.22176403
-0.035922892
0.004835011
-0.10629791
-0.2799813
0.35783264
-0.33853135
0.1419347
-0.26130223
-0.55640036
-0.2477528
-0.13786408
-0.41636103
-0.021112775
-0.24023528
-0.058316965
0.18667896
-0.19146898
-0.56876487
0.16782849
-0.29338092
-0.6040645
-0.23831367
-0.21898119
0.043964844
0.40279192
0.20987666
-0.42233735
0.18025589
0.28951326
-0.30424294
-0.21779792
0.2690766
-0.5053839
0.35635042
-0.009289332
0.041928727
0.34420788
0.0021714487
0.07806034
0.06579803
-0.013704141
-0.14166975
-0.38513184
0.58131
0.35314178
0.3845832
-0.38359436
-0.13353126
0.004537616
-0.06745447
-0.28743047
-0.44093806
-0.30262312
-0.033361573
0.14164197
-0.1747327
0.03883485
-0.26893312
0.2097021
-0.14622973
-0.042484082
-0.70514923
0.30447373
0.34695053
-0.22872667
0.3655567
0.25549582
0.31002802
0.16051456
0.040314827
-0.28775
0.2080239
0.23770766
0.045448907
-0.23326753
0.037347175
-0.0506648
-0.36455494
-0.0025600034
-0.1877202
0.081615455
-0.13506114
-0.3124365
0.05326116
-0.042494792
-0.17622304
0.34623784
0.22883277
-0.22654665
0.50650257
-0.372953
-0.4834521
-0.21003255
0.45803016
0.5410647
-0.0037546006
-0.3863356
0.40561795
-0.2766964
-0.37189314
0.036532905
0.12977675
-0.14375
-0.082921475
-0.2091679
0.022618588
0.40802038
-0.22750841
-0.3784133
0.9299434
0.29213303
-0.18735752
-0.35424978
-0.3558186
0.50251824
0.38657442
0.19899134
-0.107810885
-0.20279771
-0.42727587
0.40359995
-0.09808826
0.056452062
0.21422581
-0.048591748
0.017952286
0.051642325
-0.4744688
-0.0324359
0.23592457
0.31126124
0.12352032
-0.23628269
-0.33625698
-0.4272774
0.44730255
-0.11495126
0.006448958
0.11680498
0.20257044
0.1760199
0.34998265
-0.19597712
-0.10289399
-0.033017486
-0.3712356
0.1763538
-0.39783606
-0.45172593
-0.34705636
0.16149545
0.25106874
-0.51257193
-0.2950643
-0.3491056
0.5232298
0.112412065
0.0008845384
-1.364287
-0.38843122
0.116777696
-0.15905736
0.09325071
0.23533566
-0.13942118
-0.06305879
0.3121355
-0.34002772
-0.059883475
0.29211393
-0.43980148
0.00794363
-0.33926648
0.42913952
0.1985937
-0.1131802
0.026503269
-0.19784927
-0.44274348
-0.054367013
-0.04838013
0.2777368
0.44986436
-0.24301623
-0.23563445
0.3288093
0.29170325
0.3887845
-0.13619213
0.42795038
0.41637853
0.11575479
-0.037578136
-0.7258822
0.21500446
0.34105745
0.18860303
0.33527994
-0.10396748
0.08828011
-0.019008305
0.03365179
0.26841688
-0.16917382
0.04661468
0.22985576
0.13741098
-0.16853768
-0.3669482
0.2458976
0.52540284
0.30066606
0.16182365
0.21495129
0.16507299
-0.4575911
0.31482434
-0.5831999
0.2855469
-0.44816726
-0.3700273
-0.51379293
0.37234342
-0.24324381
-0.09131718
0.6644064
-0.50260997
0.1352504
0.3957833
-0.041003853
0.5734882
0.622801
0.22041936
0.2815661
0.35257638
-0.95868737
0.21114236
0.23066708
-0.20790008
-0.6048502
0.30978128
0.22744752
0.51687646
0.46323785
-0.049898434
0.13873148
0.31979728
-0.12676424
0.16364731
-0.32228488
0.06462244
-0.10105192
0.5194765
-0.12791786
-0.20582305
-0.63775635
-0.096253335
0.05466102
-0.17591183
-0.4758032
0.21591426
-0.101470195
-0.076932035
0.09257274
0.045259416
-0.25789294
0.10984843
0.2780249
-0.12114284
0.30522466
0.5127079
-0.3925354
-0.26559114
0.0010691308
0.6958472
-0.15949178
-0.3067072
0.5042998
-0.13602039
-0.20704359
0.26913294
0.08566813
-0.35890937
0.27073708
0.29831976
0.40314266
0.34590444
-0.6567734
0.012647246
0.3545351
-0.1658731
0.21723978
-0.21734565
0.2173836
0.36888394
0.32956544
-0.2203612
-0.7107282
0.372382
-0.52720493
-0.121097945
-0.20596193
0.0999242
-0.39567232
-0.28348634
0.25854993
0.3456333
0.15549421
-0.24249431
-0.31418148
0.04969604
0.24888225
-0.34088364
0.029562296
-0.42040652
-0.35294643
-0.08307715
0.15288194
0.0023534368
-0.18539838
-0.14329776
0.38234055
-0.1722816
-0.36138347
-0.3416554
-0.17438667
0.09378106
0.6771013
-0.08815273
0.020564556
-0.07979512
-0.029499546
-0.11148632
0.104765706
0.41194555
0.3806249
0.06649104
-0.35902345
0.32718632
-0.36889255
-0.062355556
0.31532684
0.5219107
-0.3235511
0.04961265
-0.033847373
-0.398994
-0.1599958
-0.090435736
0.17905822
-0.5637553
0.36158684
0.020429894
-0.25193727
-0.28431398
-0.093758225
-0.28756374
-0.37669435
0.1474346
0.6904721
-0.23628566
0.3337473
0.003943381
-0.21385945
0.1125229
0.30880335
-0.27396145
-0.19768183
-0.31298465
0.36334446
0.08411383
-0.11804496
-0.26302856
0.097000815
-0.37086198
0.05051805
0.15419716
0.45404533
0.2219732
-0.26806486
0.3890305
0.35687798
-0.40220132
0.3335425
-0.46303704
-0.14856236
-0.20150378
0.39555126
0.40717533
-0.10676742
0.38885984
0.25750118
0.23179838
-0.086647645
-0.06692993
0.058121957
0.015490273
0.17526859
-0.03638842
-0.48493406
-0.21265921
-2.0129497
0.27099088
-0.50185686
0.2677375
-0.1386835
-0.42898887
0.127445
-0.3590047
0.2018284
0.09001413
-0.56176984
-0.3702917
-0.056237165
0.36711732
-0.09169198
-0.22749458
-0.19601366
0.055184696
-0.39673635
-0.17857572
-0.25696608
0.1486985
0.32938495
0.29323378
0.058549754
-0.09415399
-0.067618355
0.21127766
-0.26923355
-0.035332665
-0.058022484
0.08512006
0.14874381
0.30419835
0.14497674
0.2107718
-0.07612681
0.40488583
-0.04734392
-0.31458968
0.5725166
0.22892821
0.25599784
0.19078949
-0.07559322
0.047597915
-0.09230806
-0.28521344
0.28536212
-0.48883483
0.59353185
0.09644384
0.055607766
0.12741734
-0.059840556
-0.32062504
0.15534736
-0.5287491
0.30934927
-0.13781309
0.28844357
0.2457383
-0.16198717
-0.34171265
-0.07445886
0.3440016
-0.10271599
0.057387006
0.010715363
0.384429
0.032917198
0.05910892
-0.1516833
0.3911999
0.20133893
-0.12678878
0.1365453
-0.42496407
0.76140803
0.20202443
-0.0034860133
0.032671843
0.4530514
-0.5700542
0.33446977
0.51322913
0.010041959
0.479901
0.5217135
0.58848614
-0.21832588
-0.6657863
0.24839804
-0.22051843
0.54075253
0.5447345
0.3887232
-0.0629879
0.39951062
0.16555053
0.32017154
-0.04072881
0.28057796
-0.07716485
-0.060899172
0.23421289
-0.27330044
-0.4615516
-0.22912964
0.12172337
0.09963217
-0.168228
-0.26322553
-0.06877829
0.104996994
-0.24469152
0.24439938
-0.19951048
-0.07777631
-0.49739507
0.20290545
-0.54064894
-0.3261852
-0.25235686
0.13271135
0.31515926
0.20865516
-0.015599095
-0.049098313
0.13458557
-0.106333844
0.25752002
-0.26435092
0.16772857
-0.37098452
0.2666356
-0.045632742
0.43929034
-0.17353277
0.54766136
0.3916161
-0.339251
-0.0053673573
-0.41800043
0.25934744
0.3562241
0.011713463
0.30109012
0.38389018
-0.102037124
-0.758702
0.027956601
-0.43272233
-0.13017188
0.34342685
0.19272274
-0.6202168
-0.04304049
0.19994535
0.034686185
-0.07511838
0.14014821
0.15598445
-0.14968932
0.22380346
-0.074172646
-0.16037172
-0.261407
-0.05391726
-0.22685935
0.034567945
0.40753365
0.006725282
0.016009921
-0.0776722
-0.32645062
0.48853034
-0.19829445
-0.18418522
0.09054869
-0.3906504
0.27193213
-0.12811571
-0.29850754
-0.072487995
-0.42267817
0.04427978
-0.07138946
-0.61316496
0.18282762
-0.15083204
-0.17684746
-0.00035795168
-0.468083
-0.2519671
-0.23462538
0.3044282
-0.44022536
-0.40114516
0.28050363
-0.36903724
-0.48986718
-0.2550194
-0.2700216
-0.04113945
-0.34592178
0.0683929
-0.069129646
-0.46434653
0.51985776
-0.3910085
-0.120171495
-0.30906552
0.1817598
0.0048123267
-0.30581963
0.04615327
0.09387724
-0.48204952
0.096437365
-0.04130709
-0.4013016
-0.34899652
0.2975833
0.091353744
-0.19692999
-0.26534763
0.14791314
-0.23396185
0.4296717
-0.18209338
-0.26617604
0.20384519
-0.010093567
-0.055524554
-0.037164003
0.48716396
0.10047503
0.12107638
0.48401603
0.56215733
0.046664733
0.31170973
-0.065007724
-0.0833302
-0.31730336
-0.16369605
0.40232077
0.21121407
-0.21849713
-0.3093589
0.035435576
-0.08590539
0.12286839
-0.2969049
-0.10263044
-0.32554412
0.10932282
0.3199732
0.61766416
0.30468604
0.02028648
-0.10791897
-0.32559517
-0.77335095
-0.22271852
0.32938185
0.22030927
0.3315389
0.009888333
-0.33513162
-0.30874524
-0.04628142
0.017878829
-0.05653683
0.3398661
-0.055968985
0.181393
-0.6700098
-0.19645739
-0.47956273
-0.041671325
0.2981759
-0.21929444
0.004043181
-0.0930722
0.2664488
0.20395663
0.117765255
0.27841198
0.086630195
0.26462647
-0.19497982
-0.1262552
0.15783001
-0.39186123
0.17693256
-0.17469747
0.84581053
0.15292983
0.108080484
0.012611882
-0.24127978
0.40452823
0.2717098
-0.14899692
0.04380687
0.22426808
0.12884104
-0.39153376
-0.34746933
-0.25154993
0.40479183
-0.27366182
0.20544901
0.24022518
-0.34541255
-0.12896025
-0.2611302
-0.3248805
-0.31336835
0.10315968
-0.2665473
-0.28050345
0.05361628
-0.08254243
0.21893485
-0.21178323
0.08580388
0.28100553
-0.05980206
0.04412244
0.1551761
0.5119541
0.19627263
0.22245319
0.1077118
0.0017990948
0.05351717
-0.42962977
0.5308707
0.07635369
-0.2454255
0.28201655
-0.16553596
-0.1699914
-0.13587731
0.08428107
-0.33846578
-0.2623394
0.18957283
0.20993635
-0.09540246
-0.06031659
-0.07133905
-0.09727427
0.22808258
0.021546282
0.19732979
0.3612039
0.5288848
-0.3715586
-0.045881055
-0.29698902
-0.45234063
0.47153765
-0.0840639
-0.10460958
0.36373442
-0.08119734
0.027586339
-0.3683618
-0.2987851
0.077181645
-0.10772202
0.37518576
-0.67176473
0.09191572
-0.40649962
-0.06111084
0.32639495
0.44367054
0.42399675
-0.40671825
-0.5718724
0.1585006
-0.22908196
-0.49410638
0.17205527
0.39751777
-0.018289767
0.4013964
0.08987698
-0.09431735
0.46761957
-0.7153097
0.19920419
-0.14710955
0.331974
-0.17890923
-0.7137141
0.11798025
-0.37360945
0.21890916
-0.3177905
-0.3739843
0.2380443
-0.22237143
-0.47693723
-0.0153597025
-0.047797747
0.14334926
0.08531922
0.032858808
-0.11376632
0.021233713
0.20942825
-0.25103363
-0.5462376
-0.34547
0.5760434
0.51160085
-0.25305572
0.7044676
0.058824982
0.08764386
0.2970244
0.28517523
-0.4350295
-0.31365255
-0.1534641
0.0983916
-0.10733197
0.19276024
0.08421751
0.3223208
-0.21684451
0.11758621
-0.09781425
0.21658325
0.46129975
0.48052302
0.54632574
-0.25474003
0.25820756
0.30907208
0.63410574
-0.1438048
-0.37351707
-0.48876193
0.0900443
0.3684967
0.38587198
0.039357126
-0.39050123
-0.47355595
0.24572589
0.07152048
0.20889212
-0.37475786
-0.3222217
0.0015655928
0.051139753
0.20323616
0.11271451
-0.07421592
-0.24314491
0.2078372
0.29822725
0.07831657
0.08674014
0.30395377
-0.25641972
0.5538326
0.04821958
0.54298717
0.04197989
-0.1531418
0.19626273
0.064891405
-0.27323708
-0.6621679
0.32622105
0.5185781
0.39426294
0.076674946
-0.045697726
0.20523384
0.16385077
-0.36910683
0.3315873
0.475455
-0.3629334
-0.35058978
0.17748587
0.10689764
-0.22818299
0.10975211
0.20391773
-0.091004215
0.18745437
0.14347231
-0.011129595
0.40992573
0.084968396
0.16793351
-0.6498521
0.088024154
-0.36755413
0.30444857
0.09976753
0.02644938
0.15242966
-0.34482738
-0.050394952
0.20412573
0.32862923
-0.24388498
-0.349862
0.23761237
0.17050469
0.049993925
-0.07551229
-0.39399964
-0.54256785
0.13370723
0.06721927
-0.47772893
-0.5960339
-0.070107445
-0.18665574
0.09316421
-0.27356046
0.14924775
-0.437235
-0.4005122
-0.25760296
-0.081470914
0.36649805
0.4624847
0.22569428
0.3793128
0.0410177
0.0182207
-0.31764692
-0.22580516
0.4531231
-0.19474496
0.25290424
-0.054296862
-0.14044647
0.54602814
-0.002582486
-0.13940714
-0.1324767
0.47928724
0.32288304
0.22167587
-0.020662006
0.5777448
-0.6442332
0.16576068
-0.09984976
0.36183953
0.4500066
-0.4881118
-0.702588
-0.19012167
0.17116971
0.37235373
-1.0923973
0.33856097
0.04787935
0.0628782
-0.21339221
-0.6734634
-0.117853634
-0.3467596
0.090391025
0.39516914
-0.4840089
0.039066304
0.45144087
-0.1339761
0.21034408
0.097482644
-0.4684987
-0.034283135
-1.0047412
0.26134577
-0.28819683
0.46602637
0.21953602
0.020230334
0.5322028
-0.28313744
0.039128482
-1.9444817
0.34762084
-0.5119782
-0.45074826
0.32635
-0.30486175
0.2263732
0.58119476
-0.24546155
0.47921404
-0.26836333
0.09207555
-0.39768147
-0.013263505
-0.4006942
-0.24134591
0.2545525
-0.3682037
-0.2484843
-0.3257678
-0.30532783
0.26385263
0.30073994
0.566444
0.21973144
0.4459508
-0.351449
-0.24295197
0.318857
-0.54908127
0.24762076
0.4081003
-0.14710808
0.00870254
0.15629339
-0.0388614
-0.59198093
0.06870026
-0.20342496
-0.4664574
-0.40996227
0.11240479
0.14779028
0.13243091
-0.2799354
-0.12991464
-0.09967455
0.3222823
-0.016505398
-0.1898803
0.58319235
0.36366153
0.36411378
0.3999301
-0.12130939
-0.5891824
-0.30076084
0.031793304
-0.2544104
0.08424511
-0.19449575
0.24204914
0.2750027
-0.306624
0.14811856
-0.076402396
0.102437325
-0.5901609
0.46722546
-0.13741969
-0.11631046
0.30969867
0.13188764
0.061298504
0.37219378
0.6406624
0.19431333
-0.22716542
0.19517918
-0.39539525
0.35030553
0.14420794
-0.34086657
-0.46662012
0.21299598
0.120009705
-0.28380808
-0.06263118
0.28022876
0.42068216
0.6994954
0.37192538
-0.2339917
0.4997631
-0.028484687
-0.11566882
-0.055564843
0.19372304
-0.22785313
0.23702058
0.30861494
-0.46827483
0.38101476
0.25612533
-0.33501706
-0.09611274
-0.17859368
-0.2330629
0.2985248
0.041212678
0.18798836
0.48022398
0.33768353
-0.3648355
-0.14172386
0.40336952
-0.23866992
-1.3711174
-0.34294716
0.12701073
0.22923398
0.5282646
-0.37897602
0.025028983
-0.10656241
-0.24316695
-0.07260323
0.19457422
-0.22667095
0.17681028
-0.21910936
-0.111565374
-0.34180897
-0.30760863
0.039102003
0.16825792
-0.4782028
0.2457353
0.49329954
-0.4228879
0.28994
-0.26824513
-0.35059223
-0.418059
0.257735
0.24759953
-0.01373353
-0.3537482
-0.19433263
-0.19195527
0.040269077
-0.28390294
0.42822158
-0.06703233
0.023641674
-0.51384395
0.09035076
0.019208873
-0.06547147
-0.53332
-0.07603307
-0.20443958
0.06090266
0.45160475
-0.0658425
0.027841762
0.5174932
0.15482903
0.27411112
-0.25729346
0.090607226
0.26538405
0.43324023
0.15965983
-0.66771984
0.1307712
0.034065258
0.1978275
-0.11019729
0.2786779
0.44296357
-0.75262827
0.1051871
-0.11395118
0.6161742
0.063994974
-0.19720969
0.039261222
0.1359784
0.43460116
-0.25828278
-0.36856458
0.38528812
0.17824677
-0.079557784
0.12923698
-0.37287083
-0.15993345
-0.35119578
0.6799173
-0.19681512
0.113149814
-0.2099839
-0.6308395
-0.06290892
-0.123074226
-0.15343158
-0.9494883
-0.6461153
0.105982915
-0.27323934
-0.008895076
0.43847775
-0.0036854765
0.19191228
0.24139485
0.4866402
0.30229852
-0.29095387
0.11512322
0.17840983
-0.6012865
0.3933131
0.3823852
0.046214473
-0.3081111
-0.019824618
-0.23082891
0.076091684
0.25949556
0.39484528
0.028644288
-0.22106174
-0.42134425
0.036639705
-0.5773829
0.42756227
-0.1422745
-0.066075735
0.40646115
-0.49983075
0.33227324
0.28412646
-0.12521975
0.11981758
0.046499956
0.16365686
-0.28852233
0.12105206
-0.26804903
-0.28672105
0.16854489
-0.27223876
0.036297042
0.091888234
0.10262463
0.2614358
-0.38489792
0.29908052
0.22938365
-0.062224463
-0.31422907
-0.0509835
-0.11347969
-0.32207587
0.31260595
0.3282598
0.0025904067
0.36641663
0.26686245
-0.43083197
0.17394531
0.24445532
-0.14774711
0.33538228
0.20601481
0.35580975
0.21746902
-0.5686287
-0.6938439
0.3883183
0.32911035
0.17293714
0.04081279
-0.12106042
0.39129776
-0.397513
-1.1032739
-0.048526224
-0.40538993
-0.47181937
-0.06657212
0.35445067
0.24038859
-0.10628363
0.44932172
-0.07412521
0.031396028
-0.019607738
-0.58604145
0.29243103
-0.09362288
-0.055637784
0.41032025
-0.2144993
-0.6991133
-0.22622736
0.37837976
0.19512051
0.037644036
-0.30587453
0.11813971
-0.38580692
-0.44919008
-0.06896847
-0.6475571
-0.23326968
0.27062538
-0.11026346
0.15571146
-0.4923976
0.54080915
-0.4936784
0.49818182
-0.43789512
0.09451327
-0.13468853
-0.018178297
-0.18689902
-0.22814178
0.13122745
-0.08739478
0.05444599
0.16200733
0.2468945
0.28694674
0.14756085
0.21596208
0.10739887
0.33764976
-0.058056075
-0.095628224
-0.8326298
-0.2646628
-0.040395837
-0.0054516452
-0.096379325
0.03752208
0.49372464
-0.102928676
0.638584
-0.33382514
0.40175968
0.01201714
0.29976377
0.28814018
0.026752923
-0.102510765
-0.5049053
-0.34136054
0.42239505
-0.14819215
-0.5087795
0.28516084
0.16627727
0.10766272
0.0743216
-0.6266967
0.1481086
-0.12052701
-0.4658697
-0.060414135
-0.17598328
0.36546555
-0.29026222
0.09982156
0.2168914
0.113765
0.3588573
0.06685248
0.46373478
0.01610494
-0.06730356
0.20504914
-0.47036523
-0.45125413
0.24226627
0.02844307
-0.6824092
0.1475359
0.047891427
-0.6632229
-0.2800018
0.062147614
-0.08025161
-0.030420234
0.0948498
0.0957375
-0.2727474
-0.3519097
-0.27624023
-0.31567422
0.085978486
0.11949312
-0.0799343
0.19345784
-0.30972442
-0.34283093
0.28522745
-0.42124104
-0.35718125
-0.3122853
0.29113466
0.09138962
0.19709492
0.037057713
-0.35907084
-0.1927991
0.19363967
0.0963126
0.11236337
0.010685484
0.040759586
0.1285954
0.114374585
-0.14139913
0.18592833
-0.041034453
-0.15228167
0.3227296
-0.39681488
-0.31575215
-0.2699405
-3.878479
0.26429766
0.32636765
0.44563672
0.27207643
-0.06678785
-0.42820594
0.20719625
0.021667492
-0.18377697
-0.63076663
-0.1254757
-0.07457192
0.44359785
0.14740163
0.19127475
-0.034926128
0.387651
-0.15953851
0.36002284
-0.22144565
0.059495497
-0.21125618
0.3863109
0.08393022
-0.07653267
0.22786151
0.32149664
-0.3117973
-0.5692668
0.39821276
-0.33840466
-0.33952984
-0.10658554
0.12353103
-0.26989594
0.3839213
-0.011590007
-1.5702454
0.0044749225
0.5245365
-0.15000734
-0.48758334
0.2446732
-0.6762214
-0.19408426
-0.7156509
-0.2087791
-0.16115823
0.23252872
0.1981884
-0.32034987
0.57079726
0.46636254
-0.7375764
0.025598746
-0.1310405
0.3014885
0.102997415
-0.016677544
-0.30485797
0.048749935
-0.13129142
0.007056524
-0.17102408
-0.48374242
0.104370214
0.48943242
0.041470066
0.14270219
0.1395909
0.08257531
0.30105895
-0.22627525
-0.20444223
0.30109945
0.14910167
-0.3139924
0.22728997
0.4024737
-0.05695888
0.23056784
0.3563401
-0.5801504
0.01981612
-0.18761498
0.23961174
0.07587476
0.36937186
-0.05081821
-0.35097128
0.5924575
0.22791798
-0.3680045
-0.25106704
-0.032183204
-0.49102128
-0.1425576
0.481732
-0.18953031
0.36770433
0.04156965
-0.29025242
0.30257997
0.1353302
0.031089915
-0.08526936
0.392456
0.028227827
0.46707633
0.2436454
-0.1464992
-0.02076626
-0.36917195
0.14610714
-0.17692293
0.45364895
-0.3166745
-0.16651714
0.40040675
-0.39440924
-0.14057975
0.3224281
-0.21514656
0.035714075
-0.17771854
0.06176743
-0.47896853
-0.31926423
-0.15205762
0.3510357
0.18020225
0.0075741136
-0.24280979
-0.46425092
-0.18593852
0.0983754
0.19106531
0.44607198
0.34099942
0.22806688
0.3922531
-0.12183056
-0.5275728
-0.56049067
0.04677163
-0.101605326
-0.31804043
-0.7025458
-0.38511425
0.18805589
-0.45280817
0.2325353
-0.35841674
0.7879254
-0.38377568
-0.026627185
0.12903616
-0.25981098
0.052144833
-0.30699036
-0.21690546
-0.299676
0.39425462
-0.052952453
0.18684304
-0.035818595
0.4096347
0.15786931
0.2804711
0.12869671
-0.4547484
0.13486654
0.36317146
0.20252474
0.21047834
-0.39079142
0.28096303
0.21916392
0.24639642
0.09631221
0.20520431
0.26342452
0.3861768
-0.3997909
0.1965051
0.5204863
-0.29730353
0.18202966
0.29055813
-0.27993986
0.2639672
0.23787451
-0.24838242
-0.26857835
0.3742596
-0.13132001
-0.3409033
-0.012891227
-0.05277697
-0.29901338
0.6542174
-0.23438041
-0.3329972
-0.21800017
0.38620564
0.4241794
-0.74662375
-0.3201735
-0.07009253
-0.27196664
-0.19677867
-0.33601403
-0.15480073
0.34938252
-0.24787608
-0.100817636
-0.027399004
0.16532815
0.22547285
0.07998441
0.1475594
-0.118657164
0.15744524
-0.08686886
-0.05494778
-0.32073045
0.21896447
0.31625995
-0.07157068
-0.13315965
-0.0668566
-0.20443264
-0.02410401
0.32529676
-0.3130664
-0.15964818
0.16820651
0.22057343
-0.24294469
0.096343674
-0.29634264
0.14837253
-0.07761143
0.078600876
-0.08395076
-0.09226954
-0.057173822
-0.12748095
0.13786246
-0.18963188
0.14197099
-0.15114358
-0.14271809
-0.09801519
-0.18735372
0.11390232
-0.19152898
-0.15903676
-0.091578476
-0.07631095
-0.17886645
-0.14978522
-0.07574232
0.1260419
-0.14255165
-0.0691551
0.16177517
-0.09133449
-0.11995277
0.07296469
-0.10742611
-0.16800815
0.10312314
0.08498635
-0.13312957
0.10667491
0.22310406
-0.18595181
-0.14993352
0.22770454
-0.21754274
0.31396717
0.15593669
0.18378842
-0.19548245
-0.120317824
0.15291438
0.16071318
0.0935411
0.29214537
0.092851445
0.14146931
0.12615313
-0.11733022
0.088640265
0.12548174
-0.12426604
-0.0929538
-0.10038751
0.10743648
-0.14678194
0.094099745
-0.13656504
0.22430982
0.050185587
0.11413743
-0.0710479
-0.07551413
0.084904656
0.07341413
0.091391414
0.18086575
0.13505656
-0.112256385
0.10769815
0.09877706
-0.058065347
-0.10700733
0.11049926
-0.21025175
0.08582355
-0.25583243
