49
2
120
1
relu
line
1
1
0.25030902
-0.1343993
0.2511298
0.20877051
-0.13979423
-0.29775387
0.08870661
-0.22139369
0.24648887
-0.0039351205
-0.16492842
-1.5118203
0.14302196
-0.025565775
0.10651219
0.08791374
0.3537158
0.2757788
-0.29386905
0.82085997
-0.21155661
-0.007770538
-0.1634221
-0.118876494
-0.28140423
0.012465441
0.15419173
-0.014876475
-0.31847587
0.51033723
0.1835109
0.09835833
0.15964922
0.23553906
-0.13650034
-0.064390875
-0.291167
-0.04711762
0.2155706
0.35778907
-0.07172145
0.32359505
0.04033666
0.066572495
0.022496166
0.11029127
0.28307608
0.37154156
0.33223516
-0.027925238
-0.006050825
0.031429287
0.5621205
-0.15023158
0.3785807
0.014384324
0.008786045
-0.04439071
-0.06842252
-0.040251035
-0.1786277
0.5019072
-0.22239506
0.110992566
-0.24162629
0.09491177
-0.11204541
-0.0054609776
0.22792143
-0.3097163
-0.22644092
0.16064338
-0.0058330614
0.196194
-0.10251227
0.22727245
0.16734292
-0.32060653
0.089419745
0.23104678
-0.2891655
-0.10085939
0.08123663
-0.014340609
-0.18781014
-0.10984175
-0.2246233
0.2693454
0.047537416
-2.912353
0.32945734
0.7083918
-0.031843204
-0.18071105
0.057586093
-0.11274306
-0.10573643
0.01065138
-0.048092097
0.26599365
0.037776638
0.15931024
-0.23331366
0.14149554
-0.7100093
-0.33634323
-0.19597512
0.05337509
0.000559479
0.05889818
0.17214489
0.08605479
-0.07031013
-0.2778962
-0.16759984
0.05095236
0.19452024
0.19348547
-0.2992321
0.29752642
0.3875572
0.5249708
0.11321372
0.16914484
-0.24807219
-0.2744103
0.17458408
-0.03434832
0.04609123
0.10704601
0.46805248
-0.38603163
0.16882323
0.18618606
0.29106423
-0.24098255
0.63969976
-0.78866917
0.3450569
-0.6199741
-0.31128058
-0.17487115
0.13014689
-0.4059167
-0.16469048
0.18892804
-0.6908781
0.10809073
-0.24426621
0.14609478
0.11444664
0.06458312
0.40735665
-0.25016615
-0.024145655
-0.32804567
-0.16063446
0.26727894
-0.19115108
0.055330373
-0.024363771
-0.3239404
0.077478856
-0.061457265
0.3415317
-0.18449455
-1.155615
-0.6281789
0.005387306
0.047412608
0.07861149
-0.049674567
0.04804028
-0.013290405
0.105293855
-0.053318907
0.22866546
-0.30317298
0.41207474
-0.1964928
-0.2602631
0.11968895
-0.060668766
0.30027255
0.15544932
-0.28211194
-0.16863172
-0.17850673
-1.0043687
-0.24599414
0.07953262
0.30225655
-0.16079523
-0.33580837
0.1906272
-0.1860314
0.78243446
0.1009222
0.21745335
0.25731617
0.239886
0.007326344
0.04700655
0.03272771
0.16439141
-0.045152698
-0.08192535
-0.22071862
-0.025928676
-0.022098415
0.13846937
0.62259585
-0.2590643
-0.20010266
0.10709188
0.007236637
0.08356772
0.09657
-0.36479262
0.22993395
0.40008426
-0.057347808
0.504432
-0.45679337
-0.28342324
0.23365524
0.2559667
0.29838112
0.32740372
-0.37639025
-0.24580982
0.04391814
-0.39852497
-0.17741552
0.27332982
0.062047016
-0.032344416
-0.1494658
-0.15417005
-0.69300926
-0.10853612
0.5138633
0.29546577
0.25442323
0.17103474
-0.118128374
-2.7507248
-0.08023773
-0.06791652
-0.41325966
-0.1618416
-0.073918894
0.21004906
-0.018428648
-0.03336826
0.1403742
0.07468539
0.07814324
-0.15304884
-0.118618324
0.25920695
-0.19931099
-0.17254086
0.24539678
-0.16115576
0.065356545
-0.2015141
0.14918685
-0.023440072
0.12804164
-0.2825479
0.02438569
0.15984665
-0.017804902
0.5802402
0.0027357908
-0.003471447
-0.29452908
-0.1368088
0.058507178
0.15097459
-0.0661532
0.20743227
0.37173682
-0.06368732
-0.3436526
0.19258863
-0.09663795
0.3037218
0.067475304
0.3363667
-0.07716565
-0.3315316
0.34047484
0.41163036
0.15359806
0.38323164
-0.10739456
0.4109974
0.24877834
-0.06855465
-0.042933814
-0.60945433
-0.09645318
-0.35002694
-0.042323902
-0.62512034
-0.47657347
-0.22508195
0.22028548
0.15462565
-0.18938078
-0.013538479
-0.13902517
-0.18734927
-0.31893522
-0.2670894
0.2440256
-0.11721673
0.598881
-0.0832009
0.5384648
0.007981429
0.010593856
-0.049405247
-0.0072703557
-0.17221011
0.2510951
0.08201347
-0.35162717
0.06916857
0.24079251
0.1925894
0.2548487
0.46071127
0.09785313
-0.32502234
-0.90869564
-0.4801376
-0.2545393
-0.25780717
-0.06890514
-0.017974358
-0.55153954
-0.02848258
-0.0318759
-0.212697
0.25919124
0.19198847
-0.101720445
-1.7255822
0.38008863
-0.1547947
0.23903899
-0.36797494
0.17027707
-0.62517065
-0.044542678
0.13227917
-0.16233873
0.39285713
0.27093184
-0.10380806
0.21555454
0.06556479
0.33413255
0.10099042
0.16485423
-1.3641564
0.26136237
0.14318143
0.3222192
0.25232908
0.17688715
-0.122095704
0.21201533
0.08869912
-0.33270285
-0.1584842
-0.31278586
-0.2599197
-0.31593338
0.02586219
0.23509596
0.28055853
-0.25387588
-0.32432678
0.1485008
-0.113503926
0.30629689
0.035755
0.2029484
0.20911245
-0.26065746
0.260742
0.081153445
-0.38304475
-0.25622076
0.11615617
0.6015849
0.13219106
-0.0715712
-0.26222506
0.021426167
0.020549309
0.21697986
0.036688894
-0.033104435
0.041324377
0.061892852
-0.22632809
-0.29199365
0.28063127
-0.526341
0.08319133
-0.13349745
-0.18117748
-0.2684067
0.054685727
0.021500785
-0.47200567
0.060942978
-0.031955875
-0.19873247
0.2151267
-0.20280348
-0.28648853
0.54306304
-0.1751793
0.35594147
-0.04692757
0.42441437
-2.1256
-0.5827516
-0.14897004
0.0951533
0.23596047
-0.2807472
0.19556361
-0.5094233
-0.07885048
0.02864642
0.5236176
0.09186992
0.18650271
0.08859116
0.20458077
-0.3208307
0.12599146
0.20653863
-0.22403044
-0.008503435
-0.3798413
0.08780062
0.120618686
0.34721673
-0.01940721
0.4832249
0.16695009
0.2808577
-0.08950826
-0.5985617
-0.05734108
-0.311016
-0.03177641
-0.25649244
0.16551323
0.08315199
0.07670611
0.06318671
0.1417499
0.15192904
-0.15788385
0.066278815
-0.12691556
0.30719674
-0.13250342
0.3041439
-0.03132046
0.21206607
0.2966656
0.031641275
-0.33849782
0.15640438
-0.15151632
-0.18935634
-0.060316794
-0.1990836
-0.33323207
0.20779693
0.21599706
-0.026781145
0.35604894
0.3154283
0.3340759
0.06564042
0.13560943
0.06875069
-0.264557
0.23342633
0.13201615
-0.3268177
-0.19509433
0.15796228
-0.01277255
-0.24289407
0.09406365
-0.1956273
0.13025136
0.08733267
0.20559475
-0.15774852
0.08318738
-0.026178649
0.10052853
0.057469975
0.12553295
-0.3611162
-0.12257762
-0.12119516
0.29078552
0.1379734
0.31625128
0.22841159
-0.22605674
-0.2987387
0.14706245
-0.23227401
-0.25544307
0.13558884
-0.06963334
0.15709965
-0.31363046
0.0987287
0.12686317
-0.09837981
-0.34039596
0.28751382
0.005104973
0.18075682
-0.41081625
0.1820241
0.022213016
0.22224629
-0.6510405
0.22566432
0.020781076
-0.10822513
0.011836988
0.2947388
0.15425691
-0.016614633
0.019069016
-0.32031807
0.24809398
-0.05264005
-0.14005865
0.011462829
-0.123290524
0.40397933
-0.24683945
0.5265452
-0.017154254
-0.1263775
0.7214213
-0.11186808
0.18904087
0.03504909
-0.27861223
0.270241
-0.27080062
-0.008184126
0.248051
0.063276544
0.12653787
0.2462755
-0.29670376
0.019595247
-0.21597594
-0.27887577
0.26867378
-0.26811373
0.0008652685
-0.00030126516
0.06539297
0.04434385
0.04289924
0.086905636
-0.1667569
0.11666258
0.102660805
0.33682364
0.051335834
-0.04507143
-0.19367546
0.14518775
-0.14880528
0.12835002
0.06501655
0.058178816
0.138463
0.087114185
-0.21823637
0.024777692
0.1351558
-0.13583778
0.20965315
-0.098746344
-0.21651547
-0.24504732
-0.7696324
0.19641031
0.27490073
0.19830742
0.08511771
0.331329
-1.2232836
-0.019094529
-0.13779485
0.45758232
-0.31925592
-0.21983883
-0.31019953
-0.03410368
-0.21641526
0.19633037
-1.2505627
0.31699353
0.21725559
-1.5351254
0.27104557
0.1563636
-0.072654866
0.22328287
-0.03599785
0.2503546
-0.32026407
0.056198
-0.04072114
0.25850382
0.3542858
0.34458786
0.08976245
-0.05357003
-0.27845764
-0.114879176
0.29605296
-1.2562766
-0.24464539
0.15776639
0.20321465
-0.028347136
-0.07398887
-0.03876373
-0.111405216
-0.11601738
-0.14785923
0.18803585
0.053078208
0.25351226
0.20727725
-0.37146917
0.2537558
-0.21859393
0.32390767
-0.09873058
0.26653668
-0.24733114
-0.056578368
0.25297505
-0.23325431
0.3567251
0.23671263
-0.24435109
-0.1403824
-0.25116062
-1.1533469
0.19732708
-0.17976928
0.348461
0.26434967
0.48663494
0.17567635
0.17014408
0.24420077
-0.02313452
-0.13935372
0.027986735
0.13475493
-1.4364643
-0.2285147
-1.2090966
-0.33536282
0.17282872
0.28971276
0.33681118
-0.12421183
0.027933896
-0.19297716
-0.17870897
-0.024840046
-1.2376096
-0.016073538
-0.30319023
-0.26996815
-0.06966926
0.10944424
-0.2954095
-0.05405885
0.14401144
0.18299133
-0.025302988
-0.35115898
0.06230155
-0.47367728
0.12807617
-0.11078557
0.29064855
-0.034068856
0.12829882
0.16700943
-0.1426785
-0.15293321
-0.1833918
-0.18378304
-0.17662822
0.062207848
0.20128009
0.17340443
-0.37707368
0.24470006
0.49648383
0.35215497
0.069167286
-0.11404943
0.2653674
-0.4869099
-0.16741307
-0.23014322
0.18959361
-0.28628063
0.16715811
-0.07354506
-0.11681311
0.09827391
0.25923353
0.019920995
-0.15697406
-0.27350378
-0.099028155
-0.92876273
0.02296549
-0.14269361
0.2542991
0.1940985
0.4015996
-0.07645912
-1.3007913
0.33906347
-0.080250084
-0.15051298
0.34519213
0.266674
0.6502549
-0.06939142
-0.0746468
-0.43762025
0.08693815
0.027762592
-0.22630028
-0.25960088
0.24383564
-0.5437461
-0.19160734
-0.2843546
0.17526163
-0.26391906
0.16344494
-0.83496624
-0.35578045
-0.05605729
0.2407775
-0.14071657
0.112957545
-0.1335795
0.03985742
0.13266842
-0.3194269
0.18025771
0.1453868
0.19316894
-0.19660957
-0.17673737
0.012941048
0.048516527
0.121926546
0.20749378
0.24119228
0.39409533
0.07113977
-0.07320245
-0.30100894
0.19725162
-0.27723238
-0.4791267
0.18267313
0.21727906
-0.08223127
0.20201689
-0.20606151
-0.25838748
0.059282105
0.12079175
-0.08919446
0.2804454
0.007839303
0.14729579
-0.1593269
0.4490915
0.23382401
-0.07768688
0.40611288
-0.5964672
0.049766604
0.463481
-0.11852215
0.0034348683
-0.10712001
-0.10822047
-0.8060623
0.33855125
0.13106194
0.35291392
-0.19972816
-0.6259424
0.34950617
0.20831291
0.28107548
0.20848648
0.040565174
-0.20228603
-1.111836
-0.0015708804
-0.22460221
0.10985089
0.18992251
-0.01542888
0.15518656
0.63549846
0.22681773
-0.39639458
0.14346664
-0.10461943
0.18873212
0.06338466
0.006186683
-0.113928385
0.2935784
-0.2298795
-0.045791715
0.033014774
0.17366058
-0.23306765
-0.04332176
0.13168319
0.047077324
0.01396432
-0.008344347
0.1932252
-0.2468076
-0.1704337
0.099172175
0.0073818113
0.029489921
-0.058298662
0.13434064
0.102841385
0.21244256
0.21572834
0.023298621
0.053849936
-0.23003313
0.3226915
-0.073203854
0.26644865
-0.038970888
-0.2777292
-0.32197502
-0.24772692
0.13147895
0.20395893
0.027138632
0.005313582
0.3377262
0.074920855
0.19587168
-0.30366752
-0.2393121
0.004355217
0.4357514
-0.5560781
-0.2416348
-0.27532804
0.33683145
0.07581872
0.45136458
0.26322547
-0.43345794
0.40806994
-0.08291724
-0.15104742
-0.2610221
0.019894129
-0.0120431855
0.21742025
0.049123913
0.26370025
-0.27378324
-0.16547121
-1.004549
-0.01986713
-0.08742891
0.19588009
-0.35919186
-0.107944556
-0.010222875
-0.096036516
0.15826625
-0.23984835
0.010088845
-0.2954444
-0.23748669
0.27452192
-0.15275568
0.31077796
0.3780546
-0.22346008
0.34269637
0.51500374
0.18487686
-0.13203979
0.36518532
0.17630595
0.39066473
0.1005175
-0.39352047
-0.2478872
0.030735444
-0.049965084
0.078150496
-0.17703776
-0.28651422
-0.12253387
-0.18901156
-0.41872936
0.27085593
-0.11735781
-0.30324227
-0.05607138
0.076767094
-0.23895508
0.16120027
-0.12683317
0.12474452
0.07082672
-0.31566262
-0.038175073
-0.051322486
-0.22959702
-0.28682625
0.17170888
-0.11996523
-0.2326714
-0.06349259
0.050041888
-0.0829538
-0.18482845
-0.3420017
-0.11275618
-0.17271034
-0.27485752
-0.15355742
0.030655472
-0.03629978
-0.08873421
0.29431334
0.4163721
0.13228332
-0.06036833
0.12047408
-0.2345478
0.5602753
0.22979139
0.18464711
0.20684326
-0.45161146
0.02045878
-0.12765059
0.33138317
-0.32517165
0.09304985
0.24393344
0.0151076
0.3179085
0.12647933
-0.33468798
-0.022129847
0.31972286
-0.25869066
0.18656746
-0.12215555
0.2692674
0.24700435
1.0715449
0.107171506
0.22596954
0.2105036
-0.18811847
0.1719676
-0.09731955
-0.06583498
0.24506164
0.2520607
-0.016869968
-0.13724217
0.07792508
-0.13745223
-0.09991118
0.12488884
-0.35858887
-0.22577086
0.29109195
-0.39936373
0.1749672
0.22863005
-0.008681506
0.031545296
0.30559525
0.19704147
0.10281542
0.18554665
-0.28344855
0.17263873
-0.23577558
-0.32725957
-0.2435932
0.45169
-0.10227638
0.23774716
-0.00754389
-0.04754889
0.07651792
-0.027404798
0.095307335
-0.032484308
0.023528395
-0.23403373
-0.18179423
-0.24165265
0.06903695
-0.21469909
-0.27592564
0.11856358
0.43297347
0.116823
0.3678495
0.19339229
-0.24424821
0.17207873
-0.25279236
-0.27703848
-0.1911328
-0.038828693
-0.2990792
-0.042160314
-0.33836734
0.19795103
0.009563202
0.0033331863
-0.02757575
0.2476706
0.32097733
-0.24665341
-0.11231091
0.02094333
-0.05187287
0.19344594
-0.27981883
0.118741
-0.05027704
0.11069661
0.3274353
-0.04820726
-0.19888285
-0.052522663
-0.31866375
0.069809094
-0.20500936
-0.29950148
0.049749088
0.10548574
-0.21575643
-0.24718729
0.36221185
0.06045121
-0.2520203
-0.21782272
0.29558685
-0.0041487534
-0.14890203
0.2645973
0.07255421
-0.10241076
-0.1024831
0.06570503
0.04404642
-0.24241786
-0.058929037
-0.3648886
0.09155839
-0.35259905
0.20245953
-0.22178906
-0.27125594
-0.09427035
0.10319707
-0.43978497
-0.1610096
0.0062968214
0.08968987
0.045960106
0.09925744
0.029715888
-0.18611106
-0.09192514
0.042050205
0.25411087
0.2635565
-0.19974425
-0.31180516
-0.057144426
0.20824984
-0.1488098
0.26200488
0.08206076
-0.047529742
0.35368147
0.07875506
-0.045583166
-0.20652427
0.20966323
0.10777954
-0.09652832
-0.042128064
-0.25676015
0.2184909
0.116489395
0.020579772
0.2638769
0.20150849
0.1052455
-0.23021756
0.16452149
0.25384742
-0.26334116
0.2324663
0.21925636
-0.1408605
-0.28658864
0.25068247
0.14864635
0.14477605
0.22683813
0.097793765
0.1206298
-0.23803766
-0.042768415
-0.33996728
-0.21430354
0.36088797
-0.057021428
0.13593502
-0.23591235
-0.27580914
-0.029398335
0.31777218
0.22086984
-0.0026152742
-0.0071561337
-0.3019366
0.27588657
-0.094124705
-0.04626863
0.2040296
0.17806774
-0.24189815
-0.08830295
0.17358637
-0.03457238
-0.1281687
0.05597418
-0.33643338
-0.016475827
-0.49500677
0.1224312
-0.21916585
-0.9433578
0.49900308
-0.3619867
0.3161087
-0.60234725
-0.093427464
-0.48174754
-0.09457524
-0.07747496
-0.2250928
-1.8255816
-0.3180471
-0.010789812
-0.29391032
-0.18958578
0.3157749
0.28143921
-0.045089774
-0.246238
-0.24240826
-0.009233144
-0.082119875
0.2896784
-2.2658873
0.16830873
0.13375252
-0.3237027
-0.49746072
0.25125337
-0.12783836
0.2536071
-0.07835646
-0.33233526
-1.1301168
-0.25401747
-0.3139062
-0.022983536
-0.33188263
0.070868984
0.077566534
0.2502242
0.2083268
0.14405093
-0.3097964
-0.24911346
0.085655555
0.5894514
-0.17562011
-2.315786
-0.074108556
-0.13921349
0.23543388
0.08818764
0.13888834
0.23005958
-2.337762
0.16485417
0.057252605
0.034643743
-0.57639784
-0.08707573
-0.2453047
-0.13587287
0.05489627
0.17937648
-0.44519776
-0.78666884
-0.04879246
0.25496146
0.2570672
0.17215054
0.039562136
0.17246588
-0.20937395
0.30008692
0.10385854
0.14286424
-0.12079762
0.02394651
0.4370381
-0.02713478
-0.031379998
-0.1562351
-0.052172218
-0.034310043
0.12982164
0.17195511
0.15009369
-0.5236229
-0.8950934
-0.16383101
-0.11731857
0.2396931
-0.32281741
0.034338012
-0.34410763
-0.1268928
0.5251324
0.40877572
0.23738605
0.05339845
-0.22497132
-0.06116578
0.25345013
-0.053759962
-0.31701127
0.5306768
0.5242255
0.04747351
-0.31605142
0.23738962
0.022265915
0.10735908
0.36567765
-0.28056258
0.007825322
0.014030397
0.1223094
0.37731382
-0.038191706
-0.5721774
0.38712803
-1.4527484
-0.024290424
0.3383811
-0.16950174
-0.53512996
0.0013540796
-0.43455464
-0.45220116
-0.1287379
0.0527307
-0.21122335
-0.2870601
-0.100500315
-0.27949834
0.019649437
0.30473182
0.16888963
-0.14679086
0.029459117
-0.15506206
0.3322791
-0.18745035
-0.040934835
-0.22734347
0.3059716
0.082687475
0.24239218
0.8365018
0.33373743
-0.8685727
-0.35318008
-0.3943175
-0.2797721
0.30221248
-0.4301633
-0.46545047
-0.25624987
-0.1403725
0.050436955
-0.00074395933
-0.2277869
-0.16193458
0.3288576
0.4718606
-0.33699977
-0.3199672
-0.57502466
-0.11504015
-0.16097008
-0.2380179
-0.07716246
0.428989
-0.0029915024
-0.03679184
-0.25382236
-0.4443663
0.008165303
-0.766773
0.31635916
-0.35430965
1.1891372
-0.17635885
-0.17793892
0.021542817
-0.24152914
-0.09692274
0.098773554
0.20081377
-0.14707862
-0.16307592
0.32605332
-0.14780796
0.09422674
-0.1780984
-0.4060521
-0.37696776
-0.2873558
0.10547702
0.09976879
-0.2859808
-0.2577094
0.3093046
-0.25277495
0.030386265
0.39672834
0.37839043
0.3757881
-0.345475
0.132974
0.059010133
0.7512815
-0.3091141
-0.37693828
-0.13687591
-0.5328389
0.3381372
-0.027423877
-0.023082796
0.05362492
0.044037025
0.2306121
-0.026284512
-0.57409775
-0.30421874
0.05256403
-0.023349345
-0.3718924
-0.14765696
-0.061704513
-0.18682574
0.18834499
0.066716865
-0.32192945
-1.479667
-0.30040297
-0.3234328
-0.14796855
0.12845567
-0.043806847
0.078575045
-0.27637407
-0.06273251
-0.02328325
-0.042482972
-0.09949639
0.37808192
0.0123100355
0.27192345
-0.44730407
0.00053292257
-0.0020788908
0.41035983
0.070268005
-0.08717401
-0.18393663
0.024151644
0.037137825
-0.08401091
0.07224924
-0.13557681
-0.064965986
-0.24213974
0.07849616
-0.31516373
-0.15306875
-0.42847338
0.4142172
-0.25434992
-0.19166702
-0.3112319
0.10027636
-0.44756332
0.20210893
-0.07994178
0.23653054
-0.18702455
0.24451345
0.21363634
-0.6519368
0.17096157
0.20488673
-0.37170434
-0.3175382
-0.25406244
-0.13316657
-0.07986649
-0.29739258
-0.04229686
0.2446875
0.16491932
-0.014512278
-0.15949371
-0.11108976
-0.2788026
-0.19014946
-0.20201594
-0.2237014
0.30470127
0.01692964
-0.054981694
0.22638102
-0.5370991
0.14811718
-0.11692122
-0.25124678
-0.07145002
0.34072876
-0.33723012
-0.13095652
-0.01585158
0.08202153
0.17763194
0.2362956
-0.52024823
0.37444943
0.20159525
-0.55447614
0.1576402
0.09593244
-0.30138507
-0.15066431
0.0022508241
-0.12287304
-0.0035577305
0.23949657
-0.061309297
-0.12308271
-0.15816814
0.39435667
0.047230773
-0.20939569
-0.14218692
0.031123845
-0.3068898
0.31951904
-0.070150375
-0.063440956
-0.34841567
0.121309064
0.14333495
0.13945135
0.018172303
-0.06573943
0.18507075
-0.054980684
0.25999635
-0.27786604
-0.034663558
0.749127
-0.16631883
-0.021181036
0.08320399
-0.17347799
-0.36983442
0.3029641
-0.14878356
0.027857335
-1.2266648
-0.327465
-0.015040483
-0.119353905
0.1698014
-0.014952114
-0.11178271
-0.05826917
0.18451217
-0.13083443
-0.27773583
-0.3544872
0.2477627
0.09099653
0.22902127
0.102277994
0.26338136
0.30209258
0.0048569203
0.103668764
0.07629346
0.17449991
-0.22766526
-0.8190085
-0.3394725
0.312027
-0.06710594
-0.048698865
0.28556395
0.13049749
-0.47184098
0.31994358
0.11836139
-0.1244366
0.23202863
0.056846015
-0.27081695
0.2217319
-0.313802
0.029809032
-0.2496265
0.12183895
0.4212186
0.32721174
0.07866597
0.15229648
-0.16451666
0.12436428
-0.15015338
0.25510788
0.25914374
-0.10204569
-0.07866129
0.14530545
0.26733437
-0.13389553
-0.18154164
-0.74673194
0.00800988
0.06959353
0.27873024
0.30524313
-0.13287993
0.46984085
-0.07305922
-0.31005144
-0.014600293
0.16670375
0.040361814
0.21511622
-0.21326466
0.16302721
-0.13936593
-0.17264897
-0.023324458
-0.3138783
-0.2591457
0.14076217
-0.113655806
-0.16250312
0.34223184
0.17520893
0.14554377
-0.2679511
-0.07861758
0.09307888
0.42838305
0.24673334
-0.10550774
0.15650885
0.0148376515
0.07473769
-0.36435136
-0.063097365
0.18716049
0.13105324
-0.16653225
0.09908412
0.028124535
0.16689627
0.31533793
-0.2240388
-0.21490216
-0.3019351
0.1131389
-0.13419871
0.12556286
0.15409328
0.20846248
0.08035796
-0.040829256
0.33969897
0.17000246
0.13223124
0.15080379
-0.08334203
-0.15561655
-0.17206608
0.15780373
0.20925069
0.013274842
-0.18510807
0.35556117
-0.29729673
-0.25066572
-0.2994226
0.07086677
-0.037883777
-0.33658287
0.07171769
-0.059905484
-0.049163338
0.2953024
-0.118811965
-0.009398289
-0.26078427
0.36783603
0.2259605
0.33262527
0.019213242
-0.3130341
0.035752
0.20091741
-0.04469894
-0.13335894
0.24730726
0.11310193
0.32102668
-0.18399112
-0.23411833
0.17614326
0.19100624
0.16250335
-0.06475893
0.04369325
-0.38827986
-0.09827779
-0.0034543113
0.23741543
0.15037727
-0.2933005
0.2058676
0.27836797
-0.30407104
-0.020639002
0.34752196
-0.15528268
-0.026148804
-0.121750295
0.1181206
-0.1971993
0.23871827
0.0026074667
-0.22436881
-0.21610345
-0.26352516
-0.077546
0.050482944
0.0796396
-0.1326905
-0.11642612
0.3896552
0.16847408
-0.0016165053
0.14247313
-0.20508394
-0.11101859
-0.06478531
0.26281607
0.17529018
-0.10305104
0.030719455
-0.42993286
0.24419388
-0.22010817
0.1606727
0.06757269
-0.061723318
0.19121979
0.23836102
0.017512364
-0.21618474
-0.298721
0.15426704
-0.11189819
-0.31655863
-0.014628296
-0.079025075
-0.24019232
-0.24545015
-0.11916409
0.14137946
0.13323516
-0.14466062
-0.21902008
-0.29295942
-0.11944838
-0.14013128
-0.32080346
-0.12741064
0.018055081
0.14470832
-0.093539685
0.08932257
0.0732026
0.24187304
-0.08996009
-0.07828896
0.16856529
0.19543855
-0.3370679
0.4327024
-0.29954687
0.08549873
0.28237644
-0.29392076
0.04219076
-0.16093071
0.09295781
-0.24834332
0.0655933
0.1118057
0.13433671
0.28024405
0.039771717
0.2719983
-0.40061054
-0.19073643
0.2731267
0.3038158
0.19759963
0.5222636
0.26245594
-0.075559855
-0.21348622
0.083878875
-0.22516671
0.15153605
-0.028797189
-0.13622926
0.03900703
-0.16572313
0.060898934
-0.11057323
0.19506758
0.9329374
-0.0698151
0.21426243
0.005046932
0.04688116
-0.053043503
-0.09783331
0.19704783
-0.07022635
-0.2811816
-0.065015025
-0.12342152
-0.36208186
0.19562155
-0.30874527
-0.1793613
0.010572013
-0.15211244
-0.21216184
0.022296928
-0.31491002
-0.4528733
-0.30428755
0.08356303
-0.17114574
-0.15445617
-0.2206787
0.054032356
0.03524971
-0.15038343
0.09916728
-0.5661211
-0.09104797
-0.29558885
-0.18185203
0.07088355
-0.12241427
0.025541024
0.14630821
0.30801058
0.3419028
-0.023806185
-0.3510439
0.21633688
0.222682
0.013742179
-0.21986738
0.010443419
-0.13293879
-0.43528736
-0.22491078
0.33224946
0.08403484
0.0529416
-0.03040697
0.14539114
-0.014700639
-0.10432513
0.16799119
0.1219633
0.053162843
-0.42654467
0.22231829
-0.015434478
-0.26005405
-0.27735132
0.026384495
-0.23610666
0.0009955524
0.26289845
0.049991723
-0.5436934
0.032953404
-0.30459276
0.7415405
0.3762244
0.16741139
-0.1068169
-0.1763057
0.31321716
0.32269913
-0.0682457
-0.1865904
0.4910684
0.78935546
0.0028602483
-0.15344955
-0.081259064
-0.3014067
0.707654
-0.17644353
0.03955881
-0.25096405
0.10954089
-0.12918863
0.03679669
-0.10228789
0.14547004
-0.32443592
0.2820434
-0.12689434
-0.086579554
0.15290576
0.3515818
0.28098682
0.14026648
0.18475899
-0.119520575
-0.036780655
-0.15660551
0.33625078
0.047683302
0.31160223
0.3241916
0.32572234
0.036747787
0.16387233
-0.23608872
-0.0685636
-0.012479556
0.14587694
-0.25240427
-0.05318467
-0.14980236
0.46092653
0.26674902
-0.003465081
-0.33396783
-0.29340458
-0.16859244
0.2002425
0.19120067
-0.34935448
-0.25734892
-0.12999351
0.033126682
-0.31423634
0.2087408
0.020991474
-0.29994446
0.2918948
-0.11924259
0.15178962
0.32465643
-0.098334014
0.144981
0.10100991
0.27794796
-0.06453605
0.1380508
-0.2342396
0.26062274
-0.16437227
0.20818655
0.04800588
0.047654603
-0.21312433
0.4165505
-1.0712707
0.20443563
-0.3287726
0.27696568
-0.2756668
-0.041386582
0.10305309
-0.014385641
-0.002576081
0.1083892
0.07132153
-0.041792903
0.06513419
-0.06150825
0.03599253
-0.14404145
-0.1274112
-0.17042689
0.14303564
-0.26587915
0.3196619
0.029840823
0.043441176
0.014593107
-0.09833977
0.04604496
0.3815225
0.022395903
0.00693665
-0.03691967
0.017783588
-0.13487801
-0.20641482
0.121592954
0.039752103
0.03369596
0.20831345
-0.031535063
-0.19079143
0.09211852
-0.18283027
0.48463228
0.3688892
-0.07895156
-0.118280515
0.2997949
0.31667203
0.015346963
-0.14441906
-0.314293
0.068915054
-0.0026097365
-0.21347088
-0.13553762
0.19355094
0.2793305
-0.23078486
0.10707238
-0.25080585
0.20522068
0.18613563
-0.28376338
-0.37225288
-0.21504848
0.21145506
0.32905614
0.036550753
0.19402555
-0.120832846
0.3314792
0.20624298
0.2517638
-0.22952428
0.13317259
0.13913363
-0.023255564
0.0013427332
0.023744874
-0.008621898
0.20946388
0.32759178
-0.16133422
-0.009534965
-0.3057496
0.40656132
-0.008494083
-0.21669847
-0.34267727
-0.11291018
-0.04620044
0.35566196
-0.19171852
-0.07800462
0.24234062
0.35024408
-0.019128732
0.1692456
-0.22566772
-0.010281988
0.4059468
-0.2796445
-0.20739003
-0.16370171
-0.3027888
0.32154775
0.1394679
0.020255767
0.27417758
0.20132123
-0.11631988
-0.06253506
0.12979393
-0.059237096
-0.3158269
0.287628
-0.0743322
0.2131591
0.21943384
0.11439288
0.100710586
-0.21131031
-0.10906808
-0.3240101
-0.42576945
0.41844058
-0.06377262
-0.14074428
0.028049171
-0.31482065
-0.3691787
0.03192686
0.098454654
-0.08111487
0.31100622
-0.2540689
-0.060181946
-0.16323482
-0.28206557
0.20025532
0.29771167
-0.06699957
-0.046785634
0.11970493
-0.33148512
-0.10410413
0.021951834
-0.12304163
0.03322709
0.19059435
-0.2697834
0.09418075
0.19110778
0.32766074
0.06885528
-0.3674111
0.15784256
-0.17644641
-0.09343234
0.054122895
-0.0011846971
-0.16537441
-0.18138914
-0.25242868
-0.07651281
-0.28516394
0.04974382
-0.27676168
-0.31434986
-0.4684328
-0.22321148
-0.18124509
-0.20527996
0.14597341
-0.0048855147
0.03433475
-0.13173847
-0.05131318
-0.82270646
-0.41512534
-0.056713887
-0.017560082
0.19629757
-0.16871886
0.27425042
-0.23184912
-0.16446415
0.11966921
0.22927986
0.18087
0.1128048
-0.22526509
-0.13173932
-0.022785515
-0.30097297
0.29311842
-0.17078057
-0.44714132
0.1903474
-0.101423584
0.12851954
-0.44122744
0.2668496
-0.27003404
0.09777818
0.10988299
0.09721368
-0.108694926
-0.30863458
0.30397737
0.110504925
0.012437154
0.031075833
-0.29166988
-0.0369204
-0.06440691
-0.033236854
0.04759903
-0.31280354
0.16268723
-0.11563014
-0.23885414
0.1380835
-0.05707327
-0.2244399
-0.13886294
0.10683762
-0.28428265
0.16415982
0.36248562
-0.18419649
0.32937115
-0.20183519
0.3556214
0.25109753
0.12504461
0.057319365
0.1807598
-0.3050458
-0.20206292
0.04093371
-0.02395447
0.0039629675
0.12679154
-0.38542664
0.26233003
-0.2851734
0.30883247
-0.09181732
0.13283862
-0.4926933
0.15496546
0.038132675
0.06684658
-0.19039895
0.05850019
0.034462098
0.25613967
-0.1058541
-0.31543288
-0.08633766
-0.27922085
0.24992345
-0.23079088
-0.104077265
0.2530212
0.28228548
-0.25630087
0.30272725
0.3120947
0.52569807
-0.2310035
-0.3161091
-0.09488892
0.040261686
0.22214623
-0.12589158
0.29325247
0.13597494
-0.06923306
0.032750025
-0.11012831
-0.3173119
-0.049533255
-0.30002913
-0.17701632
-0.064827606
0.3424371
0.28613853
0.2125406
0.062594995
0.107291415
-0.32874003
-0.31351057
0.12703311
-0.21720019
0.26257092
0.14083716
-0.13968645
0.25377598
0.06629439
0.019628963
0.313802
-0.20180573
0.14419548
0.037803035
0.013386465
0.033464212
-0.36973384
-0.011572318
-0.20468597
-0.2954894
0.3507533
-0.1567788
0.20645536
-0.30428097
0.11459349
-0.344586
0.19446167
0.2455133
0.33255967
0.06648013
0.27209172
0.083632074
-0.01181167
-0.32537282
-0.34932512
-0.089261696
-0.045302756
-0.00085246324
-0.16238192
0.21514301
-0.022915943
0.38474894
-0.22624165
-0.053150732
-0.21227013
0.027306188
-0.17638217
0.29315212
-0.2044386
-0.35608953
-0.030721052
0.35982567
0.3495985
-0.30253428
0.11133145
-0.08055452
0.06476675
-0.19158874
0.21793684
-0.25405884
0.28256285
-0.3723636
-0.24851964
0.38546014
0.17947748
-0.26515713
0.31715444
-0.24392214
-0.25988704
-0.21701044
0.22909553
-0.059082054
0.26706684
0.1283208
0.24721223
0.33180273
-0.1933856
-0.1993951
0.17972776
-0.1448391
-0.2535924
0.2951047
-0.20124176
0.14180249
-0.4774325
-0.08917605
-0.07043173
-0.1487772
-0.009339333
-0.3282644
-0.048176344
-0.043515097
0.25182498
0.024666978
-0.2320901
-0.08714309
0.21308874
0.13677359
-0.37495112
0.06700016
0.060123906
-0.018227108
-0.027110629
-0.039811276
0.101473115
-0.12820762
-0.14729455
-0.36696875
0.14940873
-0.21130504
0.040222447
0.20190735
-0.033465356
-0.08000126
0.18070142
-0.042336
0.12205869
-0.1910492
-0.14751099
-0.14183272
0.28707838
0.41154763
-0.054429095
-0.15023184
0.1863694
-0.2988412
-0.21291927
0.19123837
0.0897928
0.19583534
-0.16197889
-0.1268265
0.14612836
0.04300974
-0.36739877
-0.12637143
0.037935026
0.14094254
0.11279678
-0.064665556
0.35733858
0.06890857
-0.45591554
0.20229132
0.052577928
0.20257215
0.1444978
0.31877592
0.26074016
-0.11307314
0.021251481
-1.8712105
-0.2906401
0.23340537
0.22921892
-0.68753433
0.0058653196
-0.17320465
0.30995974
-0.06600555
-0.017169153
-0.008305909
0.08471906
0.11069619
-0.0040982156
0.29557323
-0.29746166
0.28744033
0.04579565
-0.035128176
0.17501533
-0.22815213
-0.1880973
0.29852986
0.1993798
-0.09528097
-0.16825259
-0.014485579
-0.022951096
0.14389211
0.20819746
0.06517962
-0.12506612
0.07404976
-0.29893214
0.021484401
-0.088814855
-0.22265564
-0.18046016
-0.3640449
-0.24156052
-0.22755912
0.16507956
0.039923407
-0.12990825
0.24669933
0.29853046
0.20098853
0.007953637
-1.174742
-0.084483445
-0.41750625
0.0107228765
0.32179105
0.18649377
-0.08822873
-0.16556332
-0.32138097
0.087171316
0.03538059
0.17690828
0.0121153
-0.5006246
-0.08975349
-0.23056133
-0.64116234
-0.017486753
0.046977434
-0.079096965
-0.11446774
0.1980645
0.024326203
-0.038288034
0.31787056
0.4301472
-4.2368436
0.14574918
0.12900396
0.30194715
0.33088237
0.32651892
-0.09961074
-0.26261768
0.111883536
-1.3099036
-0.107651986
0.21948351
-0.3433542
-0.11115298
0.15711337
-0.5951812
0.07344862
-0.33374786
-0.03792271
0.4172269
0.020717528
-0.09076223
0.07098418
-0.31661412
-0.029825184
0.19662894
-0.10972368
0.37124276
-0.10727856
-0.33431968
-0.23050085
0.21848308
-0.13226901
0.23377112
-0.29727113
0.19348145
-0.33790043
-0.22408424
-0.23674591
-0.24006164
0.25977123
-0.25482687
0.22037394
-0.32381296
0.103516385
-0.54261273
-0.12029394
0.022152692
0.28257596
0.38502303
-0.20894156
0.12538993
-0.008514832
-0.019512607
0.11418579
-0.06364701
0.14843515
0.0032762885
0.39290816
-0.16790666
0.21537915
0.19555551
0.29345143
0.036217973
0.051211953
-0.03514588
-0.3313486
0.10414829
-0.16079533
-0.13333338
-0.05809721
0.36326423
-0.12685901
-0.18923964
-0.14498372
0.06877116
-0.10962278
-0.12851477
-0.12656367
0.31461942
0.1402438
-0.08222395
-0.20357025
-0.10610817
-1.3243037
-0.33365592
-0.0933207
-0.01599337
0.10244686
-0.009880983
-0.4399033
-0.19910467
-0.121324755
-0.3643857
-0.06537906
-0.12651232
0.22615197
-0.0731416
0.329005
-0.15192302
-0.1268498
-0.25534025
-0.036720037
-0.05787111
-0.03250349
-0.12790205
0.1316739
0.23097475
-0.03997898
0.14944063
0.0944234
-0.056808345
-0.25774598
0.03807783
-0.08997524
0.025637573
-0.0132648675
0.032737397
0.1648607
0.19734769
-0.38701326
-0.118026726
-0.03986151
-0.03664531
0.19431937
-0.15124436
-0.11654067
0.31327778
-0.7107724
-0.6055194
-0.047985375
0.11967192
-0.65818304
0.12838058
-0.25278693
-0.14019088
0.28712857
0.036333673
0.027540505
0.24675469
-0.012376502
-0.2417809
0.014187362
0.004430777
-0.1313802
0.07068956
0.123291254
-0.088794164
0.049018845
-0.08083548
-0.18709679
-0.0060830796
-0.19119917
-0.04762636
-0.10912582
0.032942224
-0.109189674
0.05285756
0.17720906
-0.177469
-0.006997982
-0.23820731
0.077219464
0.3227358
-0.05256918
0.42329824
-0.07253553
0.00013456226
0.564562
-0.014364368
-0.043518048
0.036251567
-0.18237036
0.48090467
0.4376318
0.024817832
-0.14033815
0.30370814
0.21728757
0.4350695
0.0034164123
-0.07426548
-0.16582197
-0.26052982
-0.3089744
0.13714103
-1.0346223
0.30195576
-0.30993772
-0.3587542
-0.1355912
0.35686225
-0.29687122
-0.13524857
-0.16404013
-0.13963486
0.10291251
0.2502595
-0.072814375
0.32170767
-0.2394109
-0.042701177
-0.20887509
-0.09693641
0.0009517596
0.14142534
-0.07399234
0.21256185
-0.23759516
0.1579505
-0.091404155
0.16802377
-0.31792745
0.12865834
0.067900255
-0.15315886
-0.1538114
-0.17476968
-0.29960388
-0.04030875
0.3097225
0.30214423
-0.15653391
0.22428477
-0.09893427
-0.15565868
-0.008740306
0.049899746
-0.007030689
0.26287702
0.22529243
0.25276837
-0.24684268
-0.3887657
0.048811447
-0.25433847
0.20038848
0.2121562
-0.111981355
-0.0070379237
0.13780639
0.29546815
-0.1940507
0.0736767
-0.14432628
-0.11181417
-0.17268643
0.28433654
-0.5506571
-0.0129005965
-0.19055359
0.27621582
-0.6913718
-0.22611353
-0.19587328
-0.4637147
0.29178023
0.32508978
-0.2032555
0.044217795
0.14613841
-0.072669476
0.15084752
-0.013441806
0.115589514
-0.25460956
0.22584638
0.16703591
0.006073655
-0.34570572
0.053511593
-0.12316222
0.14587924
0.0034946394
0.28764468
0.05616435
0.05290252
0.121498875
0.08763064
-0.097264834
-0.24846397
-0.20921592
0.12114416
-0.0014267543
0.30170923
0.047734383
0.2681197
-1.6879166
0.0688929
0.11341485
-0.25309914
0.036153924
0.3080148
0.04426839
-0.3376669
-0.23897049
0.38518295
-0.112729415
-0.3098645
-0.1587431
-0.0064921537
0.016386062
-0.0039675976
-0.16855046
-0.35023537
0.35023192
0.21020553
-0.17854507
-0.03664277
0.05130795
0.037942495
-0.10552642
0.1628395
-0.27406207
0.074303195
0.3514631
0.016371412
0.2519325
0.13427685
0.25443223
0.34694397
-0.3013357
-0.16707441
0.39441183
0.073384106
0.33489594
-0.31668776
0.36166626
0.2554063
0.18021855
-0.029467382
-0.2937964
-0.2013173
0.13861677
0.17789908
-0.32712814
-0.21457635
-0.29090026
0.28037173
0.18377158
-0.12259873
-0.13544057
-0.1521947
-0.009331822
0.19049922
0.28335822
-0.12757567
-0.31537792
0.13818653
0.11376771
-0.23312499
0.018913409
-0.02411371
-0.17533231
-0.38529384
0.233349
0.11321059
0.38948125
0.23365685
-0.23927945
-0.12107234
-0.18576215
-0.08507507
0.33458132
0.2643484
0.21489508
-0.30231145
0.032175004
0.28626484
0.28946137
0.22864005
0.2264887
-0.17666526
0.15073058
0.25003967
0.18284239
0.31596437
-0.18744226
-0.2521684
-0.11425679
0.29828817
0.35257405
0.30376533
-0.05687027
0.19029282
0.31521305
-0.13893889
-0.109611005
0.25629547
0.20080377
-0.22944382
-0.088839434
0.26335245
0.18839075
-0.12613471
0.05013342
-0.18510573
-0.1209935
-0.072663255
-0.24690367
-0.12688927
0.08530673
0.107156955
-0.2599088
-0.11020575
-0.12445358
-0.24162526
-0.024579775
0.01791662
0.04159279
-0.09577739
-0.28426513
0.2182261
0.0026424543
-0.35110077
0.088222064
-0.11963427
-0.097163774
-0.1996895
0.36336195
0.34025818
-0.17677969
0.11139618
0.33332458
0.18302707
0.16217875
-0.29854023
0.18358287
0.32129622
0.2657232
0.01822164
-0.26342526
0.08662769
-0.20256044
0.08592077
0.27770266
0.26037458
0.28801134
0.14064042
0.06062681
0.24504507
0.020209935
-0.18832634
0.050167616
-0.19775991
0.015947593
-0.20478097
-0.21386081
-0.0596878
-0.114258036
0.115060344
-0.2950782
-0.0864163
0.48436972
-0.12515995
0.16333981
0.07474344
0.0430074
-0.28904676
-0.029749647
0.039715275
0.2199277
0.23911986
-0.35630068
-0.001447873
-0.32726744
0.21391405
0.28484902
-0.2890064
-0.13396268
-0.0691227
0.288998
-0.06271842
0.06793994
0.21149486
0.2969704
0.2994734
0.2576283
0.07511063
-0.02005287
-0.124698825
0.14690945
0.31036416
0.086935006
-0.21242596
-0.15542938
0.1996484
-0.24911125
0.16067645
-0.2939351
0.3156205
0.267262
0.15823527
-0.019046322
0.035479687
0.22903064
-0.05423552
-0.041179508
-0.19980082
-0.18804005
-0.32606423
0.015316278
-0.026597366
0.13158968
0.29576376
0.21136749
-0.31071815
0.048444636
-0.20185302
0.18096499
0.14547779
0.29485813
0.09140027
0.05890869
-0.22550905
0.6275269
0.078814745
0.102712505
-0.2365932
-0.12569635
0.12866098
0.18052459
0.2774515
0.16510831
-0.2149999
-0.42565325
0.0818668
0.2317931
0.32431266
-0.07004302
-0.0065949038
-0.08867702
0.26203278
-0.36622307
-0.15137756
-0.11916466
0.27269197
0.19637793
-0.007874599
0.10127651
0.1246968
-0.29393008
0.3313855
0.490677
0.27527046
-0.11262873
-0.079200506
-0.22350799
-0.4513728
-0.29168892
0.08416561
-0.21953957
-0.17983906
0.3270319
0.15086979
-0.3184002
0.24015954
-0.20169562
0.15079147
-0.12511493
-0.766306
0.4115214
-0.26013723
0.30783224
0.33445185
-0.30563906
0.22464848
0.21559665
0.15748963
0.08352637
0.19485964
0.19984466
0.19203112
0.008262038
0.28753814
-0.28301683
-0.20062874
-0.09060113
0.041029938
-0.019913035
-0.4247324
-0.13666286
0.12507555
0.011529148
0.043094635
-0.7472581
-0.16627663
0.03243873
0.24893752
-0.26843622
-0.16760495
0.4323202
0.29442644
0.15059274
-0.10854298
0.27951124
-0.119103216
-0.4210353
0.23338966
0.056979373
-0.45673844
0.20712057
-0.2747868
0.27254224
-0.24568693
0.27558774
-0.5389674
-0.021143068
0.3357945
0.33400697
0.25639275
-0.089757755
-0.16492479
0.35657823
0.101846494
0.06849876
-0.096914575
0.16097122
-0.13386345
0.36239943
0.06670335
0.32989573
0.11428427
-0.102522776
-0.14394437
-0.32665968
0.26660806
-0.06151446
0.16887082
-0.10706373
-0.28616804
0.11215554
0.01468407
-0.1297104
-0.31594974
0.20049089
0.12262544
0.12309629
-0.14880568
-0.14767434
-0.001567212
-0.28457397
-0.20270994
-0.18755342
-0.19617319
-0.05190201
-0.13108192
0.024904698
0.29925406
0.26434147
-0.09216749
0.15951422
0.123590596
0.049470678
0.05978017
0.0764361
0.195075
0.10834038
-0.053794503
-0.32180196
-0.051644847
0.30208665
-0.22585493
-0.2275972
0.24813432
-0.13878967
0.0029432774
0.06509449
0.014058474
-0.07705563
-0.12582794
-0.11202246
-0.0910521
0.29125392
0.11323955
-0.2974512
-0.12556162
0.02806416
0.015754074
0.2902439
0.09348703
0.230707
-0.0660792
0.043262597
0.4458963
0.113483705
-0.1897104
-0.1765389
0.062279016
-0.36829793
-0.06398182
0.33650672
0.38664052
-0.43848664
0.122622795
0.20226501
0.18908884
-0.049878195
0.22272235
-0.032350477
0.04381419
0.18774432
-0.025636885
-0.21229748
0.17241377
-0.014075176
-0.16909347
-0.3409289
0.2913966
0.08044054
-0.04044018
0.23348418
0.2909734
-0.33938694
0.04575863
-0.17245056
0.32858258
-0.25750855
-0.14751439
-0.29266882
-0.14169075
0.29776022
0.20354101
-0.12403955
-0.114457384
0.18419918
1.3971322
0.0412325
0.14619565
-0.10733181
0.27042517
-0.2989053
-0.32281822
0.03508991
-0.00577879
-0.38648903
0.10188675
0.21319813
-0.30143055
-0.21253757
0.22010192
0.34105116
-0.071490735
0.16586086
-0.19440468
0.06486253
0.35308
-0.24949414
0.14405692
-0.2524312
0.04911134
0.29802635
7.768718e-05
0.035767872
-0.07917887
-0.015210826
0.26054215
0.27813563
-0.12633738
-0.002667355
-0.032223795
0.3118966
-0.05605648
-0.11507266
0.37087554
-0.022616997
-0.084814295
0.25122976
-0.08276866
0.32883143
0.21487163
0.04285017
0.019037768
0.21752729
-0.0010849533
0.19895658
-0.1983914
-0.24206558
-0.40210047
-0.034432117
-0.17858268
0.0009971261
-0.045418307
-0.068612665
-0.08383915
-0.24738288
-0.11172314
-0.2387399
-0.14984971
-0.057972442
0.3560619
0.3088659
0.13779536
-0.042071253
-0.30234587
0.07369251
-0.011899002
0.43789113
0.097229525
-0.042853285
-0.03128693
-0.012758422
-0.16875505
0.3646884
-0.052729145
0.07694484
0.1570282
0.21266684
-0.002145343
0.53520113
0.15961866
-0.25038493
-0.059340198
-0.08819996
-0.056499302
-0.45266652
-0.22679727
0.063990675
0.059059888
0.3785134
-0.16395092
0.29120618
0.2531279
-0.10946037
-0.14396709
0.1619581
0.2660839
-0.1795953
0.2644832
0.2647516
0.43817788
0.34988505
-0.42229766
-0.41027084
0.18384361
-0.17684492
0.30600575
0.29093292
0.41545513
0.32766703
0.10199874
0.22931339
-0.16628665
-0.2672292
-0.16844456
0.3797507
0.2818155
0.34705615
0.030959096
0.15918396
0.123698026
-0.057991184
0.31455398
-0.21654172
-0.057574235
0.34959832
0.13816519
0.18869442
-0.05831799
0.039421417
0.30018252
-0.14624706
-0.10424759
-0.12411518
-0.1026825
0.25182295
-0.070179
-0.32965782
-0.20598137
0.3157802
0.15613414
-0.24957842
0.046500307
0.37403682
0.052147627
-0.21290043
-0.11549431
0.29289785
-0.07068153
0.22729017
-0.24698314
0.21320114
-0.257316
0.25449538
0.0015764178
-0.2458386
-0.07225827
0.6683188
-0.1403076
0.25923353
-0.1631585
-0.0150270285
-0.14954032
0.00603687
0.018483698
0.25655448
0.32037476
0.049236804
0.060529266
-0.09226921
0.20370586
0.24782056
0.3420235
-0.058537878
-0.07301827
0.2612256
-0.2662051
0.07122142
0.22048797
0.24372685
-0.070318386
-0.0108245965
-0.081232734
-0.08700002
0.028949603
-0.24376363
0.33738887
-0.3060186
-0.069169946
-0.14439681
-0.05437516
-0.16949423
0.07980421
-0.3336618
0.14514731
-0.119609825
-0.21888132
0.06286629
-0.2165446
-0.036975928
-0.32899502
-0.2508116
0.04333503
0.04941173
0.42556816
0.20571764
0.022679245
-0.011585545
0.16470954
-0.14309493
0.027833529
-0.13128093
0.19313297
-0.16501515
0.045529056
0.07128118
-0.05203134
0.027151506
-0.0011996918
0.34076008
0.111797474
0.12275186
-0.12478726
0.11323571
0.15908861
-0.0465412
0.30352348
-0.2307125
0.0018666794
-0.0019156581
-0.03667233
-0.08694494
0.09906999
0.08328909
0.007798463
0.21347809
0.030561058
0.31444702
0.007435786
-0.13988243
0.5176602
-0.27924165
0.036009435
0.19458897
0.026437197
0.11779027
-0.29641095
-0.06642301
0.2267232
0.23354928
-0.12923552
-0.040166073
-0.45121297
0.37018922
0.5937038
-0.13803811
-0.29533082
0.18587713
-0.04789891
0.4336279
-0.23581928
-0.110586256
-0.023752755
-0.0970902
-0.20803882
-0.029941846
-0.05633959
0.10770397
-0.14413175
0.0783625
-0.04688775
0.1762583
0.13577618
0.28123698
-0.16203716
0.06199148
-0.14035238
0.09492183
-0.110626355
0.09019126
-0.23056203
-0.09636889
-0.2963602
0.17704733
-0.22854015
0.2676721
0.031774513
-0.047050938
0.17351182
-0.2002557
0.19762494
0.26167953
-0.0572724
-0.16811018
0.2691804
0.034079198
0.075787745
0.23483102
0.05811881
-0.17365547
0.34222645
-0.16937675
0.03504304
-0.23237288
0.12471872
-0.23007219
0.30708987
0.0145410355
0.11282135
-0.2981616
0.104574084
-0.5354339
-0.13478675
0.11528464
-0.06656729
-0.04530456
-0.49780953
-0.102218114
-0.66910034
0.37280694
-0.28457335
0.106993735
-0.055765335
-0.049227156
-0.3699935
0.07666986
0.114387095
0.071411334
-0.20805551
0.29094338
0.080721445
0.29383826
0.13984175
-0.15426981
0.056432266
0.35680413
-0.072627544
-0.16882694
0.19597104
-0.198886
-0.1285711
0.014028562
-0.10319358
0.13611567
0.11449828
0.3036061
-0.13100816
0.16094574
0.41291836
-0.22075424
0.09790006
-0.2944351
0.27465492
0.09497501
-0.1840128
-0.003704412
0.07076697
-0.2174509
0.24105877
0.16380231
-0.13130996
-0.12516612
-0.040278513
0.14938973
-0.054952826
-0.043401368
-0.24372388
-0.093176425
0.2471636
-0.001605195
0.18935198
0.10349646
0.20995776
0.17298087
-0.09124434
-0.20845145
0.2887213
-0.6182721
0.16590434
-0.16416447
-0.23925586
0.254755
-0.2359489
0.09300405
0.33150983
-0.6346192
-0.1318442
-0.05676645
-0.012467242
-0.1937438
-0.051933967
0.12647454
0.22919846
0.045329463
0.20915365
-0.10274833
-0.26235324
0.088867664
-0.30228508
-0.18057841
-0.011218186
0.29790974
0.28550205
0.10133383
-0.2420756
0.034808595
0.199236
-0.34175104
-0.22651221
0.047159664
0.17495838
-0.22306396
-0.31685194
0.29004937
0.2694434
-0.29982877
0.24259728
-0.20493306
-0.07192222
0.15727335
-0.70218605
-0.25942656
-0.09379507
-0.27134842
0.069485955
0.2468209
0.0045252983
0.2923167
0.10614133
-0.19075364
0.100777686
-0.09403797
-0.14215128
0.076214045
0.109244436
0.12528495
-0.27572978
0.11336155
-0.28490964
0.033676773
-0.19739783
-0.13344364
-0.39187697
-0.15660791
0.21421024
-0.24910493
0.0798157
-0.33082852
0.23291323
0.12915206
0.26824313
-0.15102418
-0.078511894
0.08178198
-0.31695032
-0.3195491
-0.22266066
-0.2136686
-0.0020204969
0.11664829
0.18444179
-0.11188142
-0.20776026
-0.017213464
-0.31725228
-0.09376482
0.21984676
0.16248019
-0.052501146
-0.4574011
-0.22166467
0.04514389
-0.18529747
-0.24632354
-0.278604
-0.12201913
-0.32137504
0.00827459
0.02751726
-0.16165553
-0.15966968
-0.15412673
-0.0927704
-0.08508398
0.015148492
-0.47748727
0.13028789
-0.19682707
-0.28260404
-0.33903256
-0.1805895
-0.09254947
-0.412114
0.3264919
0.110483676
-0.28318188
-0.006032766
-0.19565247
-0.011101245
-0.090553455
0.23212914
0.1249467
0.3255484
-0.010932868
0.28549272
-0.16912849
-0.015345186
0.37582105
0.32592946
-0.113011464
-0.2583291
0.2778954
0.29897624
-0.07134993
0.053999484
0.093509085
-0.13363066
-0.13993865
-0.38931885
-0.40708333
0.016149517
-0.18517871
0.23173764
0.1340351
-0.25015962
0.20975165
0.03561647
0.0329639
-0.18460664
-0.12657364
-0.006273205
0.094135284
0.21788566
0.47618708
-0.20022947
0.28144038
-0.15569958
-0.021481352
-0.009731754
-0.09846899
0.04149227
-0.017682396
0.09362132
-0.17599796
0.021407919
0.33567384
0.115949675
-0.44157997
-0.095354915
-0.22201037
-0.0048448453
-0.47093508
-0.08277795
-0.23893192
-0.33190292
-0.0067659775
-0.007474363
0.105838284
0.16668607
-0.090887725
-0.03451018
0.33992082
-0.033981048
0.1748094
-0.1705445
-0.12050386
0.1281676
0.070105776
0.13294967
-0.19760114
-1.9081587
-0.08822173
0.07123232
0.201164
-0.28338403
-0.18477361
0.15338019
-0.11365179
0.023363747
0.25524843
-0.18906106
-0.4267773
-0.27172595
0.164186
0.010030106
0.05279466
0.15665656
-0.16571715
0.05479404
0.36581782
0.04542697
0.005667841
0.22262369
0.13213466
0.19426459
0.22922099
-0.21882789
0.11233316
-0.10190164
-0.25100744
-0.24925612
0.17412373
-0.15206662
-0.1509962
-0.36686948
-0.10826434
-0.05305344
0.6102315
-0.3236927
-0.32289213
0.27123213
0.14575568
0.20638274
0.23824862
0.00833472
0.15851408
0.16219686
-0.051333323
-0.051363815
-0.13208221
0.25222093
-0.113497004
-0.025542695
-0.16192958
0.34109837
-0.1935874
0.26581264
0.18395308
0.21535952
0.1611867
-0.34140605
0.2367954
0.07299787
-0.34495074
-0.072684795
0.11840046
0.12661628
0.07733652
-0.07255045
-0.2931528
0.30109707
-0.37462378
0.27028018
0.18327054
0.3076076
0.015763825
-0.06780354
0.01032424
0.07459957
-0.24612707
-0.06506382
0.3206944
0.20200777
0.020022495
0.2034167
0.122509085
0.077365935
0.25077718
0.18525338
0.014200666
0.3373432
0.23330261
-0.076817915
0.08569273
-0.22269988
-0.13892698
0.12127209
0.102680355
-0.006664574
0.04711013
0.22418351
-0.13736807
0.36615342
0.25827828
-0.07091756
-0.16248795
-0.28510207
0.24099408
0.46123782
-0.088038206
-0.2932724
-0.32926401
-0.16156612
0.10660595
0.24451329
-0.6182584
0.18103068
0.24418516
-0.09980983
0.25458887
0.30882895
0.26727304
0.19748433
0.11929325
0.32175416
-0.077874966
-0.187336
-0.1555283
0.32957444
-0.34797013
-0.32575548
-0.2252699
0.3294971
0.32781276
-0.053088043
0.23166965
-0.27583227
-0.15633082
-0.1352696
0.13975325
-0.044641156
-0.36445275
-0.05910883
0.31264895
-0.13763933
0.12712418
0.21376416
0.28340164
0.20310488
0.19431297
0.1756624
0.26310992
-0.22540924
0.26907814
0.013796289
-0.32049444
-0.1188334
-0.4766761
-0.33786294
-0.009754472
0.28047028
-0.30107692
-0.087479964
0.10552549
0.09455661
0.28990236
-0.13768095
-0.003756372
0.2928508
0.20820317
-0.04242851
0.17330535
0.0900175
0.48812345
-0.092255205
0.22861537
0.037285447
-0.12036291
0.16435985
-0.3935412
0.0069891205
-0.2710716
-0.29428932
-0.3660022
0.23552513
-0.19495417
0.10865956
0.29321733
0.29381782
-0.1779712
0.025100963
0.12071795
0.28931662
0.11911429
-0.21447042
0.14668772
-0.00023964043
0.13012293
-0.058148153
0.2367622
-0.28024778
0.18131226
0.008641754
-0.043931052
-0.01076138
0.06662049
-0.033080876
0.13637133
-0.15889454
-0.025471974
0.35916436
-0.1475021
-0.11935123
-0.11444838
0.17755885
0.0029640617
0.112971425
-0.19444375
0.020500857
0.114816315
0.09458387
-0.17442675
0.15619047
-0.085188776
-0.19613516
0.10854732
0.34068763
0.29593247
0.053358648
-0.026868591
0.19907103
0.096986175
0.075358555
-0.003186224
-0.004930504
-0.016062526
-0.08831038
0.15433274
-0.2699122
0.10600325
0.14914218
-0.13794851
0.14576432
0.3198632
-0.031847958
0.14519623
-0.27613124
0.021861292
-0.022288278
-0.42036763
-0.2865464
-0.24425824
-0.056430858
0.058218986
-0.0028440559
0.15424797
0.053277276
-0.14355257
-0.40218225
0.00041301214
0.21939415
0.13770624
-0.015477408
0.12581626
0.06371346
0.20651685
0.061778527
-0.30390465
-0.039827704
0.16159822
-0.21266004
-0.004189905
-0.081109755
0.1476167
-0.032518245
-0.17984143
0.036211822
-0.1484553
-0.07283229
-0.22804248
-0.27466205
-0.11195634
-0.135162
0.07785722
-0.16591805
0.10035821
0.2045284
0.15602203
-0.059017196
-0.28386715
0.21653946
-0.3006481
-0.17407176
-0.13879433
0.27649432
0.15232977
0.0768812
-0.13049841
-0.036288556
0.28603625
-0.2703771
-0.2712515
-0.24039455
-0.006677309
-0.32661226
0.25902885
-0.13311282
-0.04632634
-0.2298189
0.22952536
-0.090672955
0.17070302
-0.26312193
0.077165574
0.11155315
-0.260612
-0.3421423
-0.21807134
0.1591042
0.16825469
-0.19228876
-0.021502227
-0.058957763
-0.3390916
0.065838836
0.28151375
-0.18681112
-0.22186087
0.023051532
-0.10755289
0.21646434
-0.009324895
0.32018515
-0.1965736
-0.27012265
-0.15365672
0.08583417
-0.061889645
-0.11453514
0.16156521
0.101239316
-0.1291381
-0.039632004
-0.045124914
-0.08283896
-0.0747603
-0.07467482
-0.11771344
-0.45730036
0.36685693
-0.342245
0.16090995
-0.37951955
-0.199522
0.19827013
-0.031249406
-0.13034602
-0.09453237
-0.014812956
-0.030598477
-0.24832518
-0.27944687
-0.0836778
0.2581016
-0.12089082
-0.08756326
0.24707258
-0.079738125
0.12880896
0.26011464
-0.26979363
-0.053482234
0.23360975
-0.21135217
0.4776131
0.3387248
-0.29678026
0.21666498
-0.08145353
0.0075688874
0.09666094
0.09485046
-0.18543783
0.21521719
-0.2982914
0.3021021
-0.29971722
0.022473676
-0.00044836497
-0.36578655
0.37077984
-0.15499459
-0.044239238
-0.0073275445
-0.017927958
-0.117499195
0.008895048
0.00609082
-0.110578105
0.045555353
-0.21167706
-0.2901558
-1.0934672
-0.2606478
0.18404873
0.19123292
-0.4095796
0.25609308
-0.27609584
0.17926748
-0.03402091
0.07443947
0.5406342
0.116523154
-0.32707223
-0.117833816
-0.22781788
-0.14056093
-0.20738783
0.28584042
0.2817176
-0.03939839
-0.5964546
0.15401039
-0.23820001
1.1905786
-0.16303457
-0.034841746
-0.22376342
0.18572767
-0.052524943
0.200006
0.17880599
0.17072268
0.3096943
0.31207126
0.30360985
-0.29405028
0.21044259
-0.16349202
0.19885133
0.08792037
-0.08011005
-0.7079779
0.27587503
-0.14650942
-0.32062355
-0.071766526
-0.121906295
0.2862752
0.5444642
0.016766917
-0.09932498
0.17177361
-0.14864028
-0.020226784
0.24620752
-0.12528554
-0.3350604
-0.19930895
0.33328733
0.7500212
0.109255195
-0.23913787
0.21517414
-0.12939538
-0.33733782
-0.064861506
-0.33696285
0.57072747
-0.27484524
-0.1390195
-0.42454243
-0.30789095
-0.044872776
-0.102882884
0.34781718
-0.16272871
0.102523975
0.3299893
1.7854178
0.105766684
-0.12779018
0.20087582
-0.29594663
-0.82674366
0.11416137
-0.30598795
0.15331443
-0.12668894
0.16350462
-0.38824993
0.13496834
-0.24785495
-0.351419
-0.086069606
0.011220447
0.25125465
0.044266578
-0.036156617
0.07384882
-0.32830787
-0.24391027
0.06438797
-0.11477998
-0.23910141
-0.29176268
0.19264048
0.12602241
-0.07070435
-0.67793304
-0.23986605
-0.31388688
-0.21997836
0.024538979
0.0800559
-0.012305393
0.31981334
0.07351598
0.12454032
0.15406251
0.0686461
0.29717302
-0.30834457
-0.69212484
0.026786638
-0.014939987
-0.15527752
0.20557868
0.0304589
-0.28404167
0.25671673
0.4172235
0.31006765
-0.2611822
0.08455172
0.050959498
0.16988327
0.020116739
-0.11039726
-0.0007036526
0.19062838
-0.2449195
-0.3107562
0.07909572
0.0983838
0.22796589
-0.26414272
-0.21150978
0.045321986
-0.23052567
-0.095982045
-0.14840746
-0.22985572
0.1571458
-0.09648197
0.36652923
-0.27315798
-0.21516705
-0.004739861
-0.29460397
0.3154931
0.21015306
-0.24858221
-0.08362523
0.13339965
-0.1391585
0.19628826
0.07126201
-0.31787536
-0.3047777
0.2598264
-0.07600199
0.22448343
0.20947531
0.21447654
0.18572646
-0.076949835
0.32047004
0.19138864
0.28002352
-0.080292925
-0.0036714636
-2.5867517
-0.16788436
-0.008504946
0.008457035
0.22080263
0.008950429
0.17124608
-0.36241353
0.3213464
-0.16809466
-0.09357411
-0.8626251
0.012271616
-0.10108843
0.1332917
0.059085075
0.12156563
0.19166766
0.19122992
-0.0131101785
0.08331195
0.11337976
0.108633816
-0.2316789
0.04375077
-0.03859
0.055082966
-0.11403469
0.1808866
0.30412358
-0.049242437
-0.74600434
0.151793
-0.13202569
-0.09422874
0.11996071
0.055051547
-0.046118364
-0.019948822
-0.15254582
-0.2166466
0.18802255
-0.33762684
-2.509771
-0.2861151
0.073277876
0.3045588
0.010710544
0.14643864
0.25316954
-0.12502621
-0.05915519
0.15961872
0.038163416
-0.7959971
-0.19499868
-0.05523728
-0.24835274
0.21751344
-0.2956883
0.17049186
0.104744785
0.019613404
0.18757473
-0.14684059
-0.035838686
-0.12503648
-0.24025366
0.3670312
0.36363977
-0.116068706
0.24111086
0.14882325
-0.05354309
0.2550885
0.026814047
0.35822836
-0.07190953
-0.046971265
0.1787379
-0.183101
-0.1386058
0.20055139
0.07022035
0.06953502
-0.03367257
-0.09841189
0.31288353
0.050745048
-0.15569662
0.44738078
-0.14457001
0.18334255
-0.19245286
0.086207926
-0.11116291
0.149197
0.18146688
0.104610026
0.39238203
0.011968047
0.008174062
0.113565214
0.081994
0.15554772
0.114080526
-0.2699605
-0.02379303
0.30864665
0.26626384
-0.2574987
0.2765935
-0.23000933
0.18868543
-0.1469172
-0.32920587
-0.0056536337
0.060932994
0.116352744
0.35145512
-0.061925035
-0.07626935
-0.55630326
0.106567174
0.26703295
-0.11606683
-0.03489801
0.122056976
0.18167514
-0.3323026
-0.10681694
-0.25194708
-0.25822034
0.12814294
-0.2992165
0.051209744
-0.0018357162
0.4021685
-0.34096995
-0.25325245
-0.36287728
-0.10049648
-0.29659286
-0.1956447
-0.22391498
0.057698302
0.2626066
0.15390407
0.10085587
0.35630602
-0.2506658
-0.27859023
0.05890494
0.03494254
0.050252214
-0.15258045
0.10796579
0.26640692
-0.27073383
-0.10085118
0.120005295
-0.052031666
-0.0669126
0.066815116
-0.29118982
0.49246377
-0.07783281
-0.141613
0.048380453
-0.087438524
0.0134393
0.17037685
0.20981614
0.19771236
0.2395546
-0.26741472
0.05213736
0.092305094
-0.15219551
0.14592575
-0.25325143
-0.020742096
0.099669635
0.18787967
-0.27486825
-0.2181287
0.08827083
0.19730462
0.16077071
0.18517238
-0.08379568
0.26478082
0.06710844
-0.078921705
-0.14243886
-0.090510875
-0.067752294
0.09002874
-0.031265173
-0.21554741
-0.28403118
-0.14555396
0.0067348205
-0.26359653
-0.5818785
-0.06589176
0.24038857
0.36199567
0.2485412
0.049862515
-0.12081945
-0.023716876
-0.26556534
-0.3320937
0.15314662
-0.028251126
-0.10594166
-0.027066827
0.2596603
-0.39765316
0.085792325
0.104965895
-0.067768395
-0.113806754
0.02776289
0.30201623
-0.37452695
-0.08227274
-0.23068054
0.039098702
-0.10919562
0.10822477
-0.07632306
0.06548422
0.08595367
-0.6727297
0.23633724
-0.037813857
0.32090706
0.4407811
-0.088120624
-0.13922201
0.06070268
-0.08004147
-0.27593675
-0.16733682
-0.33510125
0.27774203
0.15661484
0.29321814
0.2043502
0.03925206
0.012321578
-0.3287681
0.025723241
-0.26221398
-0.5770699
-0.05111357
-0.09519308
0.17359318
-0.13745527
-0.038962286
-0.0048798053
0.15752351
-0.2601436
0.32074854
-0.3186298
0.19204621
-0.36097348
0.30129516
-0.22891878
0.27684727
-0.053220246
0.10864149
0.20913766
0.10636258
0.19957028
0.05306901
-0.21696736
0.19078712
-0.044294916
-0.32066196
-0.23415636
0.11819639
-0.07276532
-0.09252617
-0.09882548
0.09199137
0.24445982
-0.14025107
-0.23386289
-0.03280512
-0.17836834
-0.18328424
-0.06997975
-0.034370095
-0.300397
0.040787697
0.36787435
0.3370325
-0.24718456
-0.071345404
0.28701052
0.30008844
0.23746812
-0.049588986
-0.34688517
0.2732173
0.040094964
-0.057424642
0.13402943
-0.10768552
-0.13090077
0.03587836
0.31299582
0.32676506
-0.19666164
0.33373046
-0.20129153
-0.1892166
0.008019392
0.17127493
0.10074398
-0.20867345
-0.09566041
0.112461425
0.1080134
-0.09443995
-0.02943805
0.19969574
0.023033582
0.020517288
-0.14046186
0.255103
0.13957223
-0.2714174
-0.15091093
-0.124729246
-0.19607376
-0.2800878
-0.16124795
-0.085475154
-0.13858244
0.20375855
0.11354156
0.03128005
-0.2663921
-0.34048507
0.11525144
0.34307677
-0.32756162
-0.18553248
-0.12228307
0.21837533
-0.088003576
0.008508811
-0.07421716
0.10009524
-0.21588571
-0.2475144
-0.31524113
0.13038038
-0.059429113
0.3448086
-0.14935656
0.037509646
-0.25312054
0.24473552
-0.18933849
-0.49633965
-0.019381255
0.0008251839
0.07465342
0.30410725
0.24507256
-0.11983119
-0.21861428
-0.35396853
0.039290193
-0.28347847
-0.057853855
-0.0074092587
0.043201227
-0.062547356
0.17279741
0.023410367
-0.12710978
-0.17295359
0.3101773
-0.21571086
0.14079121
0.16237639
-0.057789817
-0.031180458
-0.31480148
0.06278076
0.029933264
-0.27669284
0.16101642
-0.17730184
0.052430186
0.091447294
-0.035739705
-0.29349774
0.34714493
-0.14287595
-0.25828534
-0.08829379
0.21098201
0.38684353
-0.123984545
-0.2740801
0.2934976
-0.062330183
0.29093343
0.14704955
0.10981903
0.14837806
0.16501278
0.056056865
-0.08419199
0.025896814
0.080482736
-0.2984283
0.18640587
0.08051264
-0.06199667
0.32639724
0.07779501
0.5398292
0.11721198
0.23810941
-0.24478991
0.32565272
0.2881318
-0.21185833
-0.19745786
0.34683707
-0.024993747
-0.39446285
0.11530005
-0.41281918
0.3921156
0.12857054
-0.3012597
-0.011719509
0.16510896
0.010448472
0.13613369
-0.06919107
-0.17274281
-0.01800428
0.39369494
0.015128646
0.23972702
0.2851003
0.311471
0.17252171
-0.008980989
-0.056018595
0.256594
-0.15581727
-0.093396075
-0.026382506
-0.12749213
-0.29407477
0.2552358
0.6122734
0.100086115
0.1507959
-0.13201359
-0.3692848
0.26805016
-0.32520133
0.014274943
-0.16834563
0.079435036
-0.17558038
0.37557828
0.20972446
0.50436026
-0.37435293
-0.94453704
-0.33130053
0.16981173
-0.2593107
-0.015870161
-0.0036913562
-0.06959441
0.07646708
-0.117633075
-0.26361537
0.22729297
-0.009127839
0.24944752
-0.2271155
-0.3058789
0.056498308
-0.094462
-0.04104575
-0.04138105
0.21748266
0.019685697
0.2994914
0.9452147
0.23995823
0.23189192
-0.10715939
0.21584052
-0.015823793
0.113152534
0.007735156
-0.25750646
-0.24099478
0.09666392
-0.40353376
-0.39249146
-0.33193633
-0.13090129
-0.124623835
-0.10332296
0.10951796
-0.7023124
-1.030547
0.335183
-0.127401
0.065229625
0.43666044
-0.016413435
-0.17290872
-0.18778633
0.30567226
-0.1822472
0.13034491
0.08821571
0.29472172
-0.30858096
0.061521042
0.086814225
0.102964446
-0.33245727
0.13610044
0.028112456
-0.17173128
-0.11792179
0.510555
0.09159087
-0.13701488
0.104913086
-0.34870312
-0.12525885
-0.17731528
-0.07180384
-0.12298404
-0.4185946
0.08738966
0.11235886
0.16106987
0.26875058
-0.15224482
0.25864092
-0.18644843
-0.10368739
0.16499367
-0.13073525
0.25630435
0.12125621
-0.24064407
-0.057920102
0.27314976
-0.34099615
0.18362002
0.22225237
-0.18046923
0.34063226
-0.25134233
-0.048131153
-0.008032978
-0.17666009
0.13678043
-0.29565215
0.16368818
-0.31577474
0.24071026
-0.089402504
-0.27940902
-0.26357326
-0.11667237
-0.16917074
-0.0048383167
0.20368153
0.28528515
0.096847415
-0.40497842
0.23468006
-0.03370566
0.083102345
0.1516035
-0.0353359
0.3027961
-0.013936308
0.048957005
0.4529421
0.045427084
0.008771331
0.13938676
-0.01366786
0.04077557
0.29114264
0.11905525
0.06088382
-0.2900145
-0.12912117
0.16504583
0.04448254
-0.09386545
0.27978227
0.20601737
-0.16893597
-0.090169996
0.19043499
0.11554202
-0.12041602
-0.14749636
-0.35615385
0.0041227415
0.088602096
0.24699175
-0.1440935
0.046450395
-0.2399585
-0.14600904
-0.14918116
0.12797281
0.33262014
0.15262313
-0.17858754
0.4930186
0.35689527
0.1461271
0.18706557
0.27559203
-0.022556592
-0.17584768
0.18264034
0.5711459
0.36352307
-0.07643305
0.031458776
-0.31992432
0.29928413
-0.24125111
0.04306713
-0.3177191
0.10883593
0.049805194
0.28424135
0.18200107
0.0733735
0.13021322
0.27276456
0.06182167
-0.16801271
0.11441692
-0.2038471
-0.15626468
-0.28637883
-0.2121313
-0.0025746732
-0.03227036
0.17970455
-0.22802798
-0.3563928
0.17176318
0.12535328
-0.08400118
0.28734502
-0.013605825
0.11400681
-0.119840354
0.21677805
0.0995105
0.1290539
0.040520284
-0.2819321
-0.09115436
0.2409597
-0.090469114
0.07438366
0.16946647
0.11062041
0.30445424
0.26598084
-0.24646941
-0.32066467
0.3120456
0.18452425
-0.13097483
0.24337524
0.07608222
-0.023057103
0.022904098
-0.27701053
-0.20885697
0.28082877
0.09161784
0.17015503
-0.11374428
-0.04028056
0.30274072
0.19010931
0.224995
0.31484058
-0.39720345
0.046732213
-0.017012652
-0.060456432
-0.08618815
0.00012649632
0.06830805
-0.39517748
-0.19359802
0.08695463
-0.070239425
0.15233912
-0.057753257
-0.11500461
-0.11540741
0.076143354
0.26899663
-0.2535528
-0.05293915
-0.078998
0.16128078
0.008579709
0.21770692
-0.09142508
0.037254617
0.032125477
0.13235761
0.011391557
0.22829744
0.21170114
0.0968304
-0.33626568
0.26032528
-0.007633049
-0.11131041
-0.21617106
-0.20382957
-0.30824128
-0.09156062
-0.19643137
0.10412032
-0.04527611
0.17760418
-0.040645525
-0.0005959945
-0.24618101
0.3523779
-0.16727528
-0.02712357
-0.12883607
-0.30732614
0.1604748
-0.066937365
0.10471971
0.002285573
-0.23064367
-0.0375896
-0.16669622
0.21422762
0.11253926
-0.06583092
-0.32236356
0.05338171
0.07141846
0.0259575
-0.016545469
0.015679162
0.24031918
0.13754246
0.22365499
-0.034531098
0.026282603
-0.22186895
-0.16056034
0.28700283
0.18885247
0.039433718
-0.13384475
0.068282604
-0.2490334
0.28152108
0.3038323
0.23354653
-0.048642736
-0.24937972
0.16427562
0.30393255
0.25204018
0.025362328
0.22667521
-0.02600181
0.050935496
-0.14914395
0.13082248
-0.18536296
-0.11965615
-0.1298763
-0.22617087
-0.23583956
-0.20145604
-0.06944176
-0.29465201
0.03377332
-0.03400475
0.2840635
0.3162303
-0.14846614
0.08326744
-0.08474812
-0.102189444
-0.018945312
-0.22395073
0.24222834
-0.27797636
0.36805913
-0.12988718
-0.27294728
0.076678544
-0.15676516
-0.04830911
-0.10797834
0.30137435
-0.13385521
0.029050762
0.052572776
0.052912645
-0.10993986
0.33824652
0.27350044
-0.2744469
-0.3005935
0.2768008
0.13527748
-0.07514826
0.033141147
0.2684855
-0.32249087
0.020889774
-0.10382859
0.107172966
0.24958423
0.07573289
-0.13189398
-0.3450262
-0.20202185
0.31488287
-0.21919502
0.23096174
0.06545063
-0.039768435
0.15783471
-0.12962073
0.23720177
0.3323298
0.1184192
-0.19568732
-0.2740676
-0.14041886
-0.13294521
0.013104071
-0.08615891
-0.16661334
0.08192272
0.1413131
0.107894324
0.051602475
-0.2295336
-0.051407877
-0.17739151
0.17717761
0.16324396
-0.12719296
0.16291574
0.1361086
-0.068386905
0.09478723
-0.33109173
0.011186537
-0.01708261
-0.26710925
0.19641693
-0.08239094
-0.20342185
-0.059941534
-0.21365719
-0.29613623
0.04948742
0.03582776
0.1604191
-0.20967029
-0.3057578
0.22804618
0.1611001
0.036377173
0.29938394
-0.36867586
0.16264355
-0.1325062
-0.30334938
0.048836295
-0.091463
-0.13908453
0.16561808
0.22562687
0.3562409
-0.33125043
0.008193219
0.029941041
0.2861999
-0.057233486
-0.31075984
0.08030426
-0.30995384
-0.14476141
-0.059059676
0.31015697
-0.1494336
-0.21190518
-0.0037826677
-0.11428344
0.2448414
-0.30704036
0.28821844
-0.2005514
0.27417585
-0.19066209
-0.060882095
0.10824183
-0.18186225
0.16593571
-0.1694827
0.14387546
-0.09852186
0.24200444
-0.30013698
-0.20614018
-0.06750734
-0.26024166
-0.06740517
0.16977659
0.16699563
0.086938344
-0.20935005
-0.21928246
-0.22133179
0.08520114
0.08440532
-0.19465962
0.083458245
0.06890918
0.123288214
-0.31629142
-0.16121732
0.25371513
0.27274176
-0.1670501
0.33603272
-0.10307273
-0.045063745
0.12527369
-0.038495004
-0.13564871
-0.03509042
0.16296092
0.16954035
0.20720093
0.22739843
-0.21804242
0.31980237
-0.23836319
-0.245069
-0.18055603
0.21532176
-0.16545455
-0.22111218
0.24983768
-0.023359336
0.36421725
-0.096674874
-0.3426122
0.07226983
0.3374419
-0.37294552
-0.13102916
0.21484311
0.34988606
-0.10323227
-0.076649725
-0.34135115
0.0747235
0.24578407
0.1597381
0.29422215
-0.10796932
-0.19575484
0.21225691
-0.1792908
0.22622375
-0.2924657
-0.22323075
0.12532255
-0.1396248
0.32164842
-0.18404506
0.028690025
-0.2887665
-0.021160174
-0.16353285
-0.12633377
-0.0315222
0.018431164
-0.20691608
-0.09623003
0.037807226
-0.17328934
0.5596628
0.15395267
-0.17940408
-0.31670403
0.046124417
-0.22936009
0.19263825
-0.08156868
-0.40197212
-0.24293219
-0.016967518
-0.17409165
-0.09446956
-0.18536265
0.06933339
0.49332634
0.023081435
0.15413854
-0.19807576
-0.004666092
-0.05694708
0.08263658
-0.17933518
-0.19910125
0.17751522
-0.18267016
-0.21122533
0.20862176
0.008256001
-0.26725706
-0.24384037
-0.10336894
0.055010837
-0.30388135
0.09945143
-0.32287374
-0.036120467
-0.23456562
0.042159285
-0.008234425
0.11652363
0.09333914
0.1354092
-0.1059998
-0.1657043
0.23608519
0.057209533
-0.36465317
0.19751778
-0.29399684
0.24374014
-0.12095609
0.10227168
0.70814145
-0.09190172
-0.12809186
-0.28920987
-0.0806649
0.10239988
0.15961681
-0.13239764
-0.065823674
-0.89457226
0.41676188
0.23668244
0.18947701
-0.24831471
-0.40690985
-0.20960517
0.10819886
-0.30644947
0.31239384
0.15658972
0.2666935
-0.07518426
-0.34139055
0.27985734
-0.014224
0.029003125
-0.018078849
-0.032200083
-0.18378524
-0.7327861
0.012972268
-0.015336198
0.30680203
0.0718265
-0.24237792
-0.49157482
1.2543441
0.36450446
-0.006813238
-0.06284428
0.04074368
-0.16853732
0.090725824
0.020876843
0.08909483
0.3666598
0.017222907
0.14523071
-0.770018
-0.1753446
0.82680565
0.06314823
0.040398084
0.0731615
0.07588416
-0.110009365
0.10327647
-0.5927184
0.011962414
-0.043542244
0.1700097
0.10917852
0.23179431
0.02443121
-0.3273
0.1243
0.28595883
0.31268632
-0.4641401
0.031238273
-0.072443604
-0.118779585
0.06701362
-0.044022456
0.1699159
0.040823225
-0.29510194
0.21896258
-0.038616035
0.12140857
0.20469923
-0.25273967
0.17266084
0.22150165
-0.0045968937
-0.32710657
0.103539184
-0.02908894
0.03678358
-0.01957725
0.2540782
-0.030166402
0.20118955
-0.25456914
0.2332159
-0.18032877
-0.1514572
0.031330585
-0.15401687
-0.08310944
0.12905088
0.17264844
-0.06653149
-0.29420048
0.10054248
-0.07073144
-0.2989563
0.07871343
0.058775946
-0.21355225
0.13827884
-0.031261485
0.1125776
-0.18602045
0.2865132
0.22778521
-0.12541884
-0.12469429
0.20917566
0.09075517
0.14237228
0.15418537
0.18802166
0.2022123
0.27483258
0.051922236
-0.26589373
0.25711095
-0.02183903
-0.87098354
0.0734344
-0.053904813
0.20169432
-0.011081655
-0.3643173
0.2407611
0.020937929
0.2776958
0.17613645
-0.35314408
-0.28618172
0.06412993
-0.292494
0.032389965
-0.23950572
-0.27094367
-0.0851956
-0.32651174
0.08090651
0.42588976
0.090351775
-0.044674393
0.08295536
-0.02471157
-0.443749
-0.08373482
-0.17124902
0.040890563
-0.26240483
0.14879188
-0.18395407
0.11221355
-0.07506443
0.11815653
0.12245375
-0.052501787
-0.08922699
0.30368346
0.396684
-0.014283528
0.28449178
0.51732904
0.09103169
-0.05233265
-0.32899204
0.20392673
0.18494418
-0.9863587
0.23709054
0.10966889
0.06624598
0.2703635
0.020196306
-0.2216629
-0.23839094
-0.06922133
0.11488887
0.2049504
0.07267866
-0.105261385
0.0064608157
-0.24436153
-0.32603142
0.29929486
0.15059425
-0.24785419
-0.54971194
-0.26292017
0.17604803
-0.24548088
-0.088012315
-0.21844304
-0.17010078
0.28232214
0.051372126
0.27621427
0.23740575
0.0075036236
-0.06927847
0.16881955
0.12518595
0.09883088
0.030188251
-0.18393384
-0.16182652
0.042492293
-0.011491128
-0.16915706
0.03827226
0.12737142
0.14792241
-0.13905697
-0.39215946
0.20488077
0.048791833
-1.465566
-0.051042568
0.106803335
-0.2930669
0.13730623
-0.15865219
0.29576284
-0.24564126
0.17404683
-0.112476125
0.31657076
-0.0128615955
-0.13234496
-0.03758806
0.14660606
-0.033282746
0.30821118
0.23152769
-0.14765663
0.08089014
-0.1250062
0.1877838
-0.24974668
0.29176122
0.057662703
-0.17868952
0.16784135
-0.37419432
-0.0061320667
-0.4979132
-0.08621655
-0.12582761
-0.06339186
-0.080234155
0.18475237
-0.17878097
0.24643306
-0.13586098
0.2807784
-0.30120644
0.38455257
0.023591287
0.11324346
-0.049831133
-0.12957944
-0.0035191036
-0.14579198
0.14824969
0.24446812
-0.28205734
0.13462014
-0.18080187
-0.37268478
0.14675923
0.2778157
-4.4852495e-05
0.04247722
0.17997256
0.25804472
-0.068276696
-0.03952191
-0.15184344
0.015682125
0.1883345
0.28410304
0.22109513
-0.32734072
0.21204272
0.17823622
-0.31926668
-0.038651466
0.16747046
0.12355117
0.28132626
0.2262993
-0.13640136
0.052308433
-0.24143521
-0.0029860344
0.33318502
0.27852178
-0.26329792
-0.29843917
-0.2399978
-0.18451387
-0.17439282
-0.039987642
-0.092224896
-0.030930206
-0.09986318
-0.1228096
0.1918848
-0.02047999
0.04895465
0.24874757
-0.019194638
0.22080736
-0.0532618
-0.652833
-0.3145234
-0.06189451
-0.04907599
0.061972596
-0.3033077
-0.211282
0.13677043
-0.18456256
-0.15297703
-0.2887352
0.23861788
0.22212711
0.17037033
-0.33077773
-0.10043474
0.025331829
0.27793923
0.16833496
-0.24096136
0.17930016
0.17182751
-0.33535486
0.28455764
-0.016636593
-0.2788648
0.18309739
0.06443331
-0.024288185
-0.22084254
-0.24966562
-0.16189383
-0.31525713
0.30851236
-0.09883576
-0.060746923
0.14249349
-0.07063744
-0.020576568
-0.33397326
-0.23650867
0.08390401
-0.24858044
-0.19256073
-0.23240091
-0.08109468
0.0055759135
-0.027877925
-0.350181
-0.2621388
0.082078576
0.13502598
0.28814593
0.2889994
0.103290305
-0.2153797
0.29266295
0.19266471
0.26548392
-0.04485628
0.019121727
0.29113394
0.102400266
-0.15011957
-0.28152502
0.36250696
-0.100346975
-0.22307007
0.0043096896
0.15415026
-0.19067979
0.2535135
0.19847152
-0.39473012
0.23916735
0.3165871
-0.29017532
0.08014107
-0.012613098
0.062734015
0.2627563
-0.32925415
0.12719299
0.11382007
-0.0010345052
-0.2059933
0.29741222
-0.26709765
-0.19489656
-0.10936046
0.15985711
-0.12477386
0.12119391
0.0015887233
0.0346096
-0.021948403
-0.10269957
-0.042677518
-0.2597044
0.16530822
0.17685975
0.26406354
-0.045474477
-0.27092928
-0.17385949
-0.2585437
-0.108371474
-0.25127015
0.017686926
0.08100331
-0.062458448
-0.035542168
-0.20037766
-0.17430721
-0.27515003
0.18252443
0.19065762
0.023946302
-0.07366223
0.28018522
0.2760358
-0.3268667
0.05727019
0.1169021
0.3102945
0.20355473
-0.032516953
0.17284694
0.24040943
0.0054278993
-0.04826454
-0.08553086
0.17449436
-0.23412663
-0.08456254
0.23452581
0.20934409
-0.0010888469
0.21611865
-0.2770439
-0.2199585
-0.029234406
-0.13696
0.16077916
0.15090564
0.047111064
-0.09544924
-0.15785922
0.024073882
0.13971043
0.057738557
0.28442368
-0.015178311
-0.17540255
0.25504786
0.060220465
0.13562933
0.34944263
-0.14413877
-0.23186405
0.0049160793
0.24423087
-0.02978431
0.23329459
-0.18501058
0.343913
0.18428579
-0.22468805
0.16283476
0.29239142
0.38189653
-0.21828553
0.23079556
-0.20812039
0.3275357
0.023898782
-0.3416212
-0.33247724
-0.30276567
-0.26716587
0.24632536
-0.24280223
-0.090914324
-0.23330775
-0.21865495
0.26520428
-0.006027853
0.34984013
0.15412751
0.0028117846
0.107001245
0.2789744
-0.12522332
-0.11677707
0.19530113
0.1374722
-0.12859477
-0.20266218
-0.32150915
0.27689728
0.2827342
0.10576751
-0.10789869
0.10653412
-0.05111356
0.019233828
0.25697434
-0.3661142
0.009632161
-0.04355542
0.08482149
0.0
0.033020146
-0.0086021675
-0.04027461
0.011522738
-0.0055753435
0.03604753
0.010313457
0.0024445113
-0.012203836
-0.0035626404
0.004326817
-0.01718223
-0.029012987
0.03969466
-0.015530915
0.0
0.03718307
0.0
0.027401114
0.018751804
0.0045111896
0.059020422
-0.008576447
0.04219206
-0.0030368085
0.13214205
0.035539385
0.03795919
-0.053926915
0.013391182
-0.009657049
0.01937174
0.05549795
0.0048087984
-0.024521554
-0.071877286
0.014865887
0.025132032
-0.08317495
0.014197022
0.033952676
-0.013278099
0.0
0.032556236
0.015605676
-0.0586448
-0.009359414
0.025773233
0.021190325
0.031679653
0.09880634
-0.008538511
-0.03946776
-0.0068784957
0.1195264
-0.0061158477
0.017303985
-0.030174883
-0.03252498
0.11407827
-0.032898925
0.026596978
0.04191978
0.09828348
-0.0088348705
0.05324295
-0.008829634
-0.06441486
-0.019620761
0.059661143
0.04958385
-0.0035386481
0.0
0.049963567
-0.04018182
-0.033809263
-0.036617767
0.027131412
0.059390184
-0.010483779
-0.043193225
-0.0061316397
0.003011703
-0.0052123806
-0.0328466
-0.0054059476
0.011967035
-0.0049565216
0.03003519
0.01924387
0.0159135
-0.012283397
-0.010613141
0.06868158
0.054274715
0.021122927
-0.043616
0.0028454596
0.019572616
-0.056039307
-0.048763774
-0.004381875
0.032580752
-0.016000737
0.035136946
0.0
-0.00047612516
0.041189425
0.0005419404
0.11465774
0.0049162046
-0.020601181
-0.012762166
0.110135496
-0.015204959
-0.03624134
0.08277299
-0.049089424
-0.13730414
0.1621036
-0.09256156
0.0745729
-0.42899397
0.16156991
0.026286751
0.18010834
0.124412194
0.11647755
-0.15937676
-0.10353118
0.14253998
-0.015721036
-0.11907041
-0.27327302
-0.097659886
-0.18969166
0.20057967
-0.1365592
0.15244839
0.079796284
0.101705946
-0.32438266
0.009176633
0.09347123
0.12547687
-0.33627754
-0.26805198
0.19445558
0.18475036
-0.1556109
-0.019148799
0.11663927
0.27878416
0.007388146
-0.23811775
-0.03868116
-0.19183013
-0.18000825
0.13865972
-0.11035866
-0.16825879
-0.09322516
0.07119271
0.25797716
0.18807815
0.18230648
-0.18628418
0.46023613
0.028484229
0.12801707
-0.4079236
-0.055695612
-0.14081502
-0.09813305
-0.2928267
0.17713986
0.07068205
-0.12331503
-0.015725924
-0.32700315
-0.11705705
-0.12493981
0.16544218
0.13988194
-0.12344576
0.18967433
-0.13930939
-0.2792491
-0.09695488
0.1488839
0.29958478
0.14298809
0.14670372
-0.24093649
-0.51188
0.06476847
-0.073572546
0.047129437
-0.31357434
-0.16832957
0.18171586
-0.24041921
0.10895178
0.084572375
0.15557037
0.027231932
0.062154803
0.21224746
0.18875396
0.1588231
0.034476854
-0.114827044
-0.1271301
0.13665481
0.5541502
-0.26458874
-0.03768041
-0.12909797
-0.12414504
0.105813935
-0.1940609
0.11627983
0.08889696
0.011453049
-0.12345543
0.00036112964
0.17270666
0.07994804
-0.11041998
-0.1430811
0.12376817
-0.13902241
-0.14623243
0.3630425
-0.042717192
-0.23573656
0.15125436
0.008801838
