9
2
80
1
relu
line
1
0
0.36917058
-0.14071068
0.15310529
-0.25453544
-0.0064453837
0.29096448
-0.24982902
0.27574825
-0.8943108
0.095263384
-0.709003
0.3735763
0.29603988
0.0866681
0.037945036
-0.43419924
-1.4483858
-0.03648796
-0.28166518
0.8672808
-0.16998309
-0.25576234
0.23922546
0.2594132
0.48775667
-0.034828477
0.37269762
0.00540577
0.14420873
-0.15132318
-0.049998894
0.2530172
0.16984364
-0.70671284
0.24283156
-0.028529437
-0.97327167
-1.2369472
-0.047412246
-0.25133166
0.61479956
0.31200886
0.8082961
0.33457077
0.116485655
0.9826445
0.5376235
0.6429282
-0.2110072
0.61596584
0.23079735
0.49873796
-0.32191968
-0.0020864983
-0.06655401
-0.41802236
0.01815786
0.067181855
0.68943197
-0.15690087
0.12162803
0.30409333
0.15206409
-0.075705476
-0.14479351
-0.2274578
-0.025646236
0.90006006
0.25169966
0.09525674
0.42619818
0.7740079
0.4401993
0.48064902
0.24939416
-0.06947574
-0.34625533
0.1796832
0.13337722
-0.5079757
0.28860453
0.39333805
-0.76643926
-1.2445768
-0.02948761
-0.19804303
0.5267134
-0.36172515
-0.7153478
0.012311741
-0.3149362
0.2991014
-0.626254
-0.4918537
0.030961128
-0.0024951843
-0.18524045
0.480952
-0.13362817
-0.62712586
-0.38553143
-0.71063244
-1.5560815
0.29238638
0.6175848
0.4764285
0.59942496
0.6340339
0.6829976
0.6256827
-0.086993024
0.30825588
0.107093066
0.0054006306
-0.23304176
0.39795864
-1.0033022
-0.27557474
0.5355364
-0.29045305
0.115202606
-1.2464477
-0.90903646
-0.39372632
-0.19807099
0.5523249
0.5762642
-1.155644
0.21306506
0.032944698
-0.72627395
-0.008716251
0.8080786
1.1262972
0.7401
0.13133241
-0.09626903
-0.015667222
-0.34857294
-0.22645004
0.7130121
0.26070684
-1.0247216
0.36151758
0.1290482
0.49169725
0.4967016
0.9787784
1.1476796
-0.32279924
-0.53991425
-0.55726683
-0.30882835
0.23886119
0.51822066
0.75897175
-0.119028926
-0.41418767
0.0137385065
0.59483814
-0.1237549
0.27960622
0.54757065
-0.0030066015
0.13096024
-0.19243193
-0.7396741
0.20961149
-0.430005
-0.61989355
0.29949737
0.29552883
-0.5623256
0.08461719
0.4046287
-0.43846273
0.059622023
0.77307683
0.8525566
-0.19671258
0.79220474
-0.6998525
-0.0004024238
-0.8265264
-0.3352934
0.22418956
0.40043733
0.10728727
-0.39264736
-0.7101828
0.7760017
-0.7601398
0.93415916
0.16583753
-0.54075557
-0.054683674
0.15268108
-0.36982477
-0.94361275
-0.36994264
0.62507486
0.31526878
0.23209283
-2.4150941
-0.16376679
-0.6206384
-1.1956334
-0.5330623
-0.15689962
0.2730034
-0.3829768
1.0593506
-0.66686326
-0.58188707
0.3470049
-1.2944212
-8.113671
0.25740764
0.107923694
-0.081813216
0.17053968
0.0019123247
-0.9515419
0.28720498
-0.12941891
0.19655716
1.1470966
0.7579124
0.32571018
0.5865851
-0.034747344
0.17675222
-0.42938548
0.22610079
0.14976345
-0.1285121
-0.23458928
0.8991683
-0.04858726
0.18148278
0.6948081
0.12695856
-0.76784074
0.39544907
-1.0112759
-0.8623109
0.7126863
-0.36326015
-0.8437967
-0.8690399
-0.011418597
0.062307768
0.4736092
-0.646234
1.0668278
0.8616718
-0.91395336
-0.034483835
-0.51458114
0.5437517
0.3695452
-0.2477547
-0.36730385
-0.08912346
0.035038527
0.25169274
1.0282471
0.9089865
-0.0038311465
0.07200692
0.44806013
-1.7733614
0.23875636
-0.2140737
-0.19643947
-2.006437
0.8812057
-0.70017314
-0.36513793
-0.2806662
-0.49375036
0.79110235
0.74484575
0.58866584
-1.2913913
0.39356261
0.30186182
0.58478606
0.29724154
1.096294
0.19261931
0.50298065
-1.0688528
0.89893186
-0.04573005
-0.21543148
0.36669564
0.60348535
-0.1985361
-0.19791144
0.05545906
-0.74506074
0.65215003
0.7837977
0.13663854
-0.5080428
0.46752656
-0.4446273
-0.28819558
0.20653015
-0.40500936
-0.22090852
-0.9622167
-0.31525874
0.13987868
-0.9374369
-0.27362686
-0.04065808
-0.071441524
-0.8684872
0.1953109
0.5974677
0.6677217
0.9427906
0.6767105
0.51834476
0.19643694
1.4619484
0.49206582
1.0204072
-0.6836416
0.81638867
0.85856795
-0.1767849
-0.7573783
0.5430146
0.5694529
-0.09010872
0.9633021
-0.2159446
-0.053505126
0.32053113
0.87201524
0.80752105
0.7574691
-0.3234603
0.4461684
0.30478474
0.98149025
0.51009315
-0.23838162
-0.040522162
-0.56999624
-0.519624
1.0814372
0.58261305
-0.34237963
0.82084566
-0.0466834
0.5081144
0.80110204
-0.32252133
0.30607224
-0.5811835
0.88657075
-0.580495
0.6504098
-0.43971956
-2.8593926
-0.65845305
-0.63576704
-0.33860484
-0.41437948
-0.3595916
-0.3526432
0.6754667
-0.0832716
0.47570774
-0.46042305
-0.73464215
0.8536544
0.71051717
-0.2715113
-0.84966654
-6.2840066
-0.49923822
0.052055445
-0.5914779
-0.65892375
1.0601703
-0.7945858
0.01522154
0.5269526
-0.32890663
0.83515275
0.40565637
-0.6196546
-0.44976148
-0.4406708
-0.27904192
0.6680408
-0.06935426
-0.46539733
-0.13153072
-0.18671377
0.88383263
-1.0886055
-0.16964589
-0.27986196
0.28382885
0.37135243
0.32641056
-0.24384552
0.73640656
0.23291543
-1.1067494
-0.10355876
-1.1742122
-0.41346163
-0.2657134
-0.11007852
0.23317778
0.00775598
0.21168539
-0.5738348
-0.073332
-0.062251616
-0.7863978
-1.2298007
-2.5173304
-0.3441333
0.31859127
0.41541064
-0.6989742
0.39639828
-0.03227261
-0.1854437
0.18907948
0.62142366
-0.16354574
0.5024978
0.084804654
0.16727948
-2.619251
1.1337438
-0.13346082
-1.033403
0.65552354
0.21963295
-0.6813927
1.0380167
0.7062678
0.047394473
-0.98699254
-0.22878774
0.22898696
-2.7398071
0.22078493
-0.5842306
-0.07307005
-0.76912713
-0.40931752
0.5020595
0.07311461
0.1318718
0.26130676
-0.82238775
-0.15396358
-0.47856653
-0.3852032
0.27624643
0.06399339
0.2694867
0.56151265
0.47137251
1.0274171
0.23717487
-0.4129706
-0.5375765
0.83523697
0.16563663
-0.40806141
-0.3670007
0.09867666
-0.98748004
-1.30555
-0.65038496
0.25639066
0.34145507
-0.9839423
-0.31399766
-0.23419322
0.29195988
0.2819671
0.2414746
-0.10778731
0.76314825
-0.2999999
-0.3872378
0.37880507
0.95142263
0.25593734
-0.25529292
-0.04494794
-0.62098277
0.21502884
-0.4198773
0.019807752
0.26164225
0.24039559
-1.1732093
-7.732505
0.04269769
0.7055441
-0.36831656
-0.0122272335
0.6939064
-0.03215263
0.34521875
-0.9985379
-0.68677884
0.23116395
0.51242423
0.43767798
0.16366035
0.16922358
-0.44393343
0.32148418
-0.19715863
-0.19666488
-0.18589184
-0.07067059
0.13871862
-0.36958137
0.12808476
-0.09449737
-0.13165769
-0.3531044
0.30689615
-0.25409108
-0.38816372
-1.7295464
0.58700013
0.17060842
-0.11989924
0.995703
1.1465585
0.32641825
-0.49158633
-0.40148664
-0.059155785
-0.3970247
-1.0719553
0.2807638
-0.5717195
-0.30321118
-0.53862274
0.6441264
0.120580554
-0.36050645
-0.46277037
-0.9615697
-0.26276124
-0.20309795
0.8435503
-0.8168299
-0.77962047
0.39367443
0.41360533
-0.41118592
-0.55132216
-0.96801114
-0.20525692
-0.31016693
-0.88799345
0.2727641
0.14593583
-0.7135455
0.29635635
-0.34856057
0.29142445
-0.7866832
0.3105469
0.25387755
0.44335353
0.1332225
-0.25732565
-0.7366055
0.28716326
0.2137991
-0.92462313
-0.8183298
0.73656636
0.73158854
0.59930885
0.266624
-0.46387175
-0.32542455
-0.3004005
-0.7139469
-0.29829547
-0.7697578
-0.1376427
-0.031196944
0.63290936
-0.7970543
-0.46534294
-0.3976701
0.28862706
0.15147614
-0.13450748
0.38296688
0.4424934
0.8517959
-1.0346038
-0.47865957
-0.15602905
-0.88067985
0.9127888
1.030929
0.542147
-0.6622567
-0.85759366
0.48507664
0.14660627
0.46229208
-1.1881247
-0.13414732
0.35650638
0.37230188
0.3073175
0.12320689
-0.93659294
-1.033152
0.23576598
0.5048837
-0.43069527
0.8293016
1.1994426
0.93965125
0.8619268
0.27916047
-0.74152136
0.44060275
0.27440354
-0.1171444
-1.02981
0.12882483
-0.13360766
0.42179406
0.66154903
-0.34198308
0.28043306
0.42067567
-0.3735809
0.11175238
-0.7624226
-0.6200114
-0.40841344
0.44737265
-0.13256115
-0.70476264
-0.36241513
-0.041569065
-0.46799862
0.3456902
-0.5234832
0.95499223
-0.21150176
-0.081958085
0.1105983
0.36157528
-0.19165567
0.06658842
0.32418165
-0.022784235
-0.17553309
-0.28372616
0.6348895
-1.4380546
-0.84471977
-0.097052224
-0.34980673
-0.20237905
0.43668935
0.31603715
-0.4113904
0.33734033
-0.18537703
0.29014784
1.00067
0.5218554
0.4682493
-0.07706911
0.32309675
-0.40982136
0.8833191
-0.35002047
0.95517313
0.16728887
0.08813379
0.10784623
0.7207449
0.1394758
-0.14939292
0.41302785
-0.24801688
0.25122857
-0.30123377
0.0063938294
-0.7052696
0.014354568
0.44555864
1.3258339
0.4633581
-0.22122999
-0.14710104
0.6491962
0.8780749
-0.8005648
-0.3005265
0.2817179
-0.03115828
0.3222361
0.49004924
-0.0978525
0.07479303
-0.12249026
0.18938762
0.37274265
0.23414849
0.21076262
0.61276364
-0.33580467
-0.25028148
0.6627776
0.30169743
0.19857487
-0.36622062
-0.58888775
-0.18658069
0.0
0.06382923
0.8766353
-0.73302776
-0.51552546
0.09626001
-0.024468124
0.18338451
-0.09934193
0.59499776
0.13857698
-0.31569272
-0.06786248
-0.556341
-0.37662262
0.41470137
0.5689249
0.37743586
0.73803955
-0.12944682
-0.0025572667
-0.046466045
-0.2754356
0.13784581
-0.33493853
-0.24436271
-0.16999967
0.14629385
-0.18411125
-0.41128805
-0.3985216
0.0750453
-0.5038343
-0.51086384
0.6400487
-0.20972624
0.54633677
-0.48650402
-0.0039816713
-0.30553907
0.25400352
-0.2433683
-0.4351797
0.15212876
-0.4557564
-0.10515912
-0.4288843
-0.40906554
-0.23326626
0.39659375
-0.42897534
0.44572127
-0.5177416
-0.18229215
0.11412398
0.0
-0.6384742
-0.07103661
-0.060750976
0.12640144
-0.24966983
0.027954953
-0.4454081
-0.7186881
-0.37225124
-0.37360746
0.56209767
-0.31973857
0.3830307
-0.5218991
-0.4881597
-0.33209783
-0.6436813
0.40328193
-0.47720414
-0.2797644
-0.44742566
-0.3331908
-0.60939956
-0.44308573
-0.0857853
0.43821642
-0.6259719
-0.26043338
-0.47958615
-0.1603136
-0.38492477
-0.43771002
0.5292501
0.29749772
-0.47833472
0.087666884
-0.5620623
0.24732785
0.71219206
0.48931274
-0.2853531
0.46520114
-0.8698917
0.40803057
-0.6387451
0.40821528
-0.20414434
-0.5299222
0.37043193
0.6642848
0.33021986
0.9874128
0.32130215
0.48118088
0.27479553
0.4331838
0.6788737
-0.39827555
-0.38207278
-0.4452745
-0.32497972
0.646613
-0.5516799
-0.37934723
-0.15379038
0.2113972
0.43338546
1.9399881
0.5413353
0.7170886
0.728386
-0.53893346
0.20991728
0.3926523
3.1096845
-0.23572142
1.1217974
0.27242583
-0.43027294
-0.116137564
0.6902072
0.47599703
0.52191985
-0.5481472
