49
2
120
1
relu
line
1
1
0.2085244
0.14183196
0.1356092
0.14868501
0.13172062
0.115834594
-0.17564821
-0.17896503
-3.0614414
0.04282856
0.36455405
0.72041285
0.7371969
0.029145671
-0.005208254
0.0074167456
-0.29722434
0.09039453
0.072946735
-0.16313381
-0.18606147
-0.9477477
0.1893698
0.24350685
0.14970067
-0.25901374
-0.85370606
0.036416776
0.20690636
0.25769007
0.14444216
0.24652363
0.25599512
0.037969183
0.163567
-0.43290323
-0.2722171
-2.6936507
-0.60996133
-0.58512074
0.28374365
0.07049978
0.19295816
0.23296882
-0.20824778
-0.092068665
0.3775744
-0.72160083
-0.24016444
0.43610469
-0.2931021
-0.21724622
0.086191386
-0.22123227
0.05189444
-0.25199062
-0.13816556
0.09600427
-0.84513795
-0.16820835
-0.101323575
0.15289205
0.44892967
0.33921355
-0.15386686
-0.073857725
0.1855847
0.2813409
-0.78907704
-0.34005675
0.33529514
0.18462235
0.13312788
-0.13161418
0.25093558
-0.17613892
0.086375505
-0.043329448
-0.20772451
-0.9280282
0.15343104
0.039324876
0.22405076
-0.38641605
-0.054194078
0.1807564
0.28068793
0.15211391
0.66852105
0.032792017
0.07359641
-0.19711435
0.2357193
-0.18457119
0.23048556
0.23937735
-0.16934676
0.10363206
-0.065907806
0.23090409
-1.3228056
0.39637655
0.24597682
-0.12953477
0.041870177
0.07968981
0.1817007
0.055857927
-0.11600955
0.18173458
-0.23197412
-0.11592777
1.5473325
0.5435871
-1.7782096
2.0973985
0.75807166
-0.25890127
-0.2036726
0.01104483
-0.10630627
-1.357864
-2.7104309
-0.23221087
-0.01937448
0.19502765
0.27241892
0.2806587
0.41443118
-0.20332055
1.7462662
-0.4247508
-0.050721887
-1.281596
0.18852979
-0.061795384
0.21885034
0.117470615
0.18601917
-0.4364053
0.08625188
-0.8417852
0.034801792
-0.14962025
0.09369697
0.0855792
-0.106407166
-0.40073642
-0.25549245
-3.5037487
0.0019556626
-0.042353977
0.36069915
0.2186643
0.2397759
0.2311334
0.025904477
-1.0444921
-0.17160115
-1.5918963
1.2085736
-3.6102595
-0.06918892
-0.15272595
0.2136516
0.03432216
0.60052645
0.16918114
8.228747e-05
0.4026833
-0.63838196
-0.60592145
0.29622158
0.2898062
-1.2126445
-0.23495305
-0.088216595
0.008681579
0.17496184
0.20675708
-0.21402226
0.114727445
0.45680413
-0.02178824
0.119587034
-0.07387295
0.29615045
-0.30317175
-0.08213984
-0.42582476
-0.09516358
0.22623777
-0.24239479
-0.0155539345
0.006171629
-0.20401578
-0.3046562
0.20553325
-0.16511902
0.021279464
-0.22264755
-0.24604364
0.05036053
0.054773536
-0.1159999
-0.39181584
-0.28953478
0.24600014
0.20183744
-1.8062291
-0.17041418
-0.035602827
-0.12996261
-0.1578221
-1.2812494
-0.16545628
-0.2850688
0.11245216
0.14494893
-0.16443169
-0.5098776
-0.07418468
-0.31738174
-0.1620708
-0.2857381
0.41621882
0.089669876
-0.33168912
0.19895233
-0.3559715
-0.14650603
-0.24936502
0.37222612
0.21656346
0.17720638
-0.087138005
0.19146691
-0.30077496
-0.6320112
-0.11068736
-0.106456995
-0.118540265
-0.09490265
0.115176916
0.1801162
-4.883188
-0.16082957
-0.340109
0.14376885
0.35463747
0.024987595
0.11634377
0.11970784
-0.32734832
0.13314575
0.6813214
-0.43672287
0.34009317
0.15538833
-0.20558612
-0.5747874
-0.28090915
0.04732129
-0.06596297
-0.20645204
0.080588214
-0.2271464
0.4088923
0.06809908
0.4744924
-0.18283972
-0.21045229
0.361898
0.3332329
0.29009515
0.0031826098
0.19614989
-0.52393764
-0.46316013
-0.43883777
-0.5426728
0.04442225
-0.095288865
0.20060891
-0.013454914
-0.14112635
0.11616605
-0.09788492
-0.30256283
0.33549896
0.4278353
0.10545519
0.19486135
0.2498157
-1.02834
-0.36892137
-0.01759733
-0.04171556
-1.5319062
0.20120016
0.19717757
-0.22725797
0.08322572
-0.9077985
0.23494092
-0.0026742101
0.14915416
-0.071514815
-0.021442877
-0.16387922
-0.7989549
0.38260645
0.08024683
-0.007837948
0.28061047
0.5957629
-2.5795734
-0.07600218
0.038584966
-0.22225027
-0.04817141
-0.04931678
-0.17986494
-0.20780313
0.019526577
-0.41215283
-0.13474205
0.24124093
0.17642361
0.40721932
0.47699443
0.35413685
-0.28283328
0.35046476
-0.11241023
0.084720545
0.28813723
0.798901
-0.1632055
-0.2757349
-0.41583303
0.77793825
0.21680373
0.098956294
0.5246849
0.5373168
-0.23510031
-1.4528022
0.10638168
0.065253735
-0.18833902
-0.059700828
0.54445106
0.09693899
0.41138324
-0.23192877
0.06486965
0.12195307
0.04283802
-0.09370667
0.54770917
-0.04611319
-0.36074924
-0.12571152
-0.11741869
0.5493128
0.01613841
0.10438597
0.1710174
0.0019430281
0.27581125
1.055957
0.30024993
-0.03449678
-0.16506842
-0.21915828
0.54602176
0.6166649
-0.0049375365
-0.19409893
0.017712463
-0.15030605
-0.15445307
-0.15332048
-0.32892177
-0.12192099
-0.17855622
0.31172383
-0.16940391
-0.15602519
-0.21044296
-0.31148857
0.2631786
0.45261636
0.14792284
0.38540187
-0.1716836
-0.45563653
-0.104015075
0.26545697
-0.03422704
-0.1654991
-0.36214778
0.2821207
-0.107403144
-0.07099686
0.5431207
-0.21225873
0.19495901
0.076383464
0.24416177
1.1200415
0.03114737
-0.09770115
-0.16454212
0.25374165
-0.4583581
-0.42963082
0.3464261
0.33791548
-0.249038
0.52419055
-0.24404933
0.62538546
-0.009428924
0.111130394
0.10447038
-0.02554974
-0.29698175
0.0783156
-0.0002956497
-0.37264282
-0.2047624
0.06373502
-2.430074
0.5025091
-0.035829917
-1.5172362
-0.13281222
-0.48012322
0.08636736
-0.19853763
0.03764382
0.26285964
0.45276228
-0.3171891
-0.47450417
0.30739227
-0.26596
-0.22360943
0.10057395
0.14445128
-0.9839549
-0.13429767
0.1002225
-0.38382563
0.22760758
-0.19157892
-0.15185525
0.5683972
-0.14480501
-0.05187084
0.055109315
0.017400738
-0.27983794
0.21933246
-1.9186767
-0.055954117
0.55670655
-0.1913795
0.04767553
0.17320627
0.028341163
-0.33188698
-0.357064
-0.15546048
0.03443502
-0.3428372
-0.13650581
-0.1539603
0.15548629
0.08484638
-0.26934513
-0.52805364
0.24829239
-0.08009222
-0.18843125
0.21819204
0.063889936
-0.35164776
0.2722958
-0.2809001
-0.24217355
0.012650189
0.18289113
-0.5062132
0.2494747
0.7409566
-0.39409372
-0.15612379
0.40421388
0.4823024
-0.10153111
-0.2202325
0.04540013
0.51118624
-0.31399098
0.36646852
-0.5086714
0.21223234
0.074167795
-0.42932847
-0.3863239
0.01899231
0.3205968
-0.20103489
-0.3566521
-0.35142416
-0.36279398
-0.6592879
0.0783242
-0.023375148
0.044198103
-0.59303814
-0.2788749
-0.17528722
0.96959996
0.15667985
-0.103193484
-0.012542037
-0.47116053
-0.0561483
0.06537382
-0.3304781
-0.11803423
0.11856286
0.36162516
0.1491618
-0.19110897
0.14143099
1.0608773
-0.44781023
-0.0036822588
0.47027692
-0.10212339
-0.017380789
-0.028163614
0.2252257
0.110051826
-0.21036673
-0.12168575
0.35693938
0.013010428
0.23712637
0.22211689
0.16760251
-0.33134302
0.1705687
-0.053438645
-0.11636245
-0.27113828
0.039653137
-0.27750546
0.3773872
-0.7422108
-0.06936078
-0.50870514
0.1562777
0.07407932
0.008735571
0.015280785
0.74531126
-0.019765096
-0.12167797
-0.072549194
0.22077172
0.10171982
-0.006168717
-0.007832676
0.5732711
-0.11481938
-0.10871236
-0.5639184
0.21599081
-0.2261042
-0.58906996
-0.18915133
-0.26876053
0.3032373
0.13770603
-0.37297642
0.3456689
-0.09574522
0.21160956
-0.08241053
0.68645614
-0.7170001
0.34834635
-0.096136056
-0.14901379
-0.27308157
-0.009175479
-2.5095434
0.31327057
-0.10594376
-0.20785333
-0.46392152
-0.25107062
-0.9458499
0.27995235
-3.0257099
0.43921474
-1.1681725
-0.26360688
0.21647638
-0.1293383
-0.7585705
0.2840464
0.3661824
-0.16429481
-0.1756823
0.91841877
0.28850722
-0.038568735
-0.71808857
0.22658293
1.6959759
0.11990165
-0.11440449
0.29248375
-0.18356037
0.005720727
-0.5462846
-0.19245261
0.18964756
0.006062462
0.19488192
-2.2060654
1.2128278
0.15117449
-0.82801026
-1.8633509
-0.24494624
0.09887286
0.09413481
-0.052762974
0.38109496
-0.30100605
-0.10650848
-0.518845
0.8564422
-0.14796768
-0.49256134
-0.1839388
-0.27555317
-0.33731782
-0.054983974
-0.032588728
0.021132205
0.14859556
0.343565
0.2942553
-0.38105753
0.024190038
-0.4394864
-0.010423626
-0.032639917
0.09491107
-0.14669265
-0.08103748
0.46249503
-0.11155237
0.29038748
-0.060546853
0.40732786
-0.051298857
0.051731378
0.28059733
-0.2494738
-0.7388989
-0.1334436
-0.17273349
-0.29741064
0.09351088
0.0108016655
0.10770571
0.314978
0.07406797
-0.9930977
0.20128469
-0.0011192492
0.22874075
-0.095318876
-0.02163831
-0.3071949
0.27857012
-0.20106913
-0.15757044
0.30873972
-0.01295469
-0.5003166
-2.3680673
0.37520447
0.42793864
-0.024805102
-4.287416
0.16089046
-0.11351812
0.3806987
0.4849874
0.31762904
0.02251086
-0.71992755
1.4146706
0.2273132
-3.7601898
0.8000759
0.28590757
0.025982223
0.017148525
0.21467042
-0.30077356
-0.647497
-0.2649638
0.49319628
-0.593221
-0.24412715
-0.057687704
-0.92789704
-0.22214037
0.6815388
1.0853884
0.06548594
0.048961878
-0.004360199
0.05557001
-0.5542847
-0.23515195
-0.037038386
0.70318645
-0.017717957
0.66934997
-0.039605472
-0.32843116
0.2295958
-0.19602014
0.7073239
0.9952214
-0.10967963
0.52110124
0.15668906
1.4347879
-0.5776455
0.07691331
-0.08956796
-0.24768254
-0.23479505
0.098878115
0.2525678
0.42600578
-0.2913946
-0.5326672
0.011365324
0.21952794
-0.22330076
0.11601568
-1.4224578
-0.38406625
-0.12625244
-0.45216674
-0.04837575
-3.2009518
-0.718345
0.2707798
1.9421836
-0.2134833
-0.42093578
0.11206148
0.24281871
0.22750072
-0.15128347
0.36861143
0.7636199
-0.07696855
-0.52997226
0.62565184
-0.45345968
-0.20486487
0.035916973
1.0345145
0.3409184
1.0192136
0.09140672
0.04023742
-0.22784415
0.5508566
-0.22763114
-0.7417307
0.581573
-0.19250245
0.5944985
0.19091532
0.32475728
0.38442853
0.09321431
0.76110786
0.00928095
-0.049002122
-1.1448456
-2.6903338
0.26345497
0.1928549
0.17530067
-0.16527721
-0.055538848
-0.5158882
-0.2857921
-0.07089311
-0.10580295
0.78858924
1.0849934
0.27598453
-0.12825258
0.007860603
0.37733293
-0.4700909
0.09290352
0.27869973
-0.273637
-0.10753506
0.14314485
0.175942
-0.48246688
-0.17269881
-0.22334631
1.1370862
0.06598779
-0.2931374
0.50684255
0.16910791
0.2619825
0.34897166
0.39360535
0.2607182
0.5802535
-0.74897003
0.20560549
0.03761405
-0.5353269
-0.3784587
-0.015272155
0.08387656
-0.08791438
0.7168796
0.3147686
-0.29865184
-0.026749037
0.021397358
-0.18431602
0.3476546
0.41394925
-0.33583704
-0.059584163
-0.1772697
0.35523415
0.11752853
-0.14454699
-0.388434
-0.26210445
-0.14778392
0.23130289
0.23869728
-0.10770207
-0.39044467
0.13770193
-0.077217676
0.17293036
0.29893693
-0.31926784
0.54862756
0.22589754
0.40463492
0.15788843
0.10596583
-0.104992986
-0.23462829
-0.2632645
0.23285979
-0.78816634
-0.483471
-1.1461104
-0.7962388
-0.21718656
-0.13738206
-0.6413414
0.19861862
-0.21848129
-0.09587999
0.2979232
0.15177192
-0.6076107
-0.35249922
0.693357
0.029509999
-0.45749995
-0.3055436
-0.3397521
0.19442582
0.10336749
0.27204087
-0.01880602
-0.3089433
-0.031047141
-0.43159738
-0.81870294
0.00978085
-0.109720595
-0.0772375
-0.90473056
0.40273827
1.3165565
-0.48910534
0.16022539
-0.29374337
0.06405891
0.90018094
0.1651547
-0.13677162
-0.063300066
-0.23006056
0.41541052
-1.1702256
0.38230583
0.21874328
0.06892337
0.22297613
-0.4610222
0.5404321
-0.22622785
0.14758459
-0.20916903
0.6369752
0.24891289
-0.29868641
-0.20104538
-0.41468844
0.090004735
0.48798177
-0.21071729
0.16713592
0.19679773
0.12278762
-0.3214051
-0.1289911
0.2568499
0.19349968
0.0032201817
0.0076675415
0.12823106
0.27148533
-0.35502613
0.57846135
0.3931478
0.21037947
-0.05259548
0.08356132
0.11755925
0.10006735
-0.5429319
-0.11179894
-0.33559796
-0.057514105
0.22385933
0.11676515
-0.043022692
-0.32356602
0.41338488
-0.7191957
0.17641787
-0.13762724
0.18137036
0.36618128
0.38125974
0.1354141
0.0493234
0.28694126
-0.07118362
0.043836843
0.07915533
-0.27072957
0.37614226
-0.0994208
0.109516524
-0.0076500345
0.11921048
0.2705983
0.3875698
-0.33284274
0.2013148
-0.21293998
0.05832673
-0.18196516
0.31515455
0.39375797
0.3128698
-0.024303587
-0.26545116
-0.2203428
-0.5814311
-0.2979901
-0.78090495
0.3277292
0.1292748
-0.21965264
0.41633767
-0.33053908
0.8028483
-1.213497
-0.21216616
-0.36785227
-0.19115846
-1.0740076
0.34710693
-1.1458637
-0.5307858
-0.23539527
0.09171093
0.23463136
-0.0689053
0.033030163
-0.30719802
-0.00021576397
-0.5025889
-0.13754433
-0.53875405
-0.4357469
0.40538386
-0.16912556
0.29143128
0.3735944
0.103418685
-0.03397985
-0.17652538
-0.16393207
0.14879069
0.3812446
-0.38155645
-0.41803002
0.2698231
0.3349282
0.36277172
-0.3306802
0.5106552
-0.27479354
-0.07148969
0.16521472
-0.5596229
0.0851082
-2.0523698
0.16468188
0.45219496
0.5001223
0.06781895
-0.47175276
0.19532235
-0.04550176
-0.057032958
0.31562987
0.013557815
0.17986704
-0.0111021735
-0.2006761
-0.032795984
-0.034660723
0.27564386
0.38342506
-0.04286932
-0.26336733
0.21476926
-0.24427116
-0.2941823
0.29451245
0.009766889
0.66626287
-0.4260517
-0.04347642
-0.049898278
-0.12823889
-0.026774986
-0.204399
-0.20122674
-0.00044906902
0.21238425
-0.07684823
-0.22399789
0.24173674
-0.10364927
-0.317272
0.073563874
0.5082856
0.4092127
0.24224518
-0.02379994
0.0855135
0.06862467
0.016562786
0.10500223
0.36507046
0.45567778
-0.10914299
0.098733425
0.180998
0.17182201
-0.14921731
-0.27214047
0.36308178
0.17325473
-0.034248002
-0.0066664917
-0.042031687
-0.22715399
0.17445755
0.7236591
0.7069709
-0.31020457
-0.13115397
-0.18480954
0.25635117
-0.13070148
-0.01242226
-0.28532887
0.019543203
-0.3504439
-0.256746
0.10380141
-0.26717627
0.2971055
-0.2110135
0.16108759
-0.17880827
-0.15047894
0.20808657
0.3216703
-0.23743972
-0.10607574
-0.006937764
-0.08094908
-0.35962287
0.15929787
0.025312219
-0.37664104
-0.28490123
-0.072480015
-0.3440641
0.4100573
-0.032922145
-0.043772645
-0.20722556
0.2229175
0.28989965
-0.053289406
0.26779088
-0.14595175
-0.13217977
0.24493231
0.091963455
0.32964295
-0.41769582
0.07870688
-0.16583228
-0.2039515
-0.07487016
0.11587825
0.20341983
-0.2023066
0.18204308
0.092619106
0.07577627
-0.18184058
0.11096838
-0.13388194
0.21851414
0.33326325
-0.092313245
-0.03528452
-0.32373238
-0.050496154
0.15793014
-0.22207372
0.08660832
0.17229573
-0.27858156
0.2560683
-0.17459388
-0.11532449
-0.26733634
0.15007764
0.31112054
-0.40819746
-0.21752255
-0.12901595
0.22019204
1.248167
-0.6871389
0.23109443
-0.13614626
0.422783
0.6141068
0.4164443
-0.03749946
-2.7680984
-1.2186414
-2.450053
-0.009324613
0.08273968
0.12071252
0.4447507
-0.68958765
0.36928862
0.53290695
0.7553508
0.8010083
-0.52782106
0.2234639
-0.3990178
-0.5700168
-0.099331
-0.65700424
0.75943506
-0.16562599
0.31536013
1.0324473
-1.2982213
-0.05239542
0.0030859113
0.29809353
0.061759353
0.00053203007
-0.037603553
-1.0036122
0.26445368
0.50645936
-0.2603225
-0.3338026
-0.28150433
-0.2693552
-0.23892005
1.269543
-0.15899082
-0.40043786
-0.12653969
0.03473365
0.3853892
0.11423239
0.40732476
0.35846713
0.46230072
-0.4899076
2.0174325
-0.24581786
-0.23503795
-0.18522653
-3.1499796
-0.07539731
0.7811901
-0.031662527
-0.15064216
0.038106322
-0.12019192
-1.0253793
0.52756023
-0.2994337
-0.37739235
0.61653507
0.12083341
-0.4640553
0.07493374
-0.06279771
-0.106050916
0.15750279
-0.010174374
0.2208639
-0.27535167
-0.05246451
0.6315687
-0.18808725
-0.22708662
-0.1580103
1.674092
-1.3669132
0.07045454
-0.30242002
0.98570895
0.017094184
0.2847981
0.28144535
0.5758434
-0.5439724
-0.1888963
-0.5737387
0.03522429
-2.7095547
-0.48343563
-0.6404046
-0.5730168
-4.2855253
-0.027397888
-0.47218108
-0.28819212
-0.9109069
-0.042652365
0.12946653
-2.6221712
-1.7522454
0.58273876
-2.57043
-2.4562423
-0.06660348
0.22842054
-0.17267485
-0.16555752
-0.75717556
0.007122775
-0.15940906
0.37161797
-0.23203722
0.5163016
0.16597354
0.5024629
0.0041384078
-0.23765594
0.52976435
0.028807487
-0.7237174
-0.19263972
0.39225945
0.09773599
-0.6571908
-0.5032967
0.391484
-0.11351484
-0.059515007
0.9109913
0.2612267
0.32574254
-0.22436507
-0.68025357
-0.6450722
0.42273837
0.41148916
0.15122502
-0.16556515
-0.5660096
-0.4315308
0.300713
0.7113492
0.79517925
0.1952667
0.63865924
0.27423984
0.44071206
-0.367815
0.17408445
-0.5315694
-0.0442172
-0.10793468
-1.4020934
0.3015449
0.8050329
0.038871504
-0.32928634
0.4328969
-0.13012129
-0.08739194
0.7943389
0.005444539
0.21745712
0.17168489
-0.32194403
-0.44103393
-0.25881803
-0.09768784
-0.6466124
-0.6376297
0.16428429
-1.0626084
-0.43934792
-0.32263413
0.27061778
0.105977245
-0.64875925
-0.25852674
-1.122797
0.105122894
0.5061212
-0.5733197
-0.7746113
0.25925162
0.22614935
0.38901725
-0.39538974
0.4012913
0.2947734
-0.4918911
0.1788171
-1.0186684
-0.3370528
-0.28535607
-0.34865773
-1.3277048
-0.61257094
0.24982186
0.4395322
0.5336085
1.6480533
0.5176195
0.75353676
-0.19518237
0.2360605
0.061607465
0.10029142
-0.88484406
-0.010222439
-0.68358904
0.010271924
-0.18197535
-0.28923666
-0.45608175
-0.03192444
-1.1726204
-0.23357725
1.2739635
-0.8658287
0.039681382
0.49758056
-0.39087078
0.07232084
-0.16318394
1.0277784
-0.053343475
-0.22904477
-0.64994216
0.1948138
0.08078779
-0.6015237
-0.23826742
-0.08470734
0.6107838
0.44604436
-0.23994277
0.06658974
0.17946951
0.44691625
0.83307225
0.22063285
0.20020506
0.24312279
-0.10338948
0.090848036
-0.12767142
0.43392172
-0.49840233
0.20215403
0.21753162
-0.05537577
-0.2733948
0.45934808
0.17940947
-0.73844683
0.563331
0.25877997
0.16922297
0.104423635
-0.32929406
-0.2632348
0.15472591
-0.043156914
0.30498055
0.19389829
0.07513076
-0.53492963
0.14723535
0.8046498
-0.24401727
0.3064937
0.19471304
-0.48762444
0.24840295
0.0014901634
-0.33309558
-0.63380164
-0.37834975
0.8377321
-0.10777579
0.19692388
0.5255391
0.07236116
-0.06706881
-0.17750612
0.1743642
0.4654766
-0.14432849
-0.37893832
0.27631202
0.39763206
0.3753117
-0.07516295
-0.19608879
0.36959904
-0.08831266
0.29774854
-0.0056738527
0.19621748
-0.58539534
-0.7328456
-0.41812906
0.6177753
-0.920555
-0.29724783
0.2986883
-0.12619647
0.35134915
0.26831734
-0.1059299
0.051942065
-0.25533465
0.013724678
0.08058268
0.14160101
-0.27906448
-0.1026899
-1.9292572
0.030332837
0.6415272
0.5832776
-0.246734
0.5628067
-0.6260748
-0.2287451
-0.28240794
0.17539597
-0.94413084
0.23227444
-0.27952266
0.73000383
-0.38973165
0.086245224
-0.38791022
-0.50741017
0.24639681
-0.2138867
0.5646588
0.18398556
0.0038371687
0.14655998
0.013489705
0.21396546
-0.01685439
0.9719702
-0.21003768
0.03003479
-0.42169392
0.09778846
-0.37874857
-0.24231544
0.38051364
0.4983719
0.17470886
-0.0646315
-0.22962727
0.119717725
0.30064955
0.1884281
0.07033187
-0.008282036
0.40561953
0.44637305
-0.54382783
0.27541718
0.4486949
0.11263498
0.020707486
0.23677725
-0.00072067976
0.44008276
-0.033971984
0.16812107
-0.063677885
-0.646828
-0.3640382
0.40282932
-0.003486219
-0.45109516
0.042896446
-0.15789376
0.32112733
-0.38510475
0.2677061
0.50697297
0.1106078
-0.19240303
0.25721645
0.3418018
-1.5087948
0.23620373
-0.3115614
-0.09965338
-0.46379948
-0.5464458
-0.29712364
-0.36916792
-0.580656
-0.013055551
-0.16267775
-0.0311553
0.002696515
-0.23264292
-0.1874697
0.12360918
0.03675263
0.09658693
-1.7260832
-0.21982263
-0.33522898
0.013633934
-0.26483276
0.31118265
-0.024827152
0.37786323
-0.358585
-0.038583618
-0.18930756
0.43717965
0.40402228
-0.55628353
-0.16682006
-0.17893724
0.6140134
-0.028904311
-0.1361724
-0.38880813
-0.023070099
-0.32059133
0.08777286
-0.62005746
-0.33132523
0.013365682
0.08654365
0.38695362
0.09022946
-0.22563188
-0.18884385
0.056328345
0.5118123
0.8494467
-0.6396073
0.073445834
-0.0023751664
0.39960587
-0.18795885
0.37512437
-0.5310374
-0.12569396
0.052563395
0.59621644
-0.14761297
0.18047808
-0.0062590595
-0.20772216
0.34430513
0.037775908
-0.022140963
0.09045555
-0.44987044
0.08844135
-0.24545155
0.32899472
-1.9823284
-0.32543898
0.2271105
0.7361239
0.21189731
-0.19483788
-0.66723114
0.06518605
-0.0020271547
-0.08079856
0.25027117
-0.40577695
-0.016729863
-0.27287292
0.19449899
-0.32364526
0.0801312
-0.124444574
0.22503832
0.41706994
-0.11988782
0.006826752
0.37475687
0.010378999
0.12362859
0.046603296
-0.027604848
-0.2794001
-0.23862797
0.111467645
-0.54125565
0.46089947
-0.15098381
-0.3186345
0.22764614
-0.10719068
-0.103991605
0.014513536
0.35178554
0.2807759
0.31348583
-0.039590295
-0.23170349
-0.087177075
0.31120193
0.2809928
-0.3705668
-0.2959923
-0.42283675
-0.28208098
0.080246285
-0.7797435
0.1696712
-0.064421244
-0.16378887
-0.067596026
-0.101471335
0.23115157
-0.2033904
0.29542416
-0.6070038
-0.39217067
0.16198637
-0.2048205
0.094951466
-0.35773984
-0.12119105
0.48809972
-0.33355984
-0.35862076
-0.0966699
0.30979556
-0.12686303
0.16275796
0.08487965
0.38026276
-0.30340204
0.19316955
-0.0318128
0.24056272
0.41712585
-0.09590131
-0.10783136
-0.10621891
-0.062713906
0.031761378
0.09077698
-0.3895368
0.11894606
0.24094114
0.4663229
-0.26538667
-0.25945786
-0.16653247
-0.037472602
-0.27175528
0.05767749
0.34807688
-0.17557241
0.03512617
-0.09932859
1.0579638
0.19328396
0.084487855
-0.17214203
-0.1964421
0.17519896
-0.32889664
0.23311579
-0.54812443
-0.09052122
0.08194633
-0.032553416
-0.26734436
0.13124526
0.06599718
0.010427927
0.10566998
-0.33349326
0.17145988
-0.04766373
-0.27040663
-0.083837
-0.0026016831
-1.3757573
0.2233285
-0.10617936
-0.45659533
0.93147194
-0.18885465
0.16993976
0.6342294
-0.3907626
-0.25008103
-0.55931926
-1.123445
-0.49735114
-0.31584254
-0.24028516
0.4108816
0.46007016
-0.25533548
-1.0893886
-0.19153954
0.4832594
-0.10883183
0.1650852
0.52718955
-0.25746658
-0.07212022
0.12260876
-0.009154393
-0.667965
0.3799707
-0.5147998
0.3704173
0.028738612
-0.3199965
-0.4237112
-0.035965912
0.26817653
0.5948537
-0.37742862
0.13103695
-0.11938828
0.12731062
0.16584183
-0.33019507
0.13443963
0.4973627
0.2955778
-0.5578682
0.31670636
0.65008366
0.024037436
1.9670153
0.17174023
0.209886
0.029467214
0.13927232
-0.31459367
-0.6060406
-0.26290303
-0.2008356
0.19203986
-1.3463603
-0.05871597
-0.24397838
0.298284
-0.18281305
-0.072413564
0.44529915
-0.40102556
0.17714778
0.09395269
0.30848145
-0.16280197
-0.475404
-0.40974757
0.013437043
-0.20355597
0.28463537
0.7754642
-0.23414396
0.10845122
0.33151287
-0.008092782
0.6154892
-0.3000588
-0.2651428
-0.12547722
-0.15096447
1.0394449
-0.14009236
0.12615116
0.14539017
0.09676081
-0.8669259
0.4943683
0.066608824
-0.040880036
0.056908295
-0.3604087
0.19159181
-0.10378735
-0.17963421
-0.008020412
-0.38523912
-0.011193844
0.32435185
0.5670874
0.10413028
0.29579085
-0.22364837
1.1994889
1.1366001
0.068893306
1.8024132
1.5233936
0.43644425
0.23003054
-0.34425727
-0.33977482
-0.21865775
-0.50790244
0.633335
0.08627758
-0.08642148
0.37265432
0.34627393
-0.20468913
0.23083924
0.25645047
-0.2380984
-0.14994459
-0.43654007
0.117464475
0.2753839
-0.19211656
-0.17058259
0.19236055
-0.23704131
-0.19521672
0.14380836
-0.027330568
0.13685276
-0.070852995
0.17244686
-0.37197307
0.7739775
-0.1656174
-0.3742152
0.26634583
0.35186225
0.26337942
0.29923934
-0.22243159
0.14352804
-0.26719382
0.20687279
-0.29034024
0.39419922
-0.39534253
-0.12138273
0.1517369
0.24280325
3.2013915e-05
-0.2537471
0.06122263
0.11558792
0.14355353
-0.31151158
0.14627525
0.6369645
-0.20268147
0.36826402
0.005724013
0.20948456
0.32675725
0.13313545
-0.40118903
0.15185453
-0.3110461
-1.0432975
-2.5534286
-0.17001285
-0.49525556
0.06127635
0.6113528
0.8504358
0.18581939
-0.055391233
1.0167269
0.15196458
-0.44142494
-0.63995427
-0.03971926
0.27779102
-0.21743472
-3.1643755
-0.0265548
0.1111372
-0.39604694
-0.0699682
0.010365001
-0.29417646
0.42547876
-0.079653606
-0.6493007
-0.20748857
-0.31698006
0.0106731495
0.5334697
-0.21930902
0.4446485
-0.29825485
-0.03896188
-1.9129796
-0.64015156
0.8407425
0.30972475
-0.38259625
0.3180948
-0.8042927
-0.108489245
-0.25295863
0.43370295
-0.2647544
0.220898
0.15554069
-0.021616464
0.21226533
-0.22463138
-0.32354435
0.13784261
-0.30489612
0.10341801
-0.16380392
0.27151382
0.4487021
0.24489082
-0.41589904
-0.11413172
0.03743875
-0.3900091
-0.042313572
-0.29186028
0.053703528
-0.037880495
-0.13093463
0.46585655
0.30963868
0.11043362
0.096644156
0.3465957
-0.40785205
0.34094572
-0.18246984
-0.20313622
0.07624081
0.12498769
-0.2657222
-0.3081479
-0.19211282
-0.37989587
-0.21228606
0.28446066
-0.3882386
-0.030027954
0.04049012
-0.3591471
-0.5649326
-0.029714601
-0.06427362
-0.052791197
-0.14580029
0.047502417
0.31162512
-0.08000588
0.100678794
0.2528842
-0.2386689
0.0567935
-0.12909329
0.12721255
-1.8128824
-0.4208725
-0.15786089
-0.5021989
0.3499486
-0.46333912
-0.014066646
0.13663235
0.33864808
-0.5256618
0.25340182
-0.08773443
-0.036110464
0.019632487
-0.34688893
-0.29565534
-0.28202328
0.047669206
-0.10596318
0.12680809
-0.49303818
-0.16013192
-0.23159014
-0.13014995
-0.5512951
0.11317617
-0.048057046
-0.47421956
0.24929567
-0.32309
0.20342669
-0.10898293
0.3365021
-0.05612408
-0.9075854
0.35853976
0.11417124
-0.3052765
-0.027524265
-0.33156845
0.07447153
-0.17183484
0.03788737
-0.44353777
-1.661229
-0.24412325
0.15835617
-0.06271971
-0.09127206
0.18489088
-0.12057329
0.09493026
-0.45054162
-0.046509985
0.27174914
0.085250184
0.50972205
0.0384714
-0.3214789
-0.040557317
-0.15471247
0.023704432
-0.7173015
0.06360499
0.22860321
0.039093543
-0.37205222
-0.06269582
-0.14049384
0.01209071
0.34917066
-0.23852804
-0.3451441
-0.3900492
-0.4890853
0.14600484
0.7114944
-0.18246844
0.1794138
-0.4513132
-0.335234
-0.8756011
-0.07749865
0.27212748
0.27297327
-0.32242933
-0.16527654
0.39747182
0.14943083
-0.3474874
0.34910473
0.35038513
-0.17202328
-0.22239436
0.30245063
0.25410637
0.20855477
-0.21798591
-0.30035663
-0.48710838
-0.1944348
-0.1806133
0.18006323
-0.17987958
0.11592571
0.31344497
-0.45719036
-0.074841574
-0.4653211
0.02285517
0.02069268
0.39192805
-0.12851925
0.38279405
0.09117254
0.105915435
0.27682993
-0.13807455
0.24762465
0.237896
-0.6519065
-0.4519957
0.2410407
0.24614587
-0.21524183
-0.19688791
-0.7916243
-0.08015596
0.58105457
-0.041854117
0.27082166
-0.06656012
-0.16066025
0.112972654
-0.48369038
-0.030214932
0.056489732
-0.10683104
-0.4346541
-0.016272988
0.22164436
0.10656003
-0.96542186
0.5483541
0.45607963
0.2672609
0.07021211
0.6563307
-0.03743678
-0.03497275
-0.28569108
0.09215074
-0.31568444
-0.07507078
-0.27545482
-0.16315627
-0.041702226
0.041882224
-0.006384381
0.14167093
0.094349295
-0.25233555
0.1057743
-0.35832015
-0.040018193
0.101392
-0.33321437
0.18556425
0.07771681
0.35890454
0.110742226
0.15477496
-0.44719815
0.23001072
0.32166904
-0.39330944
0.07094073
-0.4071593
0.09927551
-0.1928066
-0.3099125
-0.20165378
0.48538476
0.35537472
-0.64735633
0.4184252
-0.13272624
-0.06581736
0.020888427
0.2259273
-0.17930794
-0.054394662
0.2114313
-0.37421325
0.062422976
0.32638773
0.066940285
-0.3436739
-0.09448792
-0.18183662
0.310326
-0.23242337
0.32274562
0.24818607
0.03637583
0.2452172
-0.26328272
0.22407979
0.13604861
0.1122742
0.06707788
-0.20414358
-0.15231411
0.40881968
0.30560023
-0.21149753
0.14869979
-0.30513686
-0.02827789
-0.24083419
-0.2988455
0.24775392
0.2794688
-0.21566585
0.32945597
0.07401765
0.18617876
-0.16082373
0.17057058
0.18698321
-0.09368546
0.06965325
-0.25236395
0.2614216
-0.22206552
-0.24610704
0.09967718
-0.39041296
-0.02406686
0.12680633
0.09282324
-0.10994748
-0.30053717
0.0760083
0.27145585
0.24927475
0.19884813
0.2500956
-0.08130225
-0.14718796
0.008342048
-0.18121801
0.07555103
-0.055604894
-0.089476295
-0.20753345
0.3017794
0.009768482
0.33939257
-0.03463916
0.01695621
-0.24121673
-0.03462374
-0.030522035
-0.30742416
0.10264302
0.08820583
-0.030228948
-0.0012371285
-0.10858346
0.21822453
0.2823929
-0.26182675
-0.18403433
0.09033381
0.36512303
0.058108535
-0.24961956
0.5615265
0.06911669
-0.31268328
-0.009059876
0.32439896
-0.13120273
-0.19275735
0.18674614
-0.079458095
0.26318595
0.35852844
-0.25457978
-0.23563826
-0.15685312
-0.30736858
-0.12430394
0.055791825
-0.0727565
0.11428247
0.015781656
-0.06428806
-0.052006055
-0.26594925
0.29622656
0.030094411
0.33258694
-0.16141807
-0.19856098
0.04014258
0.31616938
-0.22943717
-0.14359055
-0.08160978
-0.2154254
0.15601508
0.22803181
-0.14356098
-0.2813955
0.08285791
-0.24578002
0.018240124
0.18751708
-0.14265092
-0.4841648
-0.5361766
0.3784435
-0.027739003
-0.5388535
0.26091015
-0.20868005
0.102718696
0.13658677
-0.42901838
0.69819164
0.14131808
0.13359404
-0.71903026
-0.0523349
0.4137993
-0.7277027
-0.7025655
0.52482176
-0.1281864
-0.066303015
0.6643098
0.24591509
-0.3299923
0.030270217
-0.17495164
0.85971236
0.13985378
-1.0458264
0.04891216
0.3294279
-0.30998066
0.18869232
0.3143432
-0.35230908
0.6221007
0.26189432
-0.5462553
-0.38189813
-0.14242409
0.31355634
-0.17966986
-0.22966693
-0.16655305
0.16847627
-0.9495556
1.5279449
-0.09494628
-0.15252316
-3.7930613
0.14667466
-0.4172233
-0.86963475
0.016968543
0.44716257
-0.066631086
-0.19557612
-0.24811338
-0.3284296
0.35568362
-0.33517024
0.26381642
-0.85567296
-0.12782292
-0.120822474
0.36236358
-1.1709852
-0.5468111
0.07399254
-1.9476272
0.097029045
-0.06800021
0.13639173
-0.3387712
-0.039603397
-0.6446434
1.1824206
0.1482185
-0.38546446
0.08796948
0.3073712
-1.9947025
-0.41057244
0.0732402
0.3025703
-0.057367556
0.13566294
0.2792238
-0.47348568
0.17364442
-0.3091948
-0.5250444
-0.16028826
-0.96395874
0.12185294
-0.038124036
-0.2855812
-0.81892216
0.01577748
0.11841473
-0.29305494
0.07422047
-0.08116717
0.21470968
0.11521325
0.23169404
0.32026777
-0.25419143
-1.0333143
0.31641737
-0.046275694
-0.046492632
-0.007987073
-0.07850293
0.27975547
0.28809875
-0.044827044
-0.14198756
0.059128758
0.029613405
0.15008676
-0.14964749
0.19930206
-0.4303599
-0.38261744
0.45135003
-0.24666378
0.04897046
-0.27137294
0.0017406336
0.06327654
-0.13576709
0.3847425
-0.30773273
-0.06356571
0.20534001
0.44734535
-0.77197766
-0.6233807
-1.8496794
0.021235287
-0.2898415
0.45277718
-0.31498823
0.086898506
-0.032235865
0.009475506
-0.3844666
0.35683545
-0.04105571
0.40864986
0.22972655
-0.29382885
0.014967689
-0.29401344
0.079526134
0.08277709
0.23556408
-0.1139553
0.564253
-0.14513291
0.12539685
0.33996394
-0.09213548
-0.23416854
0.22412626
0.2075548
-0.23198801
0.007797481
-0.91800046
-0.30063862
-0.13344608
-0.19911095
0.0867754
0.05971622
0.1586897
0.48743632
0.17787527
-0.21753989
0.30413237
-0.18403657
0.06153489
-0.7342742
0.48560145
-0.025484651
0.013886904
-0.43620512
-0.06793007
-0.1665358
0.41581124
0.14985049
-0.07346366
0.68185866
0.49866697
-0.61205506
0.45652735
0.64086914
0.52861065
-0.16193603
-0.33583418
0.86892295
-0.82788956
0.21427704
-1.9995668
0.100703396
-0.23007521
0.44049308
0.060335077
-0.20862986
0.48055565
-0.42734638
-0.025070613
-0.4825467
-0.44868296
-0.08313428
-0.3811077
0.41497737
0.40545568
0.2048599
0.11211539
-0.30792013
0.6573652
0.18577029
0.20500444
0.32458603
0.09068846
-0.16405669
0.22144037
-0.12629665
0.18645021
-0.11193917
0.06858019
-0.11591282
0.3194601
0.101206765
-0.15390585
-0.30497724
-0.1048013
0.07352451
-0.19292751
-0.18245482
-0.71034664
-0.36255747
-0.53303564
-0.6691049
0.31568322
0.017327426
-0.03239391
-0.080937795
-0.23362799
-0.19455345
-0.24316296
0.043351673
-0.35455075
0.13570808
0.11497856
-0.15326993
-0.13158675
0.31860143
-0.696352
-0.28000805
-0.520261
0.12131993
-0.28538933
-0.090982944
-0.01597292
0.06796566
-0.5682898
-0.06576827
0.007246964
0.2920186
-0.28506896
-0.30086586
0.4136048
-0.30080825
0.06547155
0.13598552
0.19731437
-0.16275953
0.5226129
-0.0110634845
-0.1277667
0.32775405
-0.1139389
0.20010807
0.16241117
-0.031881433
-0.21580346
0.22186857
-0.061673097
-0.09708701
-0.17082776
-0.12486444
0.28461173
0.17945813
0.09757544
0.5211106
0.23911978
0.02685742
0.06471258
-0.03375776
0.060047973
-1.4595326
-0.097427934
0.023649901
-0.5292236
-0.86556077
0.26134256
0.40382066
-0.30988124
0.4941528
-0.042670395
0.27593732
-0.28483418
-0.24068533
-0.09606511
-0.215866
-0.4881306
0.25969952
0.042464465
0.08462095
-0.29507425
0.39504412
0.41415268
-0.19873223
-0.025880214
-0.16049029
0.374728
-0.14106552
0.23255922
-0.28354105
-0.3899603
0.017746678
-0.5213462
-0.10079871
-0.13064191
-0.0044271094
-0.27433586
0.15045932
0.055895507
0.26587123
-0.83536774
0.12011797
-0.15778108
0.23234093
-0.010926073
-0.039026007
0.14812537
0.06986419
0.45309308
0.36498338
-0.06024067
-0.09097877
0.20983861
-0.3383797
-0.017713565
0.061508954
-1.2420356
0.13365774
-0.23127608
0.60265833
0.54828763
0.1472827
-0.22877438
-0.15711
-0.17480661
-0.30288246
-0.2063712
-0.036761984
-0.42953798
-0.18205675
-0.06384924
-0.34392074
-0.3226077
-0.09551122
-0.26579598
0.06672567
-0.11371745
-0.3367378
-0.39565718
-0.30352846
0.06298767
0.14257309
-0.30151594
-0.18650031
0.23966053
0.016811352
0.18610698
0.13669167
0.32800388
-0.19884273
0.2204606
0.08732845
-0.09091236
-0.08941862
-0.054875866
0.42684007
-0.10095443
-0.16444671
0.18104894
0.1690492
-0.02443552
0.201089
-0.089955375
0.18196914
0.2839503
0.24525739
-0.19004482
0.17816871
-0.20571235
0.21344835
-0.15802822
-0.19366379
0.1266257
0.504267
0.2854573
-0.05097952
0.24006362
-0.15689002
-0.23786806
-0.46744442
-0.25196156
0.62998545
0.6186738
-0.31455874
-0.19002709
0.003469022
-0.14106095
0.32623065
0.14958754
0.105759464
-0.17392044
0.18517499
-0.33957744
-0.010335536
0.08408904
-0.5053778
-0.036735673
-0.04512183
0.03863588
0.041916095
0.2625156
0.08485377
-0.24491832
-1.3389069
-0.4788224
-0.26958862
0.36597666
0.19200051
0.09934186
0.034595918
-0.072783604
-0.09460587
0.06385776
-0.35991997
-0.10271589
0.2972583
-0.16509242
0.17537671
-0.3914924
-0.15687475
-0.40508112
0.14208323
0.20391499
-0.1465819
0.19618261
-0.46324837
-0.0040439996
0.03235248
-0.15127589
0.33000326
0.016902361
0.17784098
0.35304716
0.07780571
0.002287219
-0.07971498
-0.34169033
-0.04551248
-0.21455468
0.19550197
0.08104941
0.30107683
-0.22480907
0.16762213
-0.24134256
-0.114182524
-0.032657694
0.25382805
0.1863976
-0.29700783
-0.23282552
0.28029215
-0.33816478
0.4547366
0.22901541
-0.20094705
0.06311452
-0.46566644
-0.07373347
-0.27237195
-0.041533474
-0.046033643
0.113724746
0.01217831
0.13798335
-0.36231735
-0.19540118
-0.027335161
0.11730508
0.2572361
0.095113344
-0.30278516
0.18331313
0.11378641
0.37787288
-0.32295567
0.34437734
-0.028046027
-0.2285252
0.34619004
0.022470772
-0.14986101
0.38333207
0.1709263
0.24953145
-0.027909648
0.1017137
-0.32794896
0.10953174
-0.048270017
0.33428258
0.023667108
-0.09856306
0.22405788
0.25512984
-0.26222485
-0.095405124
-0.16538122
-0.2697201
-0.10565241
0.030114446
0.2573409
0.049166977
-0.1489571
0.24165489
-0.32723436
-0.20240429
0.20185998
-0.27308714
-0.1744289
-0.120076805
0.2725267
-0.044967607
-0.30380982
0.17411827
0.32035336
0.16954851
0.045900308
-0.027729154
0.15009503
-0.23997863
0.11187283
0.3029867
-0.6174605
0.039402697
0.014957601
-0.21940866
-0.15535522
-0.053525925
0.19317068
0.3149982
0.20535332
-0.18943423
-0.085034505
-0.2747318
0.2793523
-0.2761219
-0.31439734
0.26203194
0.009152845
-0.3256595
-0.2919494
-0.1888608
-0.2703228
0.28440094
0.12960437
0.18417484
0.19541143
-0.20508094
0.06902046
-0.13216056
0.2406593
-0.38399506
0.14507154
0.13565533
0.12164912
-0.32208467
-0.3362933
0.12512891
0.0051959455
-0.1495714
-0.035899818
-0.25428766
0.02594779
-0.12554124
-0.31452146
1.0277263
0.3031452
-0.55169153
-0.27440774
-0.06352821
0.23020469
0.27802444
0.23673247
0.23387875
-0.06694479
0.2017101
-0.37974587
-0.2874598
-0.3083561
1.142947
-0.0026477806
0.113789536
0.12618467
-0.16410786
0.14228949
0.10713581
-0.011683787
-0.20042546
0.27393928
-0.25728226
0.346672
-0.08457428
0.55319786
0.14567718
0.23778069
0.35811436
-0.20303175
0.18356304
0.17217389
0.22246677
-0.2122173
-0.948728
0.15297303
0.17294931
-0.26446578
-0.23143083
0.16287313
-0.12464187
-0.24072976
-0.18560742
0.008539655
-0.25033534
-0.06510051
0.3796065
-0.34871274
0.10918522
0.15422226
0.0023616422
0.30350184
-0.32543835
-0.34249735
0.1033725
0.2988512
0.216435
-0.042496122
0.38233596
-0.14235465
-0.06521747
0.3436462
-0.0890478
-0.17106247
-0.19827323
-0.0060083866
-0.40481696
0.19929197
0.021498106
0.026721802
-0.0073179305
-0.5339162
0.77731514
-0.3418189
0.20864373
0.039173245
-0.321277
-0.05536815
0.26135322
-0.14591333
-0.36759102
-0.12740362
0.27473992
-0.097545385
-0.029014494
-0.061961133
-0.23637673
-0.53536594
-0.44473204
0.05116007
-0.29406703
0.07666506
0.44725367
-0.40442887
-0.28202772
-0.013551891
0.22384849
-0.22998856
-0.50538534
-0.08577801
-0.40952814
-0.058705647
0.24375573
0.6559199
0.179437
-0.009520888
-0.14506093
-0.33386397
0.33847338
0.21160062
-0.078187756
-0.03272018
0.11377976
0.34566936
-0.33413
-0.16488414
-0.26784956
-0.15786693
-0.90767807
-0.078237325
0.039170362
0.8478708
-0.08067104
-0.17369194
-0.12942539
0.12370937
-0.06700353
0.21328363
-0.035038833
0.2510889
-0.1554514
0.07380512
-0.27681696
0.2349649
0.039630577
0.041706055
0.19327499
0.1679182
0.04505303
-0.364721
0.17613015
-0.33775494
-0.022739172
0.054237608
0.10472697
0.14313996
0.054645557
0.7406968
0.7397699
-2.7168121
0.24107943
-0.051075157
-0.057147264
-0.376749
-0.2646356
0.025829071
0.17934084
-0.21608223
0.37038726
0.36703354
-0.18018958
-0.12583762
0.35311857
0.34701365
0.20526591
0.25037366
-0.078484155
-0.0498218
-0.42318332
0.11905206
0.44226825
0.024525285
-0.19981599
-0.34500965
-0.0920596
0.21795708
-0.16210942
0.106719546
-0.13265552
-0.030567719
-0.23981558
0.006401691
0.37672976
-0.175706
0.27401212
-0.33378527
0.8820794
-0.0021336419
-0.008258189
-0.118211925
-0.25016773
-0.15663627
-0.25510117
0.40714878
0.07444239
-0.05354161
0.07495336
0.4473861
-0.14271249
-4.1246333
0.07736672
0.015723318
0.45526424
0.99906015
0.067812964
0.033513125
0.2410087
-0.34874403
-0.72956836
-0.05910016
-0.21369724
0.21854487
0.025795382
-0.3532184
-0.13882416
-0.2598375
0.074587844
0.45870435
0.07003583
0.12315086
0.1931129
-0.022279186
-0.37415147
-0.04734223
-0.10795321
0.03662455
0.2826004
-0.022216946
-0.32577017
0.03822997
0.3159686
-0.14606468
0.029808583
0.014048415
-0.18415834
0.11856705
0.0078123347
-0.08625449
-0.102874376
-0.15299113
0.015128479
0.24939993
0.22854692
0.26943114
-0.30089852
-0.060707483
-0.40912235
0.028540008
-0.026871063
-1.0098889
0.029777478
0.34481615
0.072576106
0.09551151
-0.13286756
0.15818247
0.17258817
-0.7651461
-0.02513626
-0.1776764
-0.2876702
-0.23892644
-0.18692413
-0.29605776
0.14099804
-0.19352454
0.050203003
0.27268967
-0.053655893
0.19767408
-0.26482534
-0.15721308
0.20360237
0.2644567
-0.02147033
-0.0065213847
-1.2340543
-0.13444957
-0.11434787
0.005566387
-0.10359246
-0.16303264
0.0022823054
-0.17192714
-0.14971262
-0.18948333
0.024790928
-0.10668642
-0.048338894
-0.5072439
0.1320996
0.11747114
0.08266421
0.06554289
0.16527389
-0.13488881
-0.072876886
0.05170029
0.21373999
-0.2265187
-0.34768274
0.11254147
-0.14751987
-0.015919182
-0.78240955
0.31583014
-0.31744576
0.13334775
-0.13358074
-0.1967747
0.21541739
0.061851423
-0.016642258
0.06563203
-0.06824538
-0.05927163
-0.21469106
-0.12997326
-0.05611498
0.011607718
0.20778137
0.2108849
0.010756138
0.07842258
-0.0011531058
0.15062328
-0.020991385
-0.20293938
0.079429105
-0.17984644
0.08565862
0.121154554
0.019702595
0.30811384
-0.09635696
0.10276831
-0.018154422
0.012456232
0.15040706
0.17065203
0.07613576
-0.12826362
-0.047332786
-0.06072393
-0.022005623
0.31461102
-0.096757196
-0.023793936
0.21372683
0.050072826
-0.07625079
-0.23982203
0.2839219
-0.4501724
0.15728898
0.119356036
0.19741428
0.027483348
0.33863905
-0.12813103
-0.32621384
-0.036698326
-0.30498123
0.23528871
0.31269723
-0.27668878
0.26237077
-0.027729344
0.17430793
-0.05615905
0.09337863
-0.20796697
0.117863305
0.18570864
0.040749118
-0.20687982
-0.11224625
0.12945719
-0.067990586
-0.25912863
0.12500906
0.023637462
-0.120977834
-0.21281117
-0.38740236
-0.017534036
0.27382883
-0.0019737056
0.17237945
0.08578789
-0.17565088
-0.26664457
0.16012663
0.2488117
0.059719156
-0.31817624
-0.19232577
0.28517774
0.027728299
0.2880192
-0.1467809
0.077542186
0.15680927
-0.007055238
0.29438925
0.29870695
0.14383028
0.17490603
0.17694496
-0.20865098
0.11865204
0.25529835
0.44352064
-0.00094106805
-0.3213778
-0.11561522
-0.33079645
-0.14799267
-0.38538375
-0.12947926
0.26678798
-0.18860081
-0.61770976
-0.3386103
-0.39756286
0.3192713
0.5402797
0.0023623984
-0.02931191
-0.11221948
-0.13308941
0.08265443
-0.23572382
0.024284737
-0.08569836
0.083341576
-0.2510291
0.09146948
0.014164998
0.06081488
-0.49694434
-0.23793171
-0.106827684
0.04602928
0.022437233
0.09831633
0.16396064
-0.32678574
0.06645873
0.24303925
0.027753666
0.102098174
0.13647902
0.059627358
-0.12641835
-0.07275952
0.38772473
0.04745025
-0.05819574
-0.00068201916
0.067177854
-0.257743
0.123669915
-0.03904833
0.16956729
-0.3091139
0.27790472
-0.1733368
-0.009851471
-1.3555869
0.010843347
-0.31153497
-0.2456513
-0.34834307
0.6804359
-0.12651555
0.16285554
0.23271362
-0.004838156
0.022414966
-0.07619569
-0.21741253
-0.22408849
-0.16989563
0.060100205
-0.23066501
-0.18850435
-0.02130068
-0.53951144
0.048263226
-0.009088137
-0.20354433
-0.08722514
-0.024340585
-0.12186623
-0.25590912
0.4959069
0.34119308
-0.011170973
0.24662839
-0.5398036
0.06580104
-0.2466098
0.21458577
-0.88684905
0.043380033
-0.20404813
0.39579386
-0.11117786
0.19576524
-0.31300712
-0.07806684
0.038288683
-0.08245905
-0.091722906
0.2796316
-0.07231796
0.1623866
0.5831936
0.06422253
0.19669896
0.047246635
-0.14069177
-0.6749231
-0.24753976
0.038002424
-0.15591866
0.18879318
-0.05887365
0.20447361
0.21719141
0.17067908
0.23607165
-0.0009294197
-0.043294568
-0.19392046
0.022717891
0.08652185
0.47189003
0.07154221
-0.7478626
-0.31138355
0.12237114
0.24882135
0.45159066
-0.27259198
-0.16129728
-0.005850918
0.036929578
-0.8404373
-0.12179531
-0.2162032
0.027266815
-0.34360752
0.04829589
-0.02749433
0.17204623
0.05249333
0.054769512
-0.25394315
-0.18429483
-0.60458344
-0.18218501
-0.16792221
0.09824624
0.010805736
-0.16416885
-0.14953154
-0.07466577
-0.18558241
-0.11539626
0.05330778
0.052047305
0.010713269
0.08528709
0.24596098
-0.44657195
-0.29983342
0.095214345
0.3413393
-0.161671
0.015878323
-0.6487891
-0.10503874
-0.09700632
-1.1661025
0.47402894
-0.30232477
0.21430671
-0.031624615
-0.28386527
-0.1703832
0.29904166
0.21669441
0.23755975
-0.2803909
0.058572102
-0.04278515
-0.5793846
0.71606296
-0.064311005
-0.038796872
-0.20097212
0.03686084
0.42352894
0.3954364
-0.3443604
-0.6764176
0.030989824
-0.5684602
0.19127434
-0.15540937
0.3353484
-0.19504005
0.03197651
0.45933485
-0.32560733
-0.2882728
-0.043579403
-0.108626656
0.24825275
-0.07959271
0.10055384
-0.09780463
-0.20401898
1.1001043
-0.6600831
-0.253982
0.8488103
-0.81690985
0.31320655
-0.27277362
-0.22986323
0.05529879
0.5703421
-0.20407581
-0.18115693
0.29898697
-0.26364744
0.0721389
0.2860201
-0.051125318
-0.18162923
0.2915634
-0.18917981
0.0034326161
-0.70302206
-0.30959415
0.33312452
0.18353182
-0.17781428
-0.11525603
0.15163784
0.22393747
0.047805317
0.019164234
0.008798642
0.0241718
0.52666664
-0.11131355
-0.32675174
-0.25398123
-0.05794752
-0.4443089
0.12578577
-0.2850693
-0.040148694
0.095425226
-0.17966866
-0.08334078
-0.3171664
-0.061880432
-0.470831
-0.15647076
0.09730834
0.16213085
-1.2093962
0.1803869
0.22470173
-0.1610783
-0.7152588
0.28764433
0.103622556
0.13201264
0.3005484
0.07928991
-0.268319
0.2872608
0.3998537
-0.06094898
0.18161397
-0.053083334
-0.0673982
-0.067312755
0.22291398
-0.2720483
-0.21057492
0.1992984
-0.020241357
-0.096294984
0.5291613
-0.19941877
-0.15042323
-0.20030035
0.20520322
-0.27974465
0.22671245
0.09938419
-0.08887154
-0.44575274
0.034546025
-0.3805444
-0.009454208
-0.3086865
-0.29521808
-0.031902313
0.13198687
0.2666192
-0.9833389
-1.2519977
-0.07509927
-3.1899152
-0.2715507
0.08385496
-0.086956315
0.5666634
0.13490583
-0.13969372
-0.20575897
1.0133362
-1.2025123
0.08054608
-0.111970924
0.030466385
-0.35866576
-0.09220861
-0.1809439
-0.8253156
-0.22271402
-0.67452
0.37359425
-0.009880289
-0.2594387
-0.114009544
0.04000797
0.85647696
-0.142146
0.060615454
-1.1186042
1.7879434
0.08182944
-0.062297266
-0.28648844
-0.12868822
0.17087847
-0.39220977
-0.066644646
0.15510888
0.43148217
-0.34085685
-0.33073154
0.1723023
-0.18316154
0.040773027
-0.3566092
-0.16144273
0.65260124
0.1801953
-0.24050048
-0.2664324
-0.0858267
-0.028033406
0.071334556
0.2442138
0.16221315
0.08190486
-0.19837308
-0.6500961
0.192704
0.0216232
0.35245582
0.21553002
-0.8340974
0.080494255
-0.31621733
-0.27356845
0.41984543
0.00858241
-0.063675836
0.24662921
0.22019798
-0.28165632
-0.0926494
0.08282189
-0.20945856
-0.10557207
0.30318832
1.209062
0.39897585
0.10393848
-0.037513424
-0.24674226
-0.23592758
-0.07176757
0.19653209
-0.1944292
-0.03876078
-0.3253805
0.48083743
0.16571257
0.34554854
0.06489859
0.003052455
-0.63157576
0.20121081
0.036086954
-0.13152808
0.73303175
-0.043848295
-0.23109052
-0.13601375
-0.0632545
0.000789434
-0.4847149
0.16630855
-0.20846185
0.064325
0.26440442
0.21862751
0.5302636
0.055878885
-0.055224787
0.09701141
-0.5939586
-0.27150783
-0.06770088
0.02861956
0.2446456
0.01130995
0.15665188
0.18115595
-0.13288864
-0.1446644
-0.034218743
0.044326067
-0.2101807
0.29007298
-0.1235278
-0.084326416
0.49016836
-0.022759909
-0.018772751
-0.094129786
-0.12479097
-0.017018097
-0.16309272
-0.11803504
-0.31850538
0.10103167
0.15618218
0.017612835
-0.056976173
-0.30336747
0.21488678
-0.96808493
0.03232688
-0.19704305
0.46220666
0.11129607
-0.049458485
0.1023524
0.15284874
-0.13504292
-0.07238158
0.25529066
0.032313485
0.03167426
-0.13109136
0.2038668
-0.053226545
-0.0029573303
-0.08111283
-0.027860276
0.08869647
-0.15656255
0.31505045
0.38013718
-0.24579608
0.34982526
0.034610942
-0.22617961
0.34265098
0.004985431
0.0101272
0.03700311
0.29773325
0.016808342
-0.06753922
0.49840277
0.030462133
-0.15791929
0.35624963
-0.50854665
-0.26696405
0.18384948
-0.5500146
0.41014937
0.10757149
0.30354744
0.3271865
0.085193455
0.09123277
0.0005243397
-0.18200015
-0.119945854
0.05656568
0.13359791
0.17100845
0.0446248
0.18800896
0.16692817
0.053447425
0.050997578
0.23061827
0.015708113
-0.07761343
0.046881318
0.03421339
0.21789582
0.08832394
-0.17931949
0.08751351
-0.019749383
0.08744384
0.27915037
-0.27437207
0.06016746
0.41706702
0.22159801
-0.14802904
-0.25366977
0.124352954
-0.14428483
-0.00027839307
-0.17135121
-0.19911599
-0.07185547
0.25172436
-0.21809427
0.16697317
-0.052698534
-0.097488746
0.28215235
0.10610253
-0.23849356
-0.05591722
-0.3552532
-0.091546856
-0.16577935
-0.052338097
-0.27915385
-0.18802992
-0.056800127
-0.012679661
0.17867702
0.16399412
0.63207394
0.49162844
0.24488111
0.013975755
-0.26478076
0.34067392
0.0168647
-0.0007746802
0.1716868
-0.41043535
0.08826882
0.087506704
0.11887472
0.19930156
-0.2261146
0.14247099
-0.2571847
0.54796
-1.6751318
0.25353315
0.12270256
-0.13439733
0.2695215
-0.2675975
-0.08875041
-0.2724786
-0.29077333
-0.09658923
-0.3144227
0.22138713
0.47303012
-0.115145996
0.33421746
-0.013950571
-0.37728375
0.2349394
-0.27394933
0.21773793
-0.23466487
-0.24381933
-0.124868065
0.25044936
-0.04060014
-1.9108607
-0.039305355
0.22776856
-0.12098254
-0.1621508
-0.116073325
-0.031541437
0.1331674
-0.00011432632
0.059770025
-0.10144166
-0.24247193
0.22563526
0.07204184
-0.10302796
-0.035056558
0.019399852
-0.3178165
-0.120852
-0.3056106
-0.17596495
0.30611765
0.054123696
0.3110167
0.52094996
0.7321074
0.45647952
-0.27450082
-0.10702804
-0.050021473
0.00074131996
0.27742696
-0.07202959
-0.03853423
0.25257578
-0.08498296
0.21891503
-1.1546631
-0.2126396
-0.10443799
0.333074
0.08182907
0.033121336
0.013273741
0.3791142
0.03608123
0.16219433
0.08656793
0.18870929
-0.02620296
0.0036994903
0.123015866
0.37500697
0.105935216
0.05281763
0.18795209
-0.0043126247
0.11169454
-0.24533734
-0.035484128
-0.23252831
0.16478404
-0.14469014
0.12201346
0.115537964
-0.32532388
-0.18546443
-0.26018947
0.5953401
0.3625805
-0.31920424
0.18882178
-0.08178714
-0.2964525
-0.33362728
-0.08790073
-0.1595838
0.1826814
-0.25317213
0.24708037
0.026307352
-0.062165055
-0.2193359
-0.31055504
0.5085179
0.22297257
0.35456628
0.22849628
-0.19721878
-0.0878146
0.16455606
-0.097340204
0.15707092
-0.08208409
-0.18205552
-0.53681886
0.022020925
-0.34270808
0.36239827
0.25830418
0.1503163
-0.2850509
-0.02322949
0.2078417
-0.17947645
-0.29837194
-0.20949858
0.0016916373
-0.10945141
0.44985256
-0.20992191
-0.3642046
-0.326024
-0.28934613
-0.107088365
-0.33857134
0.0027872655
0.09409887
0.13686886
-0.824778
0.16761467
-0.018881353
-0.18699586
-0.37346175
-0.0175538
-0.02826641
-0.19955625
-0.3564691
0.32221714
-0.16254312
0.3953126
-0.02847878
0.307682
0.66163635
0.06973745
0.0052900976
-0.36455005
-0.27991986
0.3631493
-0.2889181
-0.50255466
-0.004522264
0.12096332
0.28377098
0.28832176
-0.6425496
0.103791796
0.032113075
0.15178321
0.38537621
0.24639335
0.14456908
-0.16895066
-0.3566445
0.71343905
-0.40786645
-0.015405662
-0.27169478
-0.48169655
0.14064555
-0.2375257
0.7552772
0.31518656
0.00550606
-0.021589857
0.5309139
0.076501824
0.21835911
0.15306462
0.22344162
-0.1731615
-0.1023517
0.06251334
-0.38678274
-0.30420193
-0.0048528183
-0.3033038
-0.043248825
-0.2685675
0.04989183
3.7252903e-05
-0.73038024
0.66204655
-0.0025799542
-3.9588823
0.15863931
-0.018956425
0.11284274
-0.26138934
1.1996305
0.031781886
0.16423558
-0.36717552
0.21737033
-0.066647746
0.30095416
0.3372532
-0.18041234
-2.11426
-0.30332783
-0.4519396
-1.3740687
-0.040177703
0.09497852
0.06274836
-1.5139816
-0.029268688
0.3353062
-1.3656377
0.011082561
0.23592551
0.52922255
-0.0047992934
-0.091828555
0.060487118
-0.09740366
0.048834916
0.386481
-1.9331414
-1.59845
0.40744168
-0.037770394
-0.29246044
0.11214203
-0.07143365
0.49634573
0.20136374
0.10865173
-0.051820584
-0.4664845
3.3218284
0.06464539
0.11120191
0.25017577
0.17458853
0.20852862
0.22379972
-0.052316885
0.28816965
-0.2871391
-0.22895901
-0.080356956
-0.32057258
-0.16408376
0.12784511
0.5303158
0.28972888
-0.025999648
-0.2679433
-0.83357507
0.021418825
0.026089294
-0.2033123
0.32223254
0.20587876
0.250589
-0.010315239
-0.023293447
-0.072686136
-0.32194373
0.008906827
-0.20433034
-0.16662544
-0.24871296
0.1410733
-0.18696186
0.005760526
-0.14944099
-2.2462075
-0.24806114
-0.12337592
-0.15921852
0.35028878
0.020908803
0.055264074
-0.092725344
0.20542412
-0.3293248
-0.18081424
0.46571884
-0.21482933
0.18756905
-0.28127664
0.30404347
2.6874385
-0.2439413
-2.742884
0.06903307
-0.6552362
0.23116048
0.1827512
0.57884294
-0.62929595
-0.85697794
-0.65748864
-0.33728617
0.30711353
-0.11385958
-0.17666471
0.27883887
0.14888774
-0.34474403
0.3034078
-0.008046936
0.7244254
0.104781285
-0.029605564
0.03220612
0.09264851
-0.38569507
-0.8298458
0.11882448
0.03111323
-0.3297494
-0.12023136
0.090234146
0.045335162
-0.12401944
-0.13702817
-0.13604394
0.300095
-0.52904403
-0.009953916
-0.3473824
-0.2700561
-0.29357117
0.045416947
0.03041713
0.5966896
-0.05013143
-0.24714448
0.7481206
0.36308765
0.06707257
-0.10771582
0.36162156
-0.059830174
-0.19195093
-0.31713316
-0.66138417
0.18635668
0.05710382
0.02277372
-0.12315062
0.01653926
0.25838634
0.22938515
0.46961927
0.09428958
-0.05074319
0.3964613
0.20792072
0.2779575
-0.2308321
0.28557166
-0.20417595
-0.16003501
-0.10158277
0.021994613
-0.1144773
0.116763756
-0.021756195
-0.15008125
0.3422607
-2.98615
0.023786895
-0.27821386
-0.13931443
-0.4168234
-0.08299019
-0.018622346
-0.03534981
0.2028309
0.78047216
-0.44695076
-0.30521938
0.090712234
-0.030253869
0.022535086
0.01316743
0.46118236
0.28103495
0.33953425
-0.022735653
0.3402875
-0.024069637
-0.2821437
0.52213365
0.6873329
-0.17291889
0.035161372
-0.4301785
-0.011176031
-0.0926466
-0.024255684
-0.2560852
0.21919194
-0.037765384
0.059535656
0.19090232
0.2604358
0.077612124
0.26828042
-0.062976725
0.26547813
-0.15241402
-0.5291017
-0.017610498
-1.0420253
-0.24588533
0.4879813
-0.30970836
0.1542919
0.30789647
-1.2000275
-0.18292202
-0.053689033
-0.48155078
-0.24827862
0.15237522
0.24534178
-0.14287534
-0.04174979
-0.101578645
-0.3303749
0.17071424
-0.03442061
0.08648791
-0.28016362
0.027962904
-0.17609349
-0.1734275
0.04711776
-0.23936372
-0.14995188
-0.080780536
-0.18962747
0.24770227
0.016125154
0.28963622
0.065784544
-0.15196809
0.17922711
0.033665013
-0.16524352
-0.19882081
0.18453966
0.47596544
0.2470877
-0.21494766
0.007846568
-0.16271369
-0.023568403
-0.054900795
-0.34590098
0.62749994
0.11876517
0.27095765
0.09150473
0.13837717
-0.07215836
0.25634807
0.093160935
0.057267338
-0.21810661
0.14512646
0.36285713
0.17283036
0.043280784
0.23101151
0.14991938
0.16977441
0.11552438
0.07292597
0.23878312
0.15604971
-0.2727298
-0.1276273
-0.06829204
-0.21160822
0.23842587
0.079569146
0.0022759084
-0.14960484
0.2320075
-0.11835203
0.011231095
-0.033697996
-0.054165147
-0.26148003
-0.07355245
0.1932787
-0.36449012
0.28786674
0.23593721
0.14464758
0.06496922
0.09151237
0.09142113
0.3008028
-0.29050848
0.03285587
-0.25435844
-0.074674934
-0.028199539
-0.118490286
-0.097106546
0.15126596
0.060260415
-0.3652019
0.13951719
-0.32351133
-0.004917697
0.016537236
0.017846739
-0.09792434
0.0498148
0.56446534
0.2825208
0.22568811
-0.0839404
-0.03505845
-0.11269311
-0.09767508
0.025110446
-0.3732493
-0.27446833
0.06823942
0.07322274
0.10722106
0.14124157
0.30702898
0.6378969
-0.6100139
0.24853146
-0.17835848
-0.33028296
0.15597443
0.22315842
0.29247
0.1815126
0.24121451
0.019384569
0.07631694
-0.009707811
0.11666198
-0.264418
-0.16839486
0.02038676
-0.28927606
0.030212907
-0.14504476
0.17860577
0.035277516
0.26380107
-0.33384776
-0.02572749
-0.031679846
-0.2505372
0.21728775
0.035847098
-0.030504765
-0.14895977
-0.09262561
0.20178235
0.16278002
0.012028032
-0.08302235
0.21855918
0.24015088
0.14620695
0.24957855
0.058653224
0.22522998
-0.11604425
-0.24753058
-0.1845572
-0.17424214
0.013548351
-0.15973495
-0.16670194
-0.011531403
0.023831341
0.06492439
-0.32647866
-0.21876211
-0.38983852
-0.48143077
-0.10172381
0.068844825
0.08562066
-0.36044502
0.33866513
0.09236694
0.3909709
0.07568405
-0.021662042
0.16769107
0.090994686
0.009072133
-0.05944076
0.11452796
0.2349113
0.16336231
-0.08662576
-0.18500112
-0.028531343
0.19911882
0.45118988
0.22685754
-0.16737589
-0.098129675
-0.16036059
0.18538497
-0.048074316
0.14075036
0.3327112
-0.23425855
0.058978017
-0.28156972
0.18223335
-0.080198556
-0.15281655
0.17825486
0.051332068
0.4053749
-0.31453824
-0.052691422
0.00027864854
-0.3368822
-0.03318995
0.36102048
-0.29756805
0.11904266
0.09358109
0.045698516
0.28907052
-0.6243655
0.28152215
-0.11227471
-0.08095463
0.046656866
-0.37081322
0.23799002
0.18715964
-0.6136975
-0.09755997
0.038211424
-0.11645543
-0.33491454
-0.24405321
-0.05294543
0.25570258
-0.1557171
-0.21399333
0.52239853
0.6544593
-0.25378823
0.038882256
0.040116597
-0.15356258
0.27354208
0.11079953
-0.0021676803
0.1784444
0.21866536
0.31368852
0.33320928
-0.16587476
0.042250987
0.04158689
0.035542767
0.23209186
-0.090449184
-0.1627028
-0.087036125
0.20347007
-0.27835554
0.32295424
-0.01257508
0.042426523
0.2504796
-0.103157744
0.18520205
0.24184442
-0.19119366
-0.2979045
-0.15740246
-0.2232593
-0.23956975
0.3152545
0.3515798
0.3155745
-0.034961283
-0.21913339
-0.34974402
-0.10069623
0.19402054
0.1308923
0.25082895
0.11764213
-0.23286793
0.23593105
0.25575364
-0.17891258
-0.121457
0.15829308
0.15648891
0.14674413
-0.090877585
-0.14952977
0.005534153
-0.24243988
-0.22672135
-0.045447614
-0.4416849
0.054529797
0.15263808
0.014799064
-0.04908973
0.32015952
-0.064194664
-0.114500016
-0.03030053
0.28752956
0.052205354
0.2184769
0.20161036
0.19937234
0.18958712
0.3755597
0.010289041
0.25351977
-0.2814578
-0.18315296
0.03100358
-0.24292456
0.20936175
-0.1281316
-0.06736679
-0.14674833
-0.08373061
0.08312863
0.19715376
0.13736875
-0.046202864
0.33811766
0.29517505
-0.08699909
-0.29149657
-0.036877565
-0.2415947
0.3743473
0.28057173
-0.2771112
0.017710472
-0.030678982
0.014336386
-0.2654687
-0.2540369
0.42293468
0.34850243
-0.189046
-0.22206199
0.19001633
0.21813643
-0.07095918
0.3309794
-0.033992782
-0.20456655
-0.18245277
0.25715435
-0.057143327
0.3588832
0.23029767
-0.099231295
0.0058267545
-0.30429584
-0.26584375
-0.30016428
0.3290683
0.17236194
0.50284904
-0.7795434
0.050243974
-0.25230026
-0.29641992
0.34798792
0.4319746
0.8573123
0.7758053
0.39028534
0.254049
-0.17957653
-0.24459678
-0.14916846
-0.4462489
0.32983682
1.388446
0.31426284
0.18250225
0.55367875
0.32951516
-0.08984111
0.044114295
-0.36450502
0.26555094
0.10724246
-0.006134672
-0.6239136
1.0060973
0.74530107
0.5071118
0.045747608
-0.4528075
-1.0748676
0.21559545
-1.6375334
-0.08414252
0.13012797
0.30397022
-0.10385448
0.26676464
0.050006628
0.22280563
-0.22921579
-1.158649
0.27558905
-0.02631243
-1.601971
0.011244805
0.19678885
-0.08275306
0.5014422
0.27430865
-0.016721103
1.2956165
-0.72176623
0.39126328
-0.124510065
2.0170329
1.2132982
-0.5609604
-0.11939578
-0.15323873
-0.13707048
0.10431865
-0.39738277
-0.018669967
0.39247748
0.22479667
0.28192747
-0.49232882
-1.1451633
0.39510822
0.07577562
-2.8875637
0.5168011
-0.67537767
0.26959196
-0.50413465
0.107444435
-0.010819454
0.84236395
0.037007984
0.12180773
0.103794195
-0.0048023676
-0.98502946
0.66384333
-1.4977129
-0.17222956
0.59344906
-0.7749254
0.0807191
0.012109025
0.33404163
0.105356656
0.26740825
0.92489
0.61906934
0.039819155
0.47609505
0.42170233
0.78476834
0.32583663
-0.27010915
0.5400427
-0.461407
0.057554048
-0.41038805
0.56364226
0.18333279
-0.6036917
0.63805676
-0.035695612
-0.7219744
0.3688898
0.138008
0.21698695
0.25399777
-0.1774988
0.15774086
-0.06645271
0.26574832
0.15215121
0.24927914
-0.19832325
-0.3158596
-0.14853849
-0.42030817
0.26827633
-0.09682624
-0.3389993
-0.3897619
0.62402433
0.049079753
0.062627256
-0.076514274
0.46837604
-0.245198
-0.17543931
-0.023407578
-0.47937998
0.11200806
0.0456554
-0.09840217
0.26590988
0.7610827
-0.2602433
-0.48836383
0.1792159
-0.027086131
0.15908366
0.16209802
-0.25559884
0.39953202
-0.7195705
-0.3260123
0.03402121
0.024108166
0.11720464
0.064483754
-0.20366912
-0.41385123
0.22719215
-0.3783838
0.23185022
-0.25520697
0.17145775
0.59979486
0.44477776
0.10131574
-0.1491397
-0.06949943
-0.02802661
-0.69578034
-0.20476878
-0.3540956
0.26551893
-0.25908685
-0.038739696
0.16869722
-0.02056713
-0.10884171
0.1617593
-0.315496
0.19875784
-0.20733155
0.3009864
0.24584167
0.6564993
0.017690409
0.4927507
-0.3746072
-0.5665367
0.50685626
-0.5619699
-0.11734028
0.06339699
0.23411073
-0.30560452
-0.16274275
0.46033463
0.19116695
-0.3252742
0.09189131
0.026213244
0.18614998
-0.2738368
0.51165897
0.50109017
-0.27486613
0.20625404
-0.14345382
-0.38639843
-0.111459866
-0.2456384
0.277875
-0.11725776
0.15801285
0.041330434
0.8422378
0.18351203
0.19262798
-0.5049713
-0.09297578
0.011392226
0.47482216
0.05099054
-0.01838208
-0.015082047
-0.25701967
0.23947336
-0.45513362
-0.31634948
-0.719913
-0.19352958
0.1790775
-0.013174951
0.11511184
-0.25593135
-0.08270086
0.15295772
0.1936488
0.06478558
0.06937821
-0.09820421
0.1808011
-0.1993677
0.18622226
0.2560795
-0.10271541
-0.11694443
-0.15386
0.1198081
-0.020489758
0.18145472
-0.16530824
-0.06867329
0.08325127
0.1761845
0.032308638
0.38025308
0.3406058
-0.23182543
0.3322948
0.36204144
0.06801838
0.19378228
0.015795836
-0.39729777
-0.07136829
0.26349914
0.20633072
0.079510204
0.438659
-0.040117946
0.09432409
0.1428639
0.23037814
-2.0654857
0.26056445
-0.078286916
-0.11525527
0.0030546181
0.12611784
0.49046782
0.12127948
0.065907724
0.20567979
-0.07013463
-0.22738163
0.030169655
-0.0018512069
0.15645176
0.04945397
-0.06912713
-0.22661623
-0.0440468
0.67661566
-0.07502931
-0.05481684
0.07653186
0.18507905
-0.20745192
-0.005543232
-0.2162372
0.31735432
0.3013367
-0.1660136
-0.579984
0.43924356
-0.19984736
-0.14691736
-0.118105136
0.17957988
0.0053323805
-0.11544627
-0.37400422
0.14349787
-0.21654558
-0.23340438
0.16011618
0.059898246
-0.28756145
0.31870484
0.07865312
-0.13654363
0.0078005265
0.2693516
0.02810285
-0.021711791
0.13919982
-0.22771582
0.08469268
-0.05815191
-0.20700786
-0.35355958
0.21878274
-0.48286656
-0.012644
0.18192478
0.038483266
0.026193129
-0.13096255
0.010895946
-0.070896834
-0.3404446
-0.18652794
-0.0025935774
0.33247063
-0.3345103
-0.2814602
-0.10892072
0.012259831
0.6232038
0.14733236
-0.03188899
-0.06554139
0.5885118
-0.087865956
-0.26992038
0.15378098
-0.22706975
0.22740611
0.10537564
-0.052062113
0.06618468
0.14112638
-0.04522541
0.09355202
-0.24606454
0.064742774
0.021961024
-0.51159066
-0.09196269
-0.2818468
0.0049738293
-0.14219843
0.14738356
0.29938814
0.26709658
0.26768738
-0.18821214
0.076004766
0.11716195
-0.13729075
-0.2904919
0.27407882
-0.25290874
-0.31802338
-0.030436857
-0.15826806
-0.45449233
-0.1270665
-0.19352126
-0.23480037
-0.09447956
-0.06023508
0.24943548
0.008044741
-0.08971229
-0.2059274
-0.008870324
-0.2720589
-0.19548924
0.25048506
-0.24893664
0.08634774
-0.015824497
0.33602262
0.29302448
0.35396773
-0.021166446
0.106877856
0.05714785
0.266795
0.06644584
0.051299006
0.19151221
0.1803497
0.13036622
-0.23782751
-0.13591939
-0.21875681
-0.2664597
-0.08140669
0.13972734
0.10626338
-0.18394715
0.16635981
-0.21989653
0.28504962
0.24812186
0.039752256
-0.07403519
0.31069028
0.37472847
-0.17777315
-0.43019092
0.09846306
0.24080214
-0.15340391
-0.02240835
-0.06691153
-1.5226035
0.2727018
-0.29949334
-0.26341105
0.21022195
0.22327037
0.2326754
0.24518608
0.17715232
0.06074401
-0.20411284
-0.10798137
-0.23219694
0.078833215
0.15922956
-0.0887117
-0.20824273
0.17160793
-0.1879148
-0.32904682
0.24466483
0.11446876
0.14187695
0.1008667
0.108212896
0.13252528
-0.2857488
-0.13583508
0.111774705
0.14641726
0.3280213
-0.32496977
0.05747184
-0.01010209
-0.029109925
0.32918945
0.18147142
0.29925492
0.23828205
0.12163979
0.32600626
0.19370233
-0.30215016
-0.06849287
-0.23678808
-0.03855362
0.0943141
-0.06314251
0.24169222
-0.304178
0.0046618483
-0.31222925
0.18004392
0.22044316
0.27314055
0.3837504
-0.18483078
-0.04984958
-0.3431257
-0.24167733
-0.37508738
0.12546319
-0.4649882
-0.030092135
0.12656987
-0.07942235
-0.059914123
-0.08907884
-0.2214666
0.25088516
0.23998486
0.17847914
0.26865813
-0.053895175
-0.18540896
-0.21349157
-0.11390711
-0.14863016
0.092902765
-0.15377744
0.15293317
0.48510078
-0.101227656
0.120577626
-0.059499826
-0.03580443
0.21839684
0.15273945
-0.03643199
0.12904425
0.2380191
0.0638072
-0.069250576
-0.076845676
0.101746194
-0.13103753
0.37254158
-0.06402905
0.05576085
0.047710564
-0.30359134
0.30431572
0.008704982
0.32116187
-0.12841465
-0.101196475
-0.1467171
-0.2029422
0.26420897
0.11508467
0.33740726
0.07587671
-0.26315275
0.03258008
-0.29019696
0.28801703
0.17103025
-0.19538309
-0.2966811
-0.053810023
-0.12463977
0.0044140085
0.12686948
0.18109651
0.045694422
0.2190625
0.3793373
0.0058559575
0.30947635
-0.26197636
0.34881938
-0.21102501
-0.20075569
0.2539146
0.124168
-0.007917935
0.14716405
0.15130547
0.07096387
-0.13020042
0.13690427
-0.064636216
0.037985045
-0.01101636
-0.26540437
0.24996634
0.29158002
0.24857932
-0.26127812
-0.08176708
-0.11322329
-0.2978018
-0.15458676
-0.294802
0.122319095
-0.24097675
0.4427573
0.34712303
-0.63648766
0.048221223
0.3254381
-0.37588492
0.04459671
-0.09211792
0.50978076
1.239039
-0.20524251
-0.21014695
0.36040524
0.10537381
-0.0708442
0.14767541
0.51769507
0.37028947
0.24561545
0.909965
-0.071005225
0.07484663
0.3233462
0.0046220156
0.15044305
-0.030107558
-0.027278984
-0.11555136
0.48783675
0.20093955
0.80807036
-0.25885758
0.17576419
-0.041309465
-0.17279741
-0.14305557
-0.2010745
0.15028805
0.105824195
-1.2337813
-0.23836336
0.3154071
0.06539981
-0.029612394
0.16193342
-0.5332607
0.33347028
-0.2963233
0.021865245
1.4095535
0.035303116
0.331316
0.39382383
-0.21440142
0.093799666
0.7609585
0.14562279
-0.9794365
-0.14756797
0.75105506
0.42951867
-0.32121834
0.35331815
-0.7530154
-0.10850896
-0.33962125
0.91994774
0.01841332
0.3433298
-1.3588281
0.04878967
-0.44633174
-0.26349357
-0.9699528
-0.26173803
0.5404015
-1.4921497
-0.056984566
-0.09742155
-0.25172034
0.9498063
-0.38323304
0.07902584
0.058598503
-0.046663318
-0.35679314
-0.59590733
-0.42961046
-0.10413199
-0.5925764
0.38620228
0.3710845
-0.7970282
0.32772222
0.9706934
0.19533862
0.16651756
0.7233634
-0.00551905
0.3851348
0.057193533
-0.594004
0.15099716
0.2813091
-0.23683618
0.14646044
-0.012634168
0.09214687
-0.7541193
0.27528027
0.05763611
-1.3281834
0.7350203
0.20091103
-0.5398358
-0.20791318
-0.32111636
0.03889036
0.10401846
-0.04838855
0.44775334
-0.035175055
-0.20506959
0.17470485
0.5582675
-0.32905912
0.46910718
-0.008961913
0.05113339
-0.04938505
-0.1341807
0.063877076
0.0015226165
0.0032938512
-0.029842759
0.421048
-0.59183234
0.017287634
0.030778581
0.15735388
-0.17790689
0.4484543
-0.22965345
0.05164365
-0.26905826
0.36302182
-0.10849309
-0.17296119
-0.108366825
0.09745929
-0.067732826
0.15493613
0.15403213
-0.12924217
0.2092099
-0.23062828
-0.25264996
0.15038691
-0.22877093
-0.32233018
-0.51556706
-0.26263815
0.20050791
0.06651632
0.113925114
0.06798319
0.023237057
0.18053122
0.15032384
0.039877962
0.30908835
-0.07274794
0.010569411
-1.1971565
-0.10015134
-0.12084875
0.20368786
-0.116009064
0.17754929
-0.0066366415
0.39055166
-0.25391304
0.25821668
-0.11621135
-0.14895275
-0.4437864
-0.022920456
-0.12981635
-0.029500837
0.1734479
-0.13337985
0.32102472
0.30848792
0.29583412
0.25754467
-0.23307273
-0.11083529
-0.0602145
0.17916955
0.10756701
0.0006739886
0.25930762
0.036952615
-1.9816417
0.29090557
0.059859373
-0.04111463
0.3030916
0.0677006
-0.07550771
-0.15439388
0.120484516
0.1649348
0.07767157
0.112365834
0.027494775
-0.28981593
-0.040187836
-0.1099989
-0.048957117
-0.6622977
-0.5031856
-0.39462042
0.041186605
0.67481464
0.26392978
0.08415085
0.15904388
-0.3284954
-0.60337335
0.04806372
0.06093345
-0.042251375
-0.041516934
-0.10450624
0.11459305
0.15465838
0.34213102
-0.075930335
0.11482751
0.30407107
-0.34914228
-0.010398215
-0.096818335
-0.47627968
0.39972508
-0.41591188
0.30636698
-0.24341328
-0.28954804
-0.31199947
-0.11555171
-0.007649781
-0.044763383
-0.11801928
-0.13045095
-0.21536836
-0.34477574
-0.06283946
0.7629807
-0.31150398
-0.18710698
0.27730533
0.11508682
0.106747225
-0.053564973
-0.3611929
0.16106898
-0.23618717
0.20903213
-0.39407784
-0.25911418
-0.32120672
0.16468969
0.123941466
-0.2616402
-0.013315621
-0.16343917
-0.1993074
-0.09925835
-0.4992354
-0.17872089
-0.38222992
0.0020598704
0.021993525
-0.0718458
0.16609672
0.032351844
-0.0371898
0.03380014
-0.08708075
-0.01788551
0.45381987
-1.3099672
-0.26382488
-0.06507237
-0.16737315
-0.15426408
-0.120810434
-0.11116554
-0.18301468
-0.6505132
-0.01769619
0.35010242
-0.17393585
0.30208024
0.07222511
0.0808529
0.53284997
-0.011303953
0.118535094
-0.10551007
0.21179648
0.16516943
0.031699147
-0.011047316
0.0037572572
-0.07497064
0.06608802
-0.06786677
-0.28460562
0.1941789
-0.10170358
0.01925693
0.17155297
0.0049422956
0.11728923
0.073650345
0.017274441
-0.1349008
0.041153282
0.0708941
0.1063638
-0.2473477
-0.39251694
-0.03257012
0.13223542
0.12451281
-0.054564502
0.12624851
0.12127283
0.18938793
-0.23811746
0.44403258
-0.03828477
0.015328094
0.05511053
-0.35637364
0.14208339
-0.45195258
-0.06694544
0.06210859
0.19359188
-0.043880448
-0.0065687736
-0.07724447
0.17078751
-0.67527115
0.10106063
0.18294592
-0.013874051
-0.051615134
-0.24589275
0.24633811
-0.3207041
0.22488432
0.25621408
0.17304465
-0.066573404
-0.11204164
-0.2745431
-0.112445384
-0.17951533
-0.036453713
0.09089896
-0.24261516
0.25841305
-0.098064706
-0.0135964295
0.308889
0.07337731
0.12916265
-0.18303536
0.22338334
0.3357096
0.010119163
-0.0038490773
0.11498047
-0.16554052
-0.39919767
-0.22204328
-0.2670405
-0.40586296
0.32008243
0.055997137
0.0053309333
0.31304902
0.033553347
-0.3749909
-0.0091714505
0.008220809
-0.10742627
0.11819236
-0.007687122
0.27779272
-0.007733022
-0.19917297
-0.08499533
0.06322981
0.08813296
0.14179397
-0.11834269
0.26497835
-0.40285182
-0.43790016
-0.24087125
0.10244482
-0.0035771471
0.03693822
-0.29880998
0.021888152
0.17865708
0.36759663
-0.14024688
0.12224418
-0.09602834
-0.08212682
-0.3388187
-0.151673
-0.25101572
-0.16026647
0.0826201
-0.22795731
0.066350155
-0.20000802
-0.17308737
-0.017922416
-0.042720795
0.14532799
-0.24054062
-0.02407553
-0.26987165
0.056269433
0.132032
0.5669507
0.21678135
0.19029433
0.34678578
0.15271765
0.01576948
0.14487869
-0.25799233
-0.27704284
0.24383888
-0.26836628
0.019154284
-0.0165748
-0.32741517
-0.04282821
-0.022339793
0.4088155
0.0971725
-0.18627092
-0.025017643
-0.2851709
-0.18622993
-0.07750579
0.24582036
-0.23244044
0.13205008
0.2880493
0.38367566
-0.03999461
0.10596384
0.3170497
-0.30308208
-0.09728241
0.238942
0.1535285
0.29964292
-0.17676282
-0.12339128
-0.2898536
-0.1294587
-0.23591061
0.23752286
-0.06342042
0.27923056
-0.3911783
-0.14858188
-0.10160323
-0.24984768
0.27056536
-0.02513944
0.31900793
-0.12973641
0.059206817
-0.19236162
-0.079720944
-0.2186719
-0.14798199
-0.052715886
-0.16929339
0.2749479
0.22752298
-0.36221424
-0.049092755
0.33651733
-0.19890958
-0.22252546
-0.28273612
-0.18245406
0.10432988
0.052273065
0.23029326
0.28893885
-0.117742814
-0.14967681
0.06359578
0.24331838
0.03148621
0.013022959
0.18279749
0.385197
-0.31913716
0.066133976
0.06068856
-0.05477287
-0.120172426
-0.11346871
-0.2816327
0.2976028
-0.032991745
0.28101298
0.30169284
0.0033665735
0.25155383
0.08310383
0.19694756
-0.02543981
0.26986456
-0.02691434
-0.048407733
0.12963095
-0.29249293
0.0071029295
0.026683114
-0.09882183
-0.04311926
0.01265433
0.10946492
-0.051719427
0.017287271
0.24584419
0.16433737
0.05215875
-0.052184887
-0.060436502
0.23360682
-0.20137648
-0.32471988
0.12559219
-0.051715665
0.040737234
0.17221484
0.26259845
0.21376614
-0.23346652
-0.120647654
-0.06857658
-0.20339356
-0.0806789
0.17885938
0.39467242
0.34270293
0.07989346
0.25696763
0.38619003
0.10378486
0.022998791
0.29291096
-0.08780791
0.24324729
0.12953506
-0.2508408
-0.08056354
0.13209023
-0.18110788
-0.22567865
-0.34410903
-0.036040694
0.08028073
0.13853168
-0.3618887
0.027749576
-0.21951295
-0.07939097
-0.08863802
0.026109261
0.0615294
0.0894448
-0.04042866
0.05674058
-0.028571697
0.03244955
0.013435003
-0.08164114
-0.058751736
-0.059984203
-0.11394998
-0.0147356335
0.0
0.113060944
-0.0012603883
0.08581811
-0.066354126
0.031853482
0.035638727
-0.08128056
0.06996981
0.0
0.012805489
-0.02707792
0.11013305
-0.06423838
-0.03880102
-0.13643989
0.075214
0.028770288
0.010330845
-0.036109302
-0.019279642
0.010441213
0.07585655
0.05131093
0.06981974
-0.06235348
-0.039677333
-0.07549578
-0.09082889
-0.22502713
0.0
-0.096027985
0.11755057
-0.03171156
0.0615766
0.04228786
-0.062633656
-0.107471764
-0.033127967
0.0
0.023029067
0.03282333
-0.08389212
-0.14156656
-0.08021888
-0.027752733
0.08003822
-0.07782175
-0.06499662
0.03169756
-0.062145237
-0.022249294
-0.07439022
-0.060468685
-0.029861754
-0.078176364
0.029724311
0.037111104
-0.06701505
-0.011050491
0.12331013
-0.034469828
0.061862983
0.07444919
-0.031713936
-0.04548015
0.15774283
-0.30685478
0.0
-0.064685985
-0.0018173646
-0.12328998
-0.11924616
-0.09183011
-0.03257197
-0.014645189
0.046741426
-0.061195478
-0.053987302
0.085521966
0.039883282
-0.049003642
0.060744666
0.007893369
-0.3762708
-0.010894895
0.06137353
-0.019907702
0.008874658
-0.011647613
-0.15826458
0.026431363
0.117666304
0.028499985
-0.056575645
0.0070093116
-0.044178892
-0.040346023
-0.015818847
-0.0160059
-0.033553656
-0.070475556
-0.15328076
-0.20821367
-0.10263128
0.0
0.17394546
0.23862293
0.040400386
0.28255248
-0.058422245
0.046230987
0.061671335
0.092011064
0.08235961
-0.1420433
-0.042342193
-0.08489972
-0.21192345
0.07474121
-0.0033619106
0.05224466
0.0700244
-0.17287575
-0.04783
0.09791117
0.060147148
-0.16340838
0.11927202
0.15718302
0.031389304
-0.051468045
0.078345254
-0.06473372
0.2396151
0.107214056
0.05486131
0.045355596
-0.2718655
-0.0701647
0.09347405
0.052096482
-0.20337088
0.06138302
0.06619956
-0.07303098
-0.032394376
0.020371078
0.37031502
-0.42405006
-0.13442338
0.084333576
-0.22486539
0.03495624
-0.28038117
0.10214249
-0.22046164
-0.27279156
0.19205086
-0.14280482
0.10386257
0.05520897
-0.16096662
0.17908706
-0.054838073
-0.07030347
-0.28095022
-0.15273567
-0.11709776
0.1624056
-0.2194201
-0.15447327
-0.091914296
0.14275528
0.049528573
-0.16115929
0.044657867
-0.05137787
0.15256158
0.03683759
0.113524236
-0.08657068
0.076135606
0.10594096
0.044635244
-0.12845422
-0.2450011
-0.42467695
0.14462414
-0.10393123
-0.11230197
0.19215001
0.35526064
0.21731642
0.02564876
0.040921986
-0.086421296
-0.09289773
-0.07777482
0.12546416
0.18569809
-0.06902388
0.21932478
-0.07871304
0.9794813
-0.0878052
0.07813442
-0.15151824
-0.068853244
-0.06754692
0.2222726
-0.048892528
0.30922383
0.06520589
-0.057966866
0.055270437
0.00096195255
0.057155795
-0.06370604
-0.024288453
0.08064837
-0.14509207
-0.102378234
-0.248385
0.18334849
0.007129416
-0.009197549
