49
2
80
1
relu
line
1
0
0.009097348
-0.028007984
0.071326435
0.10344768
-0.17272873
-0.026060544
0.11842557
-0.05495227
-0.318346
0.22212335
-0.048892524
-0.008963301
-0.002195686
0.032515753
0.28750783
0.087716244
-0.09049119
-0.12062691
-0.32371232
0.09087297
-0.057282448
0.12366997
-0.10073158
-0.03440526
-0.14937317
-0.035859983
0.008030981
0.12582707
0.07427605
-0.06798171
0.18654718
0.10682403
0.20294425
-0.28039193
0.0984523
0.23705032
0.020227723
-0.0062446166
0.1807935
-0.08969232
0.29862443
-0.051459484
0.19127837
-0.059165925
0.08320287
0.3355961
0.29767987
-0.04381845
0.06387442
0.26190314
-0.09118128
0.00423017
-0.14792843
-0.056277066
0.107063085
-0.0144553315
0.13380298
0.04826553
0.30989358
-0.24318805
-0.13655934
-0.12837712
0.34631643
0.12433401
0.108967096
0.005317162
0.16172226
0.010491828
-0.07365674
-0.04232313
0.2627947
0.19738987
-0.13573104
-0.05603132
-0.08540878
0.15819918
0.09207527
0.13694932
-0.26403192
0.16142312
0.1619089
-0.027238403
-0.18995833
-0.2718968
0.078772366
0.065318994
0.29862794
-0.032416243
-0.18274783
0.03881982
0.11407085
-0.043077532
-0.07496065
-0.016181199
0.040357716
-0.09100859
-0.10446218
0.26841387
0.18015787
-0.0069184816
-0.18714595
-0.31218943
-0.28511655
0.029499292
0.3807574
0.1758289
0.11892536
0.078810506
0.10846143
0.1667275
0.16442382
0.055902615
0.1438913
0.037982702
0.10154608
-0.06319463
-0.22988366
-0.14054795
0.120583616
-0.019079993
0.10230562
-0.3471783
-0.22531408
-0.2649361
0.011198644
0.28972784
0.19121799
-0.31238076
-0.13829903
-0.1394663
-0.18400425
0.033246864
0.12734261
0.24507518
0.004812598
0.21556343
-0.101147786
-0.25253502
-0.65813166
-0.17018089
0.3836588
0.19487081
-0.33471608
-0.092912674
0.10667497
0.06205373
0.12995142
0.1465124
-0.025193749
-0.2740452
-0.13924336
-0.23500639
0.08315415
-0.16553634
0.1067082
-0.02028848
0.008702735
-0.27089736
-0.34172446
-0.12373934
-0.250294
0.11282208
0.066004515
0.16366853
0.08518532
-0.18645442
0.08799453
-0.28190222
0.016221792
-0.13773622
-0.008306497
0.1003994
-0.24413598
0.11276034
0.21600346
-0.080847
-0.18729448
-0.11543828
0.30381724
-0.17633463
0.21310726
-0.5426357
0.15672785
-0.28373417
-0.32297966
-0.045542862
0.2362254
0.17003381
-0.02539891
-0.339943
0.43419948
-0.0035181849
0.32746717
0.15971068
-0.23163328
0.10233739
0.21633592
-0.11546004
-0.17246763
0.16034873
0.27401295
-0.14776595
-0.5953589
-0.34789175
-0.06655944
-1.0355219
-0.2265985
-0.2711043
0.11449444
0.03245995
-0.35811728
0.27721474
-0.014105856
-0.39743337
0.18509737
-0.20670147
-0.037774306
0.31738964
-0.13245276
-0.32226562
-0.17702426
0.21848588
-0.16726008
-0.13472477
0.21744157
0.35571736
0.1610827
0.24590184
-0.0052526044
0.14258392
0.005753696
0.07488057
0.07553738
0.17912883
-0.10267263
0.18366605
-0.050663177
-0.009714714
0.12287072
0.21002442
0.25813913
-0.16586389
-0.4498784
0.32597288
-0.12669538
0.019622244
0.043366134
-0.090455435
-0.2991996
-0.24423543
-0.26173225
0.13197315
0.051639706
0.059044905
0.20760699
0.32042235
-0.17521225
0.084189326
-0.13710508
0.037685197
0.11122012
-0.13939807
-0.22197814
-0.049689054
-0.31402576
0.15410654
0.29893354
0.3239164
-0.3227989
-0.20924906
0.070272826
-0.1574014
0.10142729
-0.07821131
-0.24940711
-0.26194492
0.28933516
-0.17495173
-0.07689921
-0.059367537
0.05219835
0.22060615
-0.074997
0.1812742
-0.0738108
-0.03451992
0.24869034
-0.020161679
-0.07959622
0.29397503
-0.16265376
0.09425032
-0.3143475
0.28916222
-0.30256212
-0.010595271
-0.16312328
0.21331626
-0.13578972
-0.24056298
-0.025807297
-0.2117863
0.030398756
0.22256586
-0.0038884345
-0.08646074
0.020408116
-0.21784955
-0.23855625
0.18405017
-0.2416558
-0.33046284
-0.16022739
-0.23568907
0.1085401
-0.062438585
-0.115632094
-0.035629522
0.059552692
0.38170746
0.041002996
-0.21082665
0.2188404
0.27342582
0.13210383
0.06648334
-0.1968674
0.13625921
0.18272856
0.25654182
-0.110714
0.10272868
0.2689382
-0.12156243
-0.20856202
0.13878186
0.07886709
-0.30555892
0.27019605
0.1985063
0.11890501
0.14178401
0.15178336
0.32587972
0.26631895
-0.16321814
0.10071248
0.07825384
0.25236264
-0.12198919
-0.36111197
0.005086727
-0.2786611
-0.12136325
0.32190832
0.12592077
-0.34395635
0.116028525
-0.026162066
-0.325625
0.28232357
-0.31319112
-0.028647216
-0.26307386
0.3179365
-0.035879176
-0.04851263
-0.12934822
-0.1993493
-0.15098546
0.046819113
-0.17399643
-0.23551515
-0.2770973
-0.06257829
0.17919871
-0.36295798
0.029046392
-0.11784411
-0.22815827
0.18962419
-0.07368996
-0.20179245
-0.26638812
-0.29810935
-0.08003259
-0.00615152
0.058550604
-0.526265
0.21339859
-0.027535617
-0.016645372
-0.042169437
-0.003372526
0.1636465
-0.00908485
-0.28861862
-0.021659482
-0.19850685
0.16524395
0.23995261
-0.1173739
-0.19763672
-0.110301636
-0.20758751
0.3273175
-0.21096665
0.10235366
-0.044377446
0.12254438
0.12709542
0.18344614
0.0074209273
0.108352154
-0.19196613
-0.30433455
0.113620006
-0.068663836
-0.13077398
-0.075555034
-0.13646
0.20595929
0.029698463
0.03907737
-0.3024172
0.13006262
-0.20760478
-0.28805777
-0.28303772
-0.34821928
-0.23819736
0.2071537
0.0141150355
-0.27555153
0.17173836
0.06887704
-0.10341954
0.17036991
-0.036750697
-0.19663166
0.23296556
0.22958177
0.13809702
0.075829655
0.2764596
0.020160764
-0.29912692
0.015009376
-0.12636653
0.16408956
0.30676946
0.264352
0.067120075
-0.36736587
-0.076688394
0.08197958
-0.32238442
0.26367912
-0.12151361
-0.13588037
-0.11788885
0.11752523
-0.1433383
0.07153529
-0.056140374
0.14936276
-0.12697048
-0.3022973
-0.36963344
0.059131134
0.09491038
-0.16456841
0.16055211
0.12644315
0.16090685
0.34193438
0.1210402
-0.18864663
0.16625239
0.06473928
0.006133284
0.01622095
-0.33553937
0.011979979
-0.3115406
-0.09479768
-0.19372687
0.16510959
0.11849931
-0.24796145
0.065302566
-0.069900274
0.06686753
0.29239663
0.09501824
0.016383588
0.18623628
-0.27960277
-0.11605474
0.18560444
0.2173318
0.1603395
-0.0060120774
-0.20546582
0.03970547
-0.051374707
-0.28312892
0.15583205
-0.0039402656
0.044246875
-0.17314798
-0.30962443
0.11760101
0.24708709
-0.19462496
-0.026528634
0.21622346
-0.21487872
-0.04317148
-0.17996185
-0.1673866
-0.08000029
0.22264023
0.12139848
-0.089048855
-0.03748333
-0.08006233
0.32137397
-0.48108557
-0.06658955
0.16549453
-0.038341124
-0.025052428
-0.0435397
-0.24920538
0.24954116
0.2320122
-0.11092822
-0.1841349
-0.12562545
-0.25579318
-0.23317416
0.29653364
-0.040815115
0.047352914
0.135964
0.2507482
0.014239785
-0.0903187
-0.22388206
-0.18965884
-0.02637556
-0.36428916
0.04981174
-0.2460009
-0.14232874
-0.22109903
0.05693924
0.11609424
-0.69763446
-0.29785022
-0.27049565
-0.112611964
0.1321046
0.15037867
-0.17223099
-0.008655012
0.09753433
0.22847155
-0.26959378
-0.1984118
-0.02874291
-0.17970783
-0.13531427
-0.34763888
0.15044138
0.28964677
-0.18523818
0.2991341
-0.3269997
0.09493023
-0.33714992
0.043999612
-0.07146329
-0.34073412
0.036435485
0.10154125
-0.26048175
0.13216984
0.15808865
-0.19465248
-0.25396985
0.3149034
0.15342799
0.28083125
0.11107069
-0.08025205
0.021543235
-0.036877006
-0.2555791
-0.20998727
-0.06320158
0.14449573
0.13057083
0.29068926
-0.1969226
-0.14640976
0.010855377
-0.117135495
0.33706835
-0.32668534
0.18705526
0.22974864
0.04021901
-0.11900698
-0.06422299
-0.27397206
0.08040598
0.28069797
0.32603982
0.31871137
-0.013253629
-0.28894415
0.2625409
-0.32387453
0.2521781
-0.2274836
-0.04890439
-0.19640976
0.014721721
-0.0085167885
-0.065226555
-0.1738536
-0.30597496
0.13079533
0.33083436
-0.18458368
0.34509972
0.2685025
0.32959256
0.35271356
0.25013235
-0.31174892
0.26162302
0.2780867
-0.2919417
-0.4012204
0.32429412
-0.12351382
0.32446155
0.22664064
-0.14076467
0.33100513
0.06852859
-0.24550633
0.029345946
-0.3313737
-0.11078729
-0.14750668
0.23552002
0.04538995
-0.35385552
-0.2172175
-0.16826318
0.04633692
-0.043977886
-0.2808361
0.2440062
-0.085317865
0.03720557
-0.021959204
-0.08594919
-0.31543407
0.07707459
0.12223852
-0.24352802
0.15283386
-0.2589291
0.2889001
-0.18536766
-0.1824076
-0.096413456
-0.22570981
-0.2654825
0.24314
-0.057073355
-0.26917264
0.25024906
0.012379199
-0.22741112
0.3267133
0.3353515
0.20849821
0.34713665
-0.08373788
-0.1824111
0.1420881
-0.24410234
0.18593815
-0.054397553
0.13577347
-0.15982611
0.2981685
-0.14079824
-0.22809473
0.24334078
-0.3318259
0.14318188
-0.15507403
-0.06566275
-0.20814382
-0.20249024
0.24242234
0.3540662
0.19586556
-0.21750844
-0.12053721
0.061960727
0.27035418
-0.12913734
0.14661
-0.2653515
-0.054508206
-0.1543365
-0.10116507
0.14428659
-0.3508683
-0.08354397
0.19575861
-0.3056113
-0.45358285
-0.19261909
-0.122519925
0.1397328
0.24634317
-0.10410932
0.04142827
0.18474671
-0.09164056
-0.15217409
-0.07530898
0.31279945
0.09307432
0.011404753
0.3007907
0.30184224
-0.21766925
-0.12143042
0.05913218
0.35074365
-0.23373653
0.19799717
-0.12134206
-0.0972586
-0.12170215
-0.12121892
-0.017557872
-0.4914991
0.13756369
-0.16865893
-0.33758393
0.0166945
-0.17865595
-0.28489
-0.41375333
-0.06308985
-0.09108207
-0.014731238
0.09186521
0.0017374989
0.010974282
0.21142168
0.3480188
-0.043193955
-0.34740505
-0.2763903
0.17091142
0.03994934
-0.09138496
0.37950134
-0.11878269
-0.10398618
0.09808643
0.11118725
-0.08759439
0.045775082
-0.31086192
0.14679022
-0.6394616
-0.15333489
0.2078242
-0.33074075
-0.34334823
-0.15010129
0.43240884
0.17423901
-0.042052787
-0.0063291807
0.56551623
0.085417226
0.044365857
0.06988499
0.26330367
-0.0146912895
0.19209656
-0.11521978
-0.077697314
-0.04600052
-0.23781547
0.10627735
-0.3844567
-0.103469275
-0.16891977
-0.15092862
0.070219934
-0.27280393
0.3407328
-0.022472471
-0.15713634
-0.38068196
-0.12380706
0.029493183
0.12714146
-0.18251137
-0.0045001972
-0.008346582
-0.104917884
-0.26691523
-0.36738372
0.2375661
0.1728494
0.31189904
0.13199854
0.114429295
0.08729315
0.10448519
-0.24502169
-0.017232656
-0.15605704
-0.14015986
0.26350042
0.37581766
0.079846784
0.21617505
-0.10191823
0.10173684
0.005049403
-0.0673229
0.44404167
0.08668961
0.23005268
0.1319247
-0.18657805
0.08637674
0.13972425
0.080147155
0.18996431
-0.480403
0.35464478
0.44185948
-0.19922855
0.14765319
-0.03589679
-0.18003896
-0.08669132
-0.44932288
0.066335045
0.08787624
-0.2278993
0.03869867
-0.106861696
-0.22694165
-0.2271223
0.34364018
0.002316989
0.04091862
-0.17096516
0.03815393
-0.26805982
0.028016172
0.00070396555
0.0030990539
0.40389657
-0.24082343
0.049392223
-0.08135063
0.2310915
0.18731807
-0.15868211
0.11760837
0.23871125
-0.2692258
-0.12132363
0.0120840175
0.073391676
-0.05794483
0.16788217
0.33070996
-0.34873232
-0.3856845
0.02137053
-0.24022678
0.31822616
0.28738138
0.27956516
-0.031818226
-0.105326936
-0.40140444
0.17207918
0.023385094
-0.07799374
0.3016827
0.084826976
-0.094401896
-0.33607712
-0.20279802
-0.1952697
-0.100586265
-0.19634593
-0.0044152085
-0.27820474
0.031202057
0.23258066
-0.13115057
-0.09030785
-0.15369342
-0.14281951
-0.22142527
0.21224523
-0.51820993
0.022500847
-0.002793516
0.22151783
0.2842323
-0.15070502
-0.34298557
-0.06659748
-0.25561184
-0.031576056
0.44585595
0.5218917
0.0977416
-0.28363988
0.23722067
-0.121409014
0.22383247
-0.27797943
0.42653015
0.010673709
-0.19137038
0.057521373
-0.2850546
0.27767563
0.41288692
0.106402695
0.014579649
0.1848719
0.023248037
-0.20947818
-0.43299413
-0.2779366
-0.19370767
0.12959602
0.26484844
-0.18303123
-0.066703245
-0.018614609
0.15779282
-0.1821462
0.15660664
0.07429296
-0.27922553
0.04439789
-0.20661974
0.1277517
0.21471426
-0.124399275
-0.16220681
-0.14396279
0.07065213
-0.0011877716
-0.18354024
-0.026264152
-0.22379345
0.27621135
-0.16249749
-0.014918953
-0.14810649
-0.26624614
0.25504383
-0.26373437
0.22028592
-0.25600702
-0.28012335
-0.24534936
-0.3584074
-0.11142682
0.26070383
-0.059019517
-0.3664163
0.0579679
-0.19421938
-0.056918953
-0.27653176
-0.12256341
-0.12783206
-0.25815827
0.2551961
0.26222965
0.120638505
-0.18039401
0.11843756
-0.13475731
-0.24543317
0.16579565
-0.22630551
-0.2627866
0.012529361
-0.19321156
-0.4299782
-0.032480303
-0.09771754
-0.013906832
-0.19618791
0.144786
0.06127506
-0.2772825
0.37845683
0.060709607
0.011086965
-0.26170295
0.21550107
0.31082225
-0.03814767
0.06221528
0.13090307
-0.13207836
0.38241878
-0.30881482
0.13048339
0.20155829
-0.035912495
-0.036632072
-0.08140401
0.34805188
0.28318045
0.16060674
0.2371856
0.29096207
-0.026422918
-0.054437075
0.2955266
-0.010589421
-0.030671904
0.09431127
0.2649249
0.119643345
-0.20227449
-0.27909142
-0.020844188
0.061278343
0.06936654
0.010282983
-0.10010351
-0.25744158
0.17040537
0.03840968
0.30375358
0.31813043
0.17546888
0.27750698
-0.105515845
-0.202864
-0.29565263
0.341862
-0.22414657
-0.26192546
-0.0737714
-0.027393894
-0.04513353
0.019742757
-0.29405177
0.055041682
0.29703453
-0.024400113
-0.06789151
-0.15122768
-0.17101927
-0.29642436
-0.34014818
0.22239582
0.06921605
0.24757352
-0.030206805
0.03781418
-0.017643275
-0.20811303
0.1991597
0.17234686
0.20911318
0.025704764
0.073710985
0.12834483
-0.27782708
0.05959077
-0.13533778
0.5296053
0.23886773
0.2774473
0.090845555
-0.123400435
0.28615692
0.059439406
-0.24422976
-0.008032699
0.124446064
0.2085458
-0.13879214
-0.16267513
-0.37992844
0.258912
-0.1865788
-0.30824214
0.071852
-0.23867145
-0.0080759525
-0.05881986
0.23466799
-0.22426257
0.07290721
-0.22239667
-0.22100583
0.12960523
-0.11019009
0.28293207
-0.24787259
0.07862145
0.27960655
0.32354072
0.17717358
0.14001852
0.29200837
-0.108211905
0.27716258
0.21138313
-0.06879714
0.20279565
-0.25205323
0.32443324
0.0055294335
-0.1036727
0.08531162
-0.13252491
-0.08078766
-0.005079925
-0.081041634
0.3154777
-0.196763
0.17941514
-0.11328457
-0.17940673
-0.33212456
-0.12179467
0.123379916
0.2872071
0.15224478
0.23127672
0.26789322
0.2702413
-0.15191542
-0.016846746
-0.29472595
-0.22087051
0.32792273
-0.009089261
-0.17267041
0.2959375
0.032914966
-0.04156974
-0.27192354
-0.18357836
0.16806296
-0.011186838
0.26732484
-0.34242907
0.14160976
-0.2703604
-0.26146927
0.19760004
0.24486205
0.31897148
-0.29051304
-0.23302738
-0.013216436
-0.31314236
-0.3153565
0.21955773
0.2599459
-0.15475126
-0.2685802
0.043269187
-0.19661516
0.2102361
-0.0588907
0.19396636
-0.16589096
0.2366471
-0.020504802
-0.34686667
-0.14673865
-0.2736737
0.25881013
0.12996957
-0.12278506
-0.11514486
-0.07669547
-0.28074333
0.05023685
0.23203376
0.07003057
-0.0362055
0.02017057
-0.3261432
0.15125665
0.18641534
-0.29559848
0.015868396
-0.2376501
0.29851118
0.18546411
-0.07780442
0.2788833
0.04534349
0.15139744
0.003725022
0.096218735
-0.31028584
0.08564791
-0.27232108
-0.08398977
-0.034222364
-0.032759696
-0.052806795
0.13372988
0.13494718
0.05891165
-0.1615811
0.21360281
0.18876114
0.26951554
0.3334792
-0.32846037
0.21279892
0.17314532
0.34695575
-0.30045497
-0.24432693
-0.12455976
0.07627815
0.31308177
-0.026201844
-0.11864823
-0.2766345
-0.323053
0.15448263
0.16296718
0.02439943
-0.29731503
-0.31446487
-0.022092462
0.024886996
0.16238543
0.2591366
-0.0940671
-0.28230628
0.34388444
0.14850149
-0.018799573
0.21660653
0.2856069
-0.20522204
0.33958966
0.18431053
0.0794649
0.15799275
0.3196332
0.13895933
-0.07670012
-0.101707935
-0.28621095
0.27307528
0.35811496
-0.22266415
-0.39578855
0.18488744
0.08100759
0.29822505
-0.2054211
0.15044722
0.39586198
-0.026020378
-0.027661122
-0.09960032
0.027926475
-0.21124391
-0.07896376
-0.19196415
0.11348164
0.11311918
0.13302942
-0.019466305
0.31608295
-0.12592016
0.21349236
-0.18475905
0.11656818
-0.14905
0.105844826
-0.29870862
-0.08422025
-0.3106797
-0.143714
-0.11820404
0.058110565
0.1918502
-0.34024724
-0.27903605
0.14030415
0.08290094
0.07850578
-0.1518754
0.064798735
-0.10206886
0.008896759
0.018264383
-0.19390771
-0.20452732
-0.18199757
-0.1439792
0.08589534
-0.608776
0.07253642
-0.3102085
-0.28023976
-0.1454379
-0.031080695
0.3755927
-0.159236
-0.076444
0.19200838
0.20378605
0.030231953
-0.0061544064
-0.3110631
0.10491051
0.050633404
0.3219292
-0.26491404
-0.11608016
0.280897
0.02055106
-0.4802247
0.053203028
0.025577968
-0.026837975
-0.18271357
-0.0426139
0.24485548
0.2982308
0.120400816
-0.030847237
-0.03478719
-0.17050968
-0.23397978
0.1352249
-0.22155514
0.14972109
0.32908633
-0.24373718
0.09885775
0.22887668
0.19938973
-0.0040423856
-0.2791274
-0.08770457
-0.054328796
-0.25381768
0.27412477
-0.28529114
-0.23821941
-0.2691524
0.10461096
-0.057010442
-0.1982668
-0.09534848
-0.34843677
-0.13704678
0.20508532
-0.5318751
0.4716298
-0.32550865
0.0998361
0.23587383
-0.33740807
0.32099533
-0.6473576
0.13324185
-0.34648755
-0.09198746
0.10841508
0.020825643
0.15413202
-0.1747327
-0.13386425
0.26186156
-0.09741721
0.09269763
-0.3555359
-0.11522731
0.10106452
-0.16182795
0.062486697
-0.2630633
-0.17748877
0.17136276
-0.3466135
0.28526884
0.06326228
0.07462738
0.07730004
0.18637499
-0.23498955
-0.17728652
0.24868703
-0.33531493
0.30174252
0.24804124
-0.078548834
0.1187968
-0.08448543
0.012586597
-0.27560538
-0.2059369
-0.061111186
-0.19996725
-0.17572828
-0.031227829
-0.06289977
-0.15695596
-0.28564864
-0.15507722
0.13969508
0.21067044
0.03867299
-0.23388784
0.3377777
0.28501618
0.19044492
0.14049438
-0.113011956
-0.3481302
-0.31850767
0.00042945263
-0.26328027
0.2828004
-0.025494453
0.25707224
0.113697484
-0.17963178
0.06285741
-0.06417297
-0.24216235
-0.18862031
0.26788172
-0.09718934
0.32013613
0.09104172
0.05018673
0.30261925
0.2228411
0.32359305
0.31202328
-0.043544862
-0.21683395
-0.08056847
-0.009132391
-0.46418267
-0.23620228
-0.03146551
0.33955005
0.08205082
-0.116613835
-0.311457
0.24207847
0.26735345
0.31292883
0.31079566
-0.13927317
0.3623272
-0.054106776
0.12829828
-0.2972029
0.14913075
-0.1609845
0.23140055
0.17803004
-0.42394066
0.23740534
0.30114233
-0.14540662
-0.05355206
-0.12338704
0.118023574
0.26563355
0.13714269
0.20741811
0.3122902
0.15704045
-0.32786027
0.32904908
0.32043526
-0.13585992
-0.22145633
-0.26893017
-0.13250513
0.02370186
0.315707
-0.3049722
0.22427383
0.09595251
-0.09584288
-0.0011244033
0.015442729
-0.27747074
0.0118890265
-0.20528947
-0.04492143
-0.19731763
-0.29798922
-0.12306626
0.03052929
-0.16383018
0.3204761
0.22050753
-0.24203494
0.32241815
-0.2965147
-0.34709248
-0.32478115
0.2775392
0.34141588
-0.17308415
-0.0070147216
0.1340344
-0.14439411
-0.18655606
-0.32091177
0.37667626
-0.08308525
-0.052136727
-0.27199036
0.14467941
-0.33085278
-0.12388608
-0.30915698
0.34721002
-0.0057701548
0.06933076
0.4023129
-0.032330915
-0.09016324
0.3808159
-0.11211881
0.2279589
-0.23440695
0.21518625
0.21087278
0.25618845
0.10806869
-0.27578765
0.1777215
-0.061138302
0.17004551
-0.07788658
-0.06676329
0.3387296
0.29994395
0.30863652
-0.012044664
0.34747988
0.07440001
-0.14365603
0.31266835
0.13535488
0.218945
-0.15990324
-0.22445509
0.30555853
-0.100941196
0.020957956
0.08589256
-0.33358577
-0.2710743
0.013947891
0.08607674
-0.35825944
-0.0024077191
-0.20247848
-0.34000203
-0.30616394
-0.1680166
-0.12438241
-0.34152704
0.035046626
0.026829788
0.07975025
-0.03721337
0.24987534
0.19764766
0.12531133
0.24029413
0.40938595
0.22071506
-0.21976966
0.09167266
0.19335651
-0.23444784
0.19260795
0.30655786
0.101255156
-0.13506268
-0.018239977
-0.12912859
-0.21666425
0.2444596
0.3292161
0.09414249
-0.19162029
0.1711911
-0.20285489
-0.25987795
0.13545994
-0.16093087
-0.15180604
0.4021075
-0.14565594
0.26042023
0.2161135
-0.15460081
-0.0011149391
-0.029260518
0.062390104
-0.27423126
0.03745606
-0.31025222
-0.25101066
0.24634326
-0.11129414
0.09870562
0.18772441
0.21244355
0.16245331
-0.32324868
0.21522436
0.26146436
0.02435074
-0.18944526
-0.14028177
-0.18357053
-0.32628056
0.27897874
0.24889497
-0.029512946
0.20758373
0.11882404
-0.2779788
0.14060208
0.14671968
-0.096216716
0.047516767
-0.05488643
0.29920092
0.2777519
-0.29902607
-0.1877358
0.22095653
0.33538255
0.12531814
0.13772446
-0.095614016
0.23446313
0.014553696
-0.34765148
0.025056273
-0.27513623
-0.08613932
0.023023695
0.19658777
0.12454417
0.030716777
0.25217208
-0.034153372
0.116136014
-0.08721095
-0.275537
0.05725506
0.33316955
-0.06718254
0.22690466
-0.033504546
-0.17053263
-0.20673904
0.27634838
0.26693645
-0.08023536
-0.24290732
0.13725293
0.03284228
-0.01582408
-0.21391594
-0.30892652
-0.19157921
0.194294
-0.028036118
0.11447367
-0.3053152
0.30745748
-0.31085724
0.26986936
-0.26966769
0.06049463
-0.12081888
0.08701882
-0.12244809
-0.1551961
0.232236
-0.058419406
0.17873606
0.15317813
0.29665008
0.28777096
0.1647776
0.15639791
0.077542365
0.304108
0.039713264
0.024454147
-0.33306205
-0.1933419
-0.10649827
-0.04052487
-0.05162552
-0.1765296
0.34564343
-0.27000535
0.1506029
-0.118897766
0.2808132
0.068883
0.2575412
0.58514446
-0.0014142313
-0.19164543
-0.090935245
-0.1878747
0.09839403
0.039204706
0.20350198
-0.22180058
0.09971231
-0.4024774
0.081903785
-0.24867426
-0.36147624
0.11642519
-0.59390724
0.10903724
-0.31513083
-0.083614916
-0.53165334
-0.13677628
-0.15958503
0.39676663
0.34534314
0.3310397
0.45935482
-0.2576045
-0.4325162
-0.008964726
-0.009395772
-0.5653128
0.13672122
0.016346186
-0.3305643
0.06997967
-0.05107698
-0.72135866
-0.9374706
0.054570895
-0.20214236
0.3421962
0.28574672
0.10533341
-0.34033924
-0.7275039
-0.19316135
-0.3377955
0.46855333
0.030078292
0.123657316
0.4739579
0.334095
0.02954474
0.6467638
-0.30302626
-0.5640508
-0.5773641
0.22155935
0.14243844
0.03590122
-0.094893456
-0.18367696
-0.12915263
0.13831407
-0.03249302
-0.09072126
0.041122973
0.66864383
0.15432788
0.16638222
-0.07591167
0.15001416
0.22550592
0.38511607
0.53692275
-0.28567126
-0.76570594
-0.1875223
-0.5563045
0.52804613
0.025542209
0.09048253
0.052159134
-0.15043612
-0.27176827
1.053963
0.40287718
0.072906055
-0.09888703
0.060148895
0.04253893
-0.97456855
0.2016199
0.4188916
-0.20335805
0.4647062
0.7134942
0.22473422
0.07964519
0.28108153
-0.31949148
0.60502994
-0.19407222
-0.08112797
0.36204317
-0.067878135
-0.013214499
0.002354517
0.25816658
-0.3292792
0.123030595
-0.53653115
0.11094546
-0.15913479
0.22778723
-0.040299922
0.46008036
0.18425119
0.23779072
0.25391296
-0.2666958
-0.025166696
0.093783155
0.035309374
-0.13033094
-0.13869306
0.07997399
-0.034837276
-0.009063712
0.42376277
0.072077185
0.12681232
-0.11106001
-0.18024133
0.23325548
0.51915556
0.251592
0.22840452
-1.4574927
-0.10157561
-1.6704447
0.06768992
-0.0973768
-0.3455303
-0.9900312
0.33821008
-0.38729164
-0.025585031
-0.448818
0.12438617
0.16094497
-0.14789997
0.6559101
-0.33152536
-0.08036511
0.44650933
0.4526503
-0.24659455
0.10695035
0.4828886
0.21226324
0.383855
-0.027307298
-0.025709728
0.1669642
-0.26762003
0.25976706
-0.33407
-0.09865785
0.2858452
0.15776728
-0.031566195
-0.17534307
0.2980018
-0.27750164
-0.068736106
0.27977452
-0.15224455
0.14975053
0.1670513
-0.2528795
0.26540577
-0.051923394
-0.04828036
-0.21543235
0.23378776
0.27558276
0.33621362
0.2162146
-0.050643016
0.39897993
-0.43291235
0.030413598
0.13921401
0.18249622
-0.29199573
0.0050005876
0.39198914
-0.45405653
-0.15663114
0.2088106
-0.07338151
0.07488532
-0.31926048
0.11036279
-0.6378564
-0.4554859
-0.17026511
0.24997249
-0.007315289
0.042367045
-0.26481572
-0.30888897
-0.17150295
-0.18601966
0.18929847
0.36749595
0.26643434
0.2041547
0.13784598
0.08830796
-0.09243298
-0.36955535
0.035420924
-0.245713
-0.23331228
-0.3773138
-0.30680087
0.14903556
-0.25976783
0.19944367
-0.25669134
0.24134795
-0.36628526
-0.13087972
0.22451816
-0.12590119
-0.055213884
0.05416548
0.06550319
-0.2224866
0.38276857
-0.36493132
0.11451155
0.053183407
-0.237907
0.174207
0.25938928
0.073839515
0.16491565
0.22190225
0.06041692
-0.01357466
0.13475627
0.0031859362
-0.027444689
0.15225545
-0.031270742
-0.27491772
0.18430513
-0.304979
0.41800457
-0.2133545
0.014666259
-0.23104158
-0.10696722
-0.054621726
0.012709906
0.048870184
0.15762797
0.098849535
0.101958625
-0.14934506
-0.33588338
0.1867167
0.14852768
-0.111890584
0.058034033
-0.12024577
0.17632908
0.23836336
0.17296198
-0.15409122
-0.2518363
-0.19266032
-0.23198864
0.21001895
0.0790441
-0.123718396
-0.04882096
-0.3643444
-0.15777287
0.25668898
0.24872674
0.10947303
-0.103189416
0.23896222
-0.24014504
-0.22857735
0.2137186
0.026817659
-0.32905796
0.2971378
-0.003765583
-0.042017065
-0.02731975
-0.041131318
0.16369422
0.09649241
-0.045626745
-0.07825768
0.11718343
-0.006942312
-0.3025453
0.03528809
-0.05009649
0.28162462
-0.30205142
0.0024708193
0.32247204
-0.027010813
0.20040566
0.04173726
-0.19813599
-0.2652307
0.043421093
0.22157283
-0.18928444
-0.24095765
-0.3012372
0.09472809
0.15454294
-0.30601192
0.18727319
-0.30836096
0.20874344
-0.16284905
-0.26883975
0.13699129
-0.26772258
-0.11308625
0.2244341
0.20160426
-0.1342498
-0.10083711
0.16423573
0.24903014
0.26979616
0.27070075
-0.31487072
-0.11704985
-0.2911551
-0.16103664
-0.16560097
-0.26030812
0.102891445
0.3500575
-0.19881691
-0.31033966
0.31405002
-0.25832194
-0.14369634
-0.3042973
0.19343767
-0.0049028345
-0.3064981
-0.17968175
-0.33251408
-0.29366693
0.05303266
0.31487396
0.17118725
-0.14760372
0.10952872
-0.31371903
0.33184537
0.050785918
0.070039585
0.15618785
-0.25593263
0.09827535
-0.28059742
-0.10215168
-0.25563267
-0.21288404
-0.073137544
0.22745563
0.1682133
0.16060904
0.19919172
0.045306593
0.1931032
-0.2520949
0.28571716
-0.042895213
-0.2858126
0.23817402
-0.1347711
-0.009731367
-0.1947086
-0.095795356
-0.20860735
0.1686617
0.21895885
-0.33219332
-0.23294155
0.038060237
0.18417656
-0.2707844
-0.03210771
-0.04586665
0.11709104
-0.34266585
0.33543053
-0.31359646
0.33692423
-0.270933
0.1707665
0.28437933
0.14524378
-0.14320567
-0.1254018
0.04657712
-0.024871051
0.24703914
0.15012614
0.14410552
0.21562971
0.24875386
0.18290381
-0.1362669
0.22589435
-0.2235505
-0.2575573
-0.32575667
-0.26151988
0.3310151
0.28452516
0.115757555
0.29353365
-0.3153418
-0.13193019
0.322399
-0.15200077
0.14419821
0.0432577
-0.33111194
0.27299878
-0.10588114
-0.23146902
-0.21672238
-0.30950713
-0.1567982
-0.054699175
0.14203422
0.28061756
-0.26284823
0.33010334
0.12832882
-0.23161191
-0.0784941
0.1844937
-0.06081091
-0.33180863
-0.32923126
-0.064737074
0.10269329
0.29054615
0.17683306
0.023015626
0.028942645
0.08609055
-0.057634346
0.1469869
-0.0278633
-0.31038418
0.14458376
-0.008799208
0.17185801
0.2934136
-0.22297668
0.3055056
0.14367278
0.34972328
-0.030289441
-0.44690698
0.054685667
0.18638867
-0.11529246
-0.2724343
0.0060198475
-0.26954356
-0.29543695
0.045031574
-0.30772915
-0.16081165
0.23721825
0.24558952
-0.32018328
-0.18372406
-0.19584511
0.24450713
0.009812924
0.08274242
0.09517254
-0.39133862
0.08313444
0.3559051
0.01213376
-0.28994933
0.084445685
-0.032112297
0.14052224
-0.10455729
0.03814289
0.25788537
0.089862585
-0.06815429
-0.07290948
0.026380988
0.02843213
0.28768942
-0.23436931
-0.30274433
-0.06022478
-0.2810282
-0.29910493
0.05093217
0.14584196
0.24139194
-0.32316428
-0.14365345
-0.124191
0.12868126
-0.23460127
0.34102485
-0.20876549
0.081814185
0.19593939
0.15076952
-0.13782257
-0.34547743
0.357436
-0.15610348
0.18463676
0.254643
-0.27137685
0.0040867548
-0.1477747
-0.35746738
-0.22013457
0.057605654
0.10916877
-0.1721591
0.1817392
0.23920102
-0.21689667
-0.19235484
-0.21256699
0.3458515
0.16427046
-0.32130885
0.54518026
-0.09045213
0.34874967
0.02338877
0.21029818
-0.08776299
0.10149771
0.19328228
-0.44998187
-0.1884392
0.12447849
-0.041049786
-0.14098904
-0.10506509
-0.53943026
0.20632932
0.014981687
-0.0011531385
0.34052965
0.08961035
0.4442981
0.10203898
0.28206924
0.26415497
0.015924186
-0.4891519
0.024459386
0.03812013
-0.39286977
-0.3400172
0.19546726
-0.17890015
-0.34043646
-0.33723953
-0.2569182
-0.18407471
0.15378278
0.103058904
-0.11089799
0.29946887
0.011031539
0.073586166
-0.00083151244
-0.17235713
-0.07413495
0.21876095
0.20961532
-1.6817791
0.20769784
-0.068667315
-0.008930832
0.37819043
-0.18701066
-0.40791616
-0.014205552
0.15127552
0.36318225
-0.60459787
-0.08794296
0.27466917
0.35478938
0.13489914
-0.020945368
-0.43942142
-0.9998827
0.008680954
-0.108990684
0.62029874
0.16563734
0.20592687
-0.876248
0.18667956
0.24652287
-0.64998066
-0.14719391
0.24031381
0.042916607
0.6133397
-0.280822
-0.6035725
-0.2034742
-0.42919484
0.33693132
0.013162924
-0.21080028
-0.081121944
-0.03604421
0.14175609
-0.30801702
0.3021003
-0.0023660362
-0.05048665
0.19039351
-0.23956558
0.48881385
0.14122215
0.32355842
-0.28242654
0.2824566
0.033129755
0.37581214
0.30983797
-0.3617108
0.091572516
0.19594386
0.29078707
0.16640016
-0.046383217
0.33051458
0.45406485
-0.11808692
-0.18574567
0.15634719
0.041126955
-0.1801005
-0.21581781
0.117467
-0.261228
0.2777802
0.18847093
0.8584782
0.2297838
0.34704193
0.0777619
0.025965046
-0.101051025
-0.19348077
0.2603926
0.05088238
-0.13747643
0.16983274
-0.33915007
-0.14955829
-0.036279336
-0.18579277
-0.3229811
-0.82841724
0.15381265
-0.35640636
0.29720268
-0.2256562
-0.122870654
0.062237155
-0.12527968
-0.016417641
-0.0041787405
0.2805831
-0.055903193
-0.33657578
-0.2278713
0.029891144
-0.1710774
0.31388113
0.18588023
0.30143538
-0.03083522
-0.08671486
-0.035835322
-0.22248879
0.044560347
0.18851373
0.10997396
0.044512272
0.3410808
0.011150334
0.16633675
0.048063934
-0.09372261
0.21777734
-0.25661194
-0.12461041
0.0044810856
0.15403838
0.30956364
0.027042866
0.09794736
0.33706757
0.033136908
-0.31393144
0.022217417
0.27437425
-0.26608008
0.10283077
-0.20592776
-0.34911808
0.10945643
0.26850682
-0.11635901
0.08680824
-0.32118428
0.045204908
0.24731436
0.33245662
-0.17937694
0.22612773
-0.26862243
-0.6244245
-0.19902563
-0.022727758
-0.055172525
-0.24973471
-0.06722075
0.26700363
-0.14922783
0.18938497
0.3027924
-0.33365494
0.038838167
-0.22484522
-0.20575824
-0.22599757
-0.30724576
-0.23874274
-0.32311437
0.21153167
0.11530212
0.06682573
-0.042838216
0.16461548
-0.2306123
-0.22053164
0.1850222
-0.40923387
0.34208816
0.19307885
0.18298508
0.34502187
0.007934867
-0.20374677
0.2311258
0.15140879
-0.13079855
-0.21698545
-0.28879303
0.07997838
-0.04703309
-0.14989492
-0.0720056
0.121570095
0.2307387
0.13000421
-0.033083685
-0.02248457
-0.21035998
0.3682672
0.20867218
0.010611504
-0.31055614
-0.19365983
-0.15866832
0.21069238
0.0840003
0.333735
0.041481525
-0.32410517
-0.32752547
-0.2591476
0.30673653
0.32416645
0.28154236
0.23212604
-0.019529253
0.15418601
-0.2282821
-0.06517926
0.24285513
-0.2999205
0.276947
0.07294558
-0.031387705
-0.13268326
-0.29931298
-0.23098311
-0.09575738
0.2083472
-0.1998105
-0.26738185
0.14403024
-0.19491395
-0.22895977
-0.042358633
-0.32452142
0.06165386
-0.2978033
0.1911596
0.1659032
0.23234321
-0.08720154
-0.19754921
-0.2768761
0.16794029
-0.16015726
-0.3127707
0.09555814
0.24685867
-0.14296767
-0.30723095
0.17330241
-0.13712132
-0.34418246
-0.19691373
-0.25082833
-0.18579495
0.21923293
-0.17847192
0.27786177
0.33580625
0.05472785
-0.26318377
-0.04932885
-0.05024178
-0.11050104
0.30687812
-0.026414787
0.008878123
-0.18963547
-0.04901995
-0.008628368
0.08184377
0.18584788
0.17112039
-0.15296873
0.26701084
-0.13650243
-0.24930854
-0.22016901
-0.18576396
-0.29352075
-0.192577
0.1738756
-0.019526243
-0.046984795
-0.20987268
0.26553103
-0.2947584
-0.22481212
0.2322196
-0.31226555
0.14913371
-0.25915635
-0.040963367
0.156356
-0.28913742
0.18018316
-0.16284388
-0.025928477
0.12572138
0.2430859
0.43046436
0.032787923
0.24715045
-0.09045845
-0.03042376
-0.36332378
0.22306015
0.11068375
0.1623019
-0.23182999
-0.32623288
-0.13596527
0.15794605
-0.28736243
-0.05711564
0.26063597
-0.34893414
0.32172707
0.17094256
0.2804805
0.078782044
0.21920878
-0.018896699
0.2667738
0.21059231
0.29636398
-0.07719305
-0.2766435
-0.14368446
0.04523584
-0.0553941
-0.21617116
0.090746194
0.22705242
0.21897352
-0.012718249
-0.33241403
0.31571898
0.16120067
0.05745051
0.34659627
0.030733647
-0.08388067
0.16550577
-0.24257861
0.06263541
0.061887562
0.33850333
0.3579832
0.051170778
0.15539798
0.11863916
-0.31632444
-0.06142085
-0.3360353
-0.2746998
0.30721346
0.31956235
0.3202668
0.32092836
0.09019822
0.23065624
-0.17200598
0.30550113
0.21265455
0.17990065
0.24113877
-0.17449684
0.010879993
-0.045885406
-0.33748874
-0.25914413
0.02581029
-0.28453836
0.032459985
-0.34835818
-0.31261268
-0.0905195
-0.29633877
-0.14617331
-0.06550562
0.22076194
-0.16777913
0.23094556
0.015606582
0.29575744
-0.18758608
-0.07365479
0.03961468
-0.18406181
0.13956606
-0.19497438
-0.017299058
0.19374797
0.063783355
-0.1565219
-0.003713382
-0.16973154
0.092061624
-0.029187884
0.25048375
-0.03718061
-0.113332376
0.10897754
-0.21910252
-0.24677716
0.16000251
-0.0039880597
-0.033653464
-0.20955977
0.08492078
0.3123078
0.27602643
-0.012886137
0.10950725
-0.17382133
0.09847495
-0.28701273
-0.08824586
0.24323235
-0.06868628
0.027822565
0.17911956
0.28263634
0.030539146
0.37082765
-0.081627704
-0.23984201
0.10663393
-0.2091304
0.030683627
-0.29035357
-0.62049544
0.5689702
-0.3046486
-0.3759019
-0.06757191
0.23663831
-0.12517355
0.05931902
0.2174167
-0.34111753
-0.021139681
-0.081968494
-0.25967965
-0.17259735
-0.5320401
0.30383924
0.11549035
0.151838
0.18823662
0.0899479
-0.19943324
-0.047864616
-0.15052988
0.21171665
0.19133535
-0.17509794
0.096102916
-0.09685813
-0.15359575
-0.76811785
-0.13925138
-0.34920728
0.01758945
-0.14703265
0.060987424
-0.023126552
-0.08309896
0.20982026
-0.17292996
-0.16960576
-0.12306889
0.18313786
0.079456
0.18869072
0.27018481
-0.15194605
-0.32704452
0.10222332
-0.05410799
0.035689738
0.13798216
0.009541688
0.16313353
0.1310412
0.23068345
-0.12020092
-0.09765706
0.20695534
-0.8591977
-0.33679336
0.113883324
-0.25131404
-0.18001911
0.3148225
-0.38778543
0.27760264
-0.22802849
-0.14736156
0.22103003
-0.10261148
-0.11811329
-0.115667984
-0.31044686
0.45936456
0.31666344
-0.25677675
-0.030461868
-0.0043649385
-0.09216038
0.26452607
-0.29928288
-0.43428022
0.25907823
-0.39922366
-0.1464598
0.31581214
0.19570753
0.1423164
-0.042636145
-0.100115135
-0.08344188
-0.20363057
-0.10293576
0.1704872
-0.2466703
0.34926882
0.31195965
-0.068542145
-0.30397508
-0.1279489
-0.2289308
-0.27304298
0.104329765
-0.051793814
0.19684967
-0.44334608
-0.12419716
-0.16487993
0.079634115
-0.23598404
-0.14098679
-0.15551572
0.26914045
-0.14485289
0.06236884
-0.1897968
0.2797463
0.13230851
-0.1141468
0.0010006076
-0.16696374
-0.09414777
-0.25252798
-0.62292606
0.3190368
-0.0021236048
0.02822111
0.32930982
-0.052531663
0.33656013
-0.124222964
0.3917326
-0.21221735
0.21207784
-0.24453942
0.2595239
0.25171286
-0.23219378
0.10038675
0.23884287
0.050127562
0.14989111
-0.3292928
0.027731566
0.1961927
0.13347878
-0.50021935
-0.5324489
0.25063244
0.21194145
-0.92115426
0.041235767
0.3559009
-0.5333157
0.07310746
0.5545597
-0.13177776
0.03235494
0.06725599
0.019983701
-0.20072933
0.08181568
-0.16493587
0.057900302
-0.4132591
0.29460528
-0.30042475
0.03248462
-0.3620813
-0.30806956
-0.22184563
-0.009455672
-0.045621537
0.08136219
0.25794858
-0.32298434
-0.31940305
0.12285282
-0.1447291
0.011024778
0.015875958
-0.08388248
-0.25708386
0.051754117
-0.08700463
0.13332395
0.06602683
0.15707983
-0.24417332
0.20585886
-0.16550878
0.12468392
0.25853464
-0.08653078
0.05355186
-0.365043
0.1114177
-0.048834488
-0.13480853
0.28987756
0.094486654
-0.1816317
-0.21621084
-0.2153837
0.041873816
0.015902752
0.103462055
0.2702411
0.27147615
-0.14903194
0.0922364
0.24440274
0.15359478
-0.07359574
-0.3919976
-0.21580851
-0.008891811
-0.049720317
-0.057500966
0.2753697
0.1003099
0.12217176
0.21323381
-0.038236406
0.2906231
0.11067147
-0.1455143
0.067947485
0.3035526
-0.21527383
-0.49413142
-0.044359565
0.11375933
-0.2559617
0.25641862
0.2319079
0.24503137
0.29108506
-0.15049423
-0.26945794
0.20987974
0.22084026
-0.26894203
0.35409722
-0.40409553
0.1595093
-0.2219082
0.26050743
-0.24153198
-0.45758992
0.16971669
-0.1834079
-0.0533235
0.25955826
-0.24299774
-0.06330559
-0.090462625
-0.017226577
0.11559039
0.09967166
0.00022933877
-0.27521348
0.23997478
-0.1146948
-0.14341466
0.17531359
0.10631906
0.07679788
0.014538734
-0.28740665
0.1669713
-0.2940693
0.24682614
0.0064957095
0.04336814
-0.33449474
0.0016303716
0.17243302
0.07828772
-0.12594543
-0.16677506
0.31740114
0.08282009
-0.061869174
-0.12085569
0.24684328
0.07397815
0.00091925194
0.2031372
0.2728345
0.0030498207
-0.10665676
0.044450305
-0.18647759
-0.36304453
-0.06395244
-0.041788355
0.20068082
-0.15813255
-0.36751097
0.09420819
-0.2583724
0.3460623
0.20725986
0.10957755
-0.22727633
-0.22337188
0.4030585
-0.3415045
-0.347954
-0.08107293
0.36246076
-0.12505858
-0.38761154
-0.20885186
0.35982335
-0.112087615
0.22081542
0.34370437
-0.18581724
0.12680979
-0.19529651
-0.076923996
0.23675255
-0.30023307
0.26291203
-0.2044293
-0.1661531
0.28691465
-0.2102664
-0.13591214
-0.33206075
-0.31275442
0.27946174
0.01693499
-0.33587906
0.17377326
0.26968977
0.0361692
0.09884488
0.37086743
0.09703517
0.34708413
0.044689406
-0.10579063
-0.28752795
-0.020833822
-0.2993061
-0.12925263
-0.009882107
-0.1551367
-0.3390587
-0.29098976
0.17950311
-0.16782014
-0.13728276
0.0012193954
0.24848385
-0.17908403
0.11886037
0.4736587
-0.31016904
-0.25243446
-0.010844821
-0.27295253
-0.1356275
-0.20406866
0.21060424
0.119448565
-0.035592474
0.12372005
0.31109717
0.12975954
0.186699
-0.3836499
0.25671104
0.068391494
0.18638511
0.2011548
0.27027935
0.05395025
-0.09493309
-0.038109336
-0.027058065
0.3252167
0.24690415
0.17580566
0.38389778
0.10938802
-0.17765829
0.13698079
-0.16609263
0.32075477
-0.2231398
0.16009541
-0.0961052
-0.099596664
-0.112360135
0.11699488
0.18218455
-0.11607812
0.07396489
-0.15360035
0.11340728
0.13454875
0.23385312
-0.077439755
-0.13583913
-0.014690071
0.39586097
0.08460456
0.2174046
0.102746874
0.062147476
0.24770205
-0.29064086
0.2717773
0.044241436
-0.023848712
-0.17747477
-0.12093243
-0.2532753
0.067224205
0.06677188
-0.2192423
-0.07592318
0.3166193
0.049587794
0.36760962
0.06970502
0.34334543
-0.08710483
0.048725516
0.08509594
-0.22595714
0.3313929
0.24643108
0.16510846
-0.15725589
0.024183275
-0.32400152
-0.09012431
0.2827744
0.15675212
0.15830475
0.2811288
0.053411227
-0.046837565
0.29912186
0.08344177
-0.2763552
-0.08991074
0.07819925
-0.19235724
0.2496955
0.1088485
-0.0076276115
0.08002867
-0.30839658
0.14484619
-0.2312004
-0.08655253
0.17770308
-0.11343759
0.013800413
0.105226316
-0.3119286
-0.021612663
-0.22374722
-0.3156502
-0.20872904
-0.061838124
-0.13750304
0.3538622
-0.06213502
-0.01070301
-0.20140454
-0.18717396
0.3067846
0.07039825
-0.08893168
0.32379252
-0.12964685
-0.18815012
0.06537254
0.24440321
0.018183202
-0.2666263
0.30983624
-0.109489776
0.24923256
-0.14688465
0.08086398
-0.16928774
0.32978567
0.15366682
-0.16491
-0.17592265
0.24844894
0.27501082
-0.20768857
0.19521847
0.13634223
0.054315902
-0.21241063
0.077735096
-0.206719
-0.13732229
-0.036799654
-0.05828196
-0.112890616
-0.20534952
-0.18258205
-0.24598694
-0.086786784
0.013266719
-0.07946256
0.08768239
-0.24013479
0.30746323
0.0376306
-0.347537
0.23850477
0.34487206
0.21879005
-0.3026345
0.26625577
-0.12460908
0.29171973
-0.26408386
-0.09185362
0.19468817
-0.23574887
-0.045126516
0.33811447
0.19673556
0.333392
0.15623999
0.1331846
-0.00811433
-0.17268254
-0.2680516
-0.38803202
-0.26346508
-0.019387633
-0.07611771
0.10081572
0.26431563
-0.122831196
-0.3440468
0.15997988
-0.016600622
0.16473205
0.10284806
0.3039834
-0.18132223
0.20033205
0.31392094
-0.070513844
0.39428642
0.079120025
-0.36119184
-0.3265839
0.42608923
-0.07095226
0.07809686
0.3130001
-0.100494966
-0.104288846
0.29428986
0.32233652
0.2589694
0.20574258
0.17846385
0.071993686
-0.05674416
0.2033095
-0.22223523
0.1558558
-0.08561515
-0.26278514
-0.17573042
-0.058518715
0.17519896
0.03071767
-0.006058508
0.03796919
-0.29589936
0.2876433
0.049060687
0.23101142
0.31958368
0.18999639
0.0715189
0.34244925
0.10981137
-0.026966127
0.40829995
-0.2452364
0.02467508
0.08014277
0.33372864
-0.120204225
0.089079484
0.060692832
0.18595403
-0.0764115
-0.39485028
-0.25544193
0.15770361
0.18613204
0.21635349
-0.24665251
-0.19066852
-0.035355877
-0.1616318
-0.17824543
0.10029141
-0.1086054
0.13051374
-0.009535593
-0.28633925
0.33112618
-0.23826356
-0.182013
-0.11957392
0.10703134
-0.2777643
0.32823494
-0.22671822
-0.15549736
0.046866376
0.24482146
0.2973963
-0.22864105
-0.15414101
0.26902613
0.14257063
0.2799228
0.4361746
0.30840474
-0.050999586
-0.019908845
0.2974741
0.19707943
0.20520245
-0.035812795
0.2309247
-0.0030698157
-0.017957816
-0.3305515
-0.015102616
0.06687077
0.16669625
0.022236373
-0.06393567
-0.16164993
-0.1578713
0.33740804
-0.27709767
-0.32409534
0.25356713
-0.23145562
0.22282368
0.22445306
0.06619778
-0.25161517
0.18811634
0.15427372
-0.15777232
0.24148545
-0.048588455
0.016579777
-0.21019143
-0.106938004
0.2089587
0.009103464
0.057910603
-0.04996246
-0.078696534
-0.5926457
-0.1493821
0.18657655
0.15269019
0.041874982
-0.10039561
0.09530017
-0.21990544
0.08172166
0.31472263
-0.20803009
-0.33833835
-0.1682161
0.011693914
-0.3650562
0.18843919
0.09375554
0.0901007
-0.2429536
-0.02743894
0.19151074
-0.23743227
-0.018872954
-0.043370858
-0.44347256
-0.13836256
-0.1378341
-0.27543953
-0.19351894
-0.024910599
-0.06379727
-0.106600724
0.2391441
0.17142819
-0.35591075
-0.5148118
0.2558792
-0.07695463
0.21392173
-0.35088006
0.2783887
0.15010388
-0.2817796
-0.030226815
0.21615328
0.082433976
-0.2068922
-0.008984387
0.14178975
-0.16930528
0.023909777
-0.27123252
0.06357683
-0.077391334
-0.1469016
-0.110979676
-0.20325711
0.35736507
-0.32322577
-0.22077852
-0.30795485
0.2474815
0.01674727
0.2679433
-0.0032591522
-0.038455803
-0.08281206
0.06158491
0.033459462
-0.06018003
-0.20842706
-0.30063182
-0.035030812
-0.09161238
-0.21538967
0.19834882
0.08777814
0.098741926
-0.22573608
0.00065106084
-0.42495376
-0.09872168
0.3115132
0.228595
-0.0033546733
0.15684423
-0.1037629
-0.20728561
-0.13546503
0.32493475
-0.11468108
-0.0041495464
0.31858012
-0.31126034
0.30920634
0.13789257
0.1849802
-0.028619505
0.13482948
-0.27250597
-0.17661932
-0.2131992
0.3958761
-0.10764778
0.23971808
0.017066658
-0.18857452
-0.35914215
-0.00282982
-0.16742957
0.14678232
0.15569359
0.018774882
0.18411118
-0.14326018
-0.3930686
0.28429055
-0.15379062
-0.25876725
-0.059692148
0.17377368
-0.10111077
0.0029184222
0.20213562
-0.16699265
-0.25633356
-0.15712023
0.009860903
0.27838802
0.1328347
-0.30386028
-0.28892544
0.14396472
0.17021479
-0.001016828
-0.059225738
-0.27086523
-0.012941383
-0.00604704
-0.37232357
0.05410018
0.02881208
0.06439118
0.12926653
-0.06712583
0.22792704
0.1722535
0.3313852
-0.0394567
0.04672807
0.31851038
0.06047836
-0.3033549
-0.3056589
0.08074101
-0.44948962
0.19507399
-0.08919892
0.10563254
-0.21336246
-0.1632451
-0.20929521
0.068071164
0.2583729
0.05572264
-0.25764212
-0.06981199
0.037891805
0.13952443
-0.1260709
-0.28665212
-0.34113905
-0.00519591
0.13356787
0.009682063
-0.110615544
0.07687495
0.08448572
0.025151646
-0.060428016
-0.052365948
-0.020941615
-0.2660914
-0.2365762
0.14751793
-0.28192803
0.05051954
0.13410896
-0.11860709
0.1286346
-0.2143644
0.03440998
-0.061655708
-0.1261567
-0.0912522
-0.1685741
-0.074590415
0.015441863
-0.1409063
-0.1788874
-0.26256415
0.13528723
0.15898386
0.08429318
-0.14407308
0.23640652
-0.023181796
0.20244
0.32458222
0.19347358
-0.30940023
0.030610451
-0.30075338
-0.01636936
-0.10278982
0.06929731
-0.32573506
0.10729791
-0.13980702
0.027446922
-0.151614
0.10790196
-0.3050786
-0.26744908
-0.21212113
0.17702866
0.26287618
-0.24596894
0.042559624
0.16108505
0.07762119
-0.002802968
-0.30639544
0.25094178
0.26149935
-0.09297484
0.22611414
-0.2236262
-0.26246417
0.29785118
-0.24935956
0.19687298
-0.19631456
-0.17681655
0.21458137
0.3118181
-0.005906121
0.20914467
-0.21244986
0.22428279
-0.077599436
-0.12503983
-0.023041263
0.09198368
0.32325083
-0.030028276
-0.2968101
-0.1311219
-0.11056867
-0.07844209
-0.14827995
0.26641765
-0.063192025
0.15321104
-0.32641834
0.3478711
0.30302867
-0.19601107
0.027477145
-0.2945653
0.0034219974
0.13197291
-0.1515619
-0.11678898
-0.12406086
0.06135206
0.16445404
-0.2808613
-0.27831608
0.15090835
0.30817875
-0.14715916
-0.31817657
-0.14350922
-0.3559652
-0.12632655
-0.30023763
-0.14203675
0.2904367
-0.19285485
-0.27314687
-0.16689135
-0.33155593
-0.3361445
-0.27893266
0.23929414
-0.20806755
0.10304441
-0.15625064
-0.0903286
-0.27900794
-0.19068868
0.35723746
0.060906496
-0.32898596
-0.29146773
-0.25059593
-0.010767952
0.15221728
0.12046537
-0.108931825
-0.24488574
-0.25468734
0.0063061337
0.24168828
0.33559653
0.24089962
-0.37355885
0.010497481
0.20257677
0.07242726
0.111521214
0.18802927
0.35078743
-0.053323187
-0.051029194
-0.24390751
-0.3550778
0.07094738
0.29622424
-0.34404
0.2872931
0.23730324
0.23197466
0.23701054
-0.32534564
0.1084422
-0.23800002
-0.2890712
0.28072527
-0.13225764
-0.33208194
0.086414725
0.07841975
-0.31897593
-0.21902491
0.02695402
-0.30515173
-0.13068864
-0.2848742
-0.14945325
-0.13948755
-0.033409778
0.084486976
0.08660453
0.28854397
0.21496671
-0.044091176
-0.022456001
-0.12296457
0.0984285
0.331576
-0.065466404
0.33661744
0.039994232
-0.20362394
-0.010270208
-0.12083182
0.22745395
0.07420857
0.23799208
0.13959396
0.2565351
0.09423768
-0.2649615
-0.17172007
-0.2875207
0.21081646
-0.1777233
0.10539727
-0.037278723
-0.033887
-0.10756282
0.14655735
0.1309678
0.23003744
0.23207004
0.30797625
-0.13105538
0.26542428
-0.22286338
0.3464553
-0.049200565
-0.08157194
0.17192534
0.45179984
-0.13614847
0.3522715
0.21666977
0.28270963
0.195636
0.1302306
-0.24042475
-0.066721894
-0.23950514
0.24069029
0.23028015
0.13534153
-0.11230366
-0.10648336
-0.18193355
0.30420455
0.21573357
0.23385216
0.15094802
0.010085197
-0.25633517
0.027314557
-0.07245032
0.016320499
-0.06073245
0.061958045
0.037984665
-0.012248854
-0.11011611
0.20706972
-0.31961662
0.16547453
-0.2991473
0.17437455
0.19000006
0.25200263
0.05531003
-0.023238488
0.2761623
-0.055293284
-0.29391065
0.068787314
-0.020781035
0.037467036
0.0059585813
0.013400163
0.0
0.011543134
0.05076048
-0.021658776
0.0
0.0
0.015673092
0.054880407
0.0
0.07749665
-0.003745015
0.007766348
0.018242698
0.0
0.0
0.009545859
0.0
0.057580367
-0.03196013
0.0
0.0028497367
-0.029364794
0.0
0.013034921
-0.0063931462
-0.02994821
0.10086814
-0.025252216
0.0
0.0
0.0
-0.01770046
0.029087726
0.11160939
-0.08524272
0.07365779
0.0
-0.022586972
-0.013920114
0.0
0.029762782
0.017599083
-0.040070213
-0.02321935
-0.02243611
-0.020172596
-0.023117682
0.0019253183
0.0
-0.021328187
-0.011121262
0.015104161
0.012578258
-0.0015125979
0.0053302986
0.022606356
-0.027186275
-0.028745623
-0.04897228
0.0
-0.038444754
0.010137841
-0.017665014
-0.020176817
0.0029702822
-0.02333736
0.0
-0.0027920064
0.060560904
-0.02091696
-0.020850444
0.037130475
0.01357632
-0.00034129075
0.021129286
-0.02672819
0.13028574
-0.11284136
0.057934
-0.09370436
-0.13518162
-0.088149466
-0.25511846
0.13503991
-0.24914518
0.17383903
-0.2688811
-0.084628224
-0.0017184019
-0.20141718
0.22641379
-0.050808806
-0.05507172
-0.0944055
-0.25334498
-0.06809311
-0.044830605
-0.1473654
0.08364886
-0.026926368
0.06682261
0.02449736
0.0062852204
-0.12848979
-0.042872574
0.04075327
-0.06679423
0.071328
0.158829
-0.21944141
0.0770511
0.23253933
-0.18257454
-0.39535064
0.3291713
-0.10274035
0.23371059
0.09501101
0.21913695
-0.046304673
-0.12914023
0.12746614
0.07153423
0.090387404
0.31809226
0.19823374
0.10320392
0.28558943
-0.11577231
0.14159918
0.076038554
-0.1957592
-0.10249896
-0.02533435
0.12432005
-0.13554218
0.06491818
-0.07386609
0.24048693
0.09730676
0.15290977
-0.0045879213
-0.047328703
0.22304706
0.08235081
0.1653531
0.2056694
0.15170126
-0.04427745
0.17987184
0.06887247
-0.17709601
-0.1219018
0.17162938
-0.1084253
0.123767
-0.017765295
